       0.000000       0.700201       0.299923      -0.000123      -0.000596      -0.000898       0.000222       0.000504
       0.050000       0.695089       0.299992       0.004974      -0.000941       0.005032       0.001010       0.001882
       0.100000       0.679912       0.300262       0.020043      -0.001951       0.010664       0.003341       0.002876
       0.150000       0.655220       0.300721       0.044537      -0.003541       0.015711       0.007052       0.003127
       0.200000       0.621905       0.301353       0.077570      -0.005577       0.019923       0.011887       0.002319
       0.250000       0.581169       0.302135       0.117944      -0.007880       0.023095       0.017504       0.000202
       0.300000       0.534480       0.303041       0.164198      -0.010238       0.025082       0.023495      -0.003393
       0.350000       0.483518       0.304040       0.214663      -0.012417       0.025807       0.029408      -0.008539
       0.400000       0.430110       0.305102       0.267517      -0.014174       0.025267       0.034771      -0.015209
       0.450000       0.376166       0.306197       0.320861      -0.015274       0.023536       0.039119      -0.023272
       0.500000       0.323604       0.307295       0.372780      -0.015501       0.020761       0.042020      -0.032494
       0.550000       0.274287       0.308371       0.421420      -0.014671       0.017161       0.043097      -0.042550
       0.600000       0.229945       0.309405       0.465052      -0.012649       0.013011       0.042055      -0.053035
       0.650000       0.192120       0.310383       0.502135      -0.009355       0.008637       0.038698      -0.063484
       0.700000       0.162108       0.311299       0.531374      -0.004772       0.004396       0.032946      -0.073392
       0.750000       0.140908       0.312152       0.551763       0.001047       0.000660       0.024840      -0.082239
       0.800000       0.129194       0.312951       0.562621       0.007978      -0.002202       0.014551      -0.089516
       0.850000       0.127287       0.313714       0.563617       0.015830      -0.003840       0.002377      -0.094752
       0.900000       0.135147       0.314462       0.554776       0.024347      -0.003947      -0.011270      -0.097541
       0.950000       0.152378       0.315225       0.536480       0.033219      -0.002271      -0.025874      -0.097562
       1.000000       0.178242       0.316038       0.509448       0.042095       0.001367      -0.040833      -0.094605
       1.050000       0.211693       0.316937       0.474708       0.050592       0.007061      -0.055491      -0.088580
       1.100000       0.251413       0.317963       0.433558       0.058317       0.014816      -0.069159      -0.079537
       1.150000       0.295869       0.319152       0.387513       0.064882       0.024536      -0.081148      -0.067662
       1.200000       0.343364       0.320542       0.338252       0.069921       0.036031      -0.090802      -0.053282
       1.250000       0.392108       0.322164       0.287549       0.073110       0.049015      -0.097528      -0.036858
       1.300000       0.440280       0.324045       0.237212       0.074184       0.063118      -0.100824      -0.018967
       1.350000       0.486101       0.326204       0.189013       0.072948       0.077898      -0.100312      -0.000285
       1.400000       0.527893       0.328651       0.144627       0.069296       0.092857      -0.095753       0.018438
       1.450000       0.564145       0.331386       0.105566       0.063215       0.107458      -0.087069       0.036404
       1.500000       0.593565       0.334402       0.073130       0.054791       0.121152      -0.074352       0.052807
       1.550000       0.615126       0.337678       0.048360       0.044213       0.133394      -0.057867       0.066859
       1.600000       0.628102       0.341187       0.032002       0.031768       0.143671      -0.038049       0.077826
       1.650000       0.632088       0.344892       0.024486       0.017837       0.151526      -0.015495       0.085065
       1.700000       0.627016       0.348747       0.025913       0.002876       0.156575       0.009062       0.088053
       1.750000       0.613148       0.352703       0.036056      -0.012588       0.158529       0.034768       0.086411
       1.800000       0.591066       0.356706       0.054374      -0.027987       0.157208       0.060687       0.079930
       1.850000       0.561642       0.360699       0.080034      -0.042723       0.152555       0.085831       0.068584
       1.900000       0.526005       0.364625       0.111953      -0.056199       0.144639       0.109200       0.052540
       1.950000       0.485494       0.368433       0.148835      -0.067837       0.133663       0.129822       0.032159
       2.000000       0.441601       0.372071       0.189227      -0.077106       0.119952       0.146794       0.007988
       2.050000       0.395918       0.375499       0.231574      -0.083541       0.103952       0.159319      -0.019256
       2.100000       0.350074       0.378683       0.274280      -0.086769       0.086212       0.166743      -0.048704
       2.150000       0.305670       0.381598       0.315768      -0.086522       0.067367       0.168586      -0.079366
       2.200000       0.264226       0.384232       0.354538      -0.082654       0.048115       0.164566      -0.110169
       2.250000       0.227117       0.386584       0.389220      -0.075152       0.029190       0.154617      -0.139991
       2.300000       0.195531       0.388663       0.418626      -0.064140       0.011338       0.138898      -0.167704
       2.350000       0.170424       0.390492       0.441790      -0.049876      -0.004716       0.117794      -0.192222
       2.400000       0.152488       0.392104       0.457996      -0.032753      -0.018294       0.091908      -0.212540
       2.450000       0.142133       0.393541       0.466807      -0.013281      -0.028794       0.062046      -0.227775
       2.500000       0.139474       0.394854       0.468065       0.007921      -0.035719       0.029186      -0.237207
       2.550000       0.144333       0.396098       0.461902       0.030153      -0.038691      -0.005549      -0.240310
       2.600000       0.156257       0.397334       0.448719       0.052653      -0.037476      -0.040933      -0.236776
       2.650000       0.174533       0.398624       0.429169       0.074628      -0.031995      -0.075680      -0.226534
       2.700000       0.198230       0.400027       0.404127       0.095278      -0.022329      -0.108494      -0.209759
       2.750000       0.226232       0.401603       0.374647       0.113831      -0.008723      -0.138117      -0.186873
       2.800000       0.257292       0.403401       0.341922       0.129571       0.008423      -0.163375      -0.158532
       2.850000       0.290079       0.405467       0.307229       0.141865       0.028562      -0.183228      -0.125610
       2.900000       0.323233       0.407834       0.271885       0.150192       0.051021      -0.196813      -0.089172
       2.950000       0.355421       0.410525       0.237189       0.154161       0.075019      -0.203476      -0.050435
       3.000000       0.385385       0.413550       0.204376       0.153535       0.099700      -0.202807      -0.010727
       3.050000       0.411990       0.416908       0.174567       0.148236       0.124160      -0.194656       0.028556
       3.100000       0.434268       0.420583       0.148735       0.138356       0.147479      -0.179146       0.066009
       3.150000       0.451450       0.424547       0.127666       0.124157       0.168760      -0.156673       0.100261
       3.200000       0.462990       0.428761       0.111935       0.106064       0.187157      -0.127900       0.130035
       3.250000       0.468582       0.433174       0.101892       0.084652       0.201915      -0.093730       0.154190
       3.300000       0.468167       0.437726       0.097653       0.060630       0.212394      -0.055284       0.171772
       3.350000       0.461926       0.442352       0.099104       0.034814       0.218096      -0.013859       0.182049
       3.400000       0.450265       0.446981       0.105913       0.008100       0.218688       0.029115       0.184543
       3.450000       0.433796       0.451539       0.117550      -0.018564       0.214017       0.072127       0.179051
       3.500000       0.413302       0.455953       0.133316      -0.044218       0.204117       0.113641       0.165660
       3.550000       0.389702       0.460154       0.152374      -0.067922       0.189211       0.152148       0.144745
       3.600000       0.364011       0.464077       0.173793      -0.088789       0.169706       0.186228       0.116961
       3.650000       0.337289       0.467665       0.196585      -0.106023       0.146183       0.214598       0.083225
       3.700000       0.310603       0.470869       0.219750      -0.118947       0.119371       0.236167       0.044682
       3.750000       0.284977       0.473655       0.242318      -0.127029       0.090132       0.250071       0.002668
       3.800000       0.261352       0.475996       0.263386      -0.129905       0.059422       0.255717      -0.041334
       3.850000       0.240552       0.477884       0.282158      -0.127392       0.028261       0.252799      -0.085751
       3.900000       0.223245       0.479320       0.297969      -0.119503      -0.002302       0.241321      -0.128973
       3.950000       0.209930       0.480322       0.310313      -0.106440      -0.031232       0.221593      -0.169412
       4.000000       0.200910       0.480918       0.318860      -0.088597      -0.057543       0.194227      -0.205562
       4.050000       0.196292       0.481150       0.323457      -0.066544      -0.080334       0.160118      -0.236054
       4.100000       0.195989       0.481070       0.324134      -0.041009      -0.098825       0.120413      -0.259705
       4.150000       0.199725       0.480737       0.321097      -0.012850      -0.112386       0.076470      -0.275567
       4.200000       0.207057       0.480219       0.314705       0.016968      -0.120560       0.029812      -0.282960
       4.250000       0.217400       0.479586       0.305456       0.047415      -0.123083      -0.017925      -0.281502
       4.300000       0.230057       0.478911       0.293953       0.077428      -0.119895      -0.065056      -0.271123
       4.350000       0.244252       0.478265       0.280879       0.105949      -0.111143      -0.109902      -0.252073
       4.400000       0.259174       0.477716       0.266956       0.131967      -0.097175      -0.150858      -0.224911
       4.450000       0.274008       0.477327       0.252914       0.154552      -0.078533      -0.186444      -0.190491
       4.500000       0.287979       0.477151       0.239455       0.172893      -0.055932      -0.215366      -0.149930
       4.550000       0.300386       0.477232       0.227220       0.186320      -0.030232      -0.236561      -0.104572
       4.600000       0.310632       0.477604       0.216761       0.194341      -0.002413      -0.249238      -0.055938
       4.650000       0.318251       0.478285       0.208514       0.196649       0.026464      -0.252906      -0.005672
       4.700000       0.322929       0.479283       0.202785       0.193141       0.055295      -0.247396       0.044515
       4.750000       0.324515       0.480589       0.199734       0.183923       0.082972      -0.232867       0.092910
       4.800000       0.323024       0.482182       0.199373       0.169302       0.108425      -0.209800       0.137857
       4.850000       0.318637       0.484029       0.201567       0.149779       0.130659      -0.178985       0.177820
       4.900000       0.311685       0.486083       0.206044       0.126030       0.148792      -0.141491       0.211436
       4.950000       0.302637       0.488289       0.212414       0.098884       0.162087      -0.098625       0.237566
       5.000000       0.292069       0.490581       0.220184       0.069292       0.169979      -0.051892       0.255336
       5.050000       0.280637       0.492890       0.228791       0.038291       0.172097      -0.002935       0.264169
       5.100000       0.269045       0.495139       0.237631       0.006969       0.168275       0.046521       0.263805
       5.150000       0.258007       0.497255       0.246088      -0.023573       0.158562       0.094733       0.254313
       5.200000       0.248212       0.499162       0.253567      -0.052264       0.143215       0.140004       0.236085
       5.250000       0.240288       0.500790       0.259528      -0.078102       0.122697       0.180740       0.209826
       5.300000       0.234772       0.502074       0.263514      -0.100186       0.097652       0.215513       0.176524
       5.350000       0.232081       0.502959       0.265172      -0.117749       0.068888       0.243109       0.137415
       5.400000       0.232489       0.503401       0.264279      -0.130192       0.037344       0.262572       0.093940
       5.450000       0.236112       0.503366       0.260751      -0.137095       0.004058       0.273237       0.047692
       5.500000       0.242901       0.502835       0.254652      -0.138240      -0.029875       0.274758       0.000355
       5.550000       0.252639       0.501802       0.246195      -0.133612      -0.063338       0.267114      -0.046352
       5.600000       0.264952       0.500277       0.235732      -0.123404      -0.095235       0.250609      -0.090741
       5.650000       0.279321       0.498282       0.223741      -0.108006      -0.124528       0.225866      -0.131215
       5.700000       0.295108       0.495855       0.210806      -0.087990      -0.150281       0.193795      -0.166323
       5.750000       0.311580       0.493043       0.197590      -0.064089      -0.171684       0.155564      -0.194814
       5.800000       0.327946       0.489905       0.184804      -0.037170      -0.188089       0.112553      -0.215680
       5.850000       0.343391       0.486509       0.173175      -0.008201      -0.199029       0.066305      -0.228191
       5.900000       0.357115       0.482929       0.163411       0.021782      -0.204236       0.018468      -0.231920
       5.950000       0.368375       0.479241       0.156162       0.051718      -0.203647      -0.029265      -0.226756
       6.000000       0.376514       0.475524       0.151994       0.080554      -0.197404      -0.075219      -0.212905
       6.050000       0.381004       0.471854       0.151350       0.107284      -0.185852      -0.117794      -0.190881
       6.100000       0.381466       0.468302       0.154532       0.130989      -0.169520      -0.155525      -0.161486
       6.150000       0.377698       0.464934       0.161678       0.150864      -0.149103      -0.187135      -0.125777
       6.200000       0.369687       0.461806       0.172747       0.166248      -0.125432      -0.211574      -0.085027
       6.250000       0.357617       0.458961       0.187520       0.176647      -0.099448      -0.228063      -0.040674
       6.300000       0.341866       0.456433       0.205597       0.181748      -0.072160      -0.236111       0.005729
       6.350000       0.322997       0.454238       0.226411       0.181432      -0.044612      -0.235537       0.052570
       6.400000       0.301737       0.452382       0.249247       0.175770      -0.017844      -0.226470       0.098244
       6.450000       0.278951       0.450854       0.273265       0.165025       0.007147      -0.209340       0.141203
       6.500000       0.255609       0.449629       0.297537       0.149635       0.029443      -0.184860       0.180014
       6.550000       0.232747       0.448670       0.321080       0.130195       0.048236      -0.153998       0.213412
       6.600000       0.211423       0.447930       0.342896       0.107438       0.062858      -0.117938       0.240340
       6.650000       0.192673       0.447349       0.362021       0.082201       0.072802      -0.078031       0.259984
       6.700000       0.177466       0.446864       0.377557       0.055397       0.077738      -0.035748       0.271803
       6.750000       0.166661       0.446403       0.388722       0.027978       0.077526       0.007377       0.275541
       6.800000       0.160964       0.445895       0.394882       0.000903       0.072215       0.049805       0.271233
       6.850000       0.160898       0.445268       0.395583      -0.024899       0.062037       0.090047       0.259199
       6.900000       0.166773       0.444454       0.390579      -0.048562       0.047401       0.126715       0.240028
       6.950000       0.178667       0.443391       0.379845      -0.069311       0.028870       0.158578       0.214551
       7.000000       0.196416       0.442026       0.363589      -0.086492       0.007142       0.184596       0.183810
       7.050000       0.219612       0.440315       0.342250      -0.099589      -0.016981       0.203962       0.149011
       7.100000       0.247617       0.438226       0.316486      -0.108244      -0.042624       0.216122       0.111481
       7.150000       0.279576       0.435741       0.287158      -0.112265      -0.068870       0.220793       0.072616
       7.200000       0.314451       0.432855       0.255296      -0.111630      -0.094800       0.217969       0.033829
       7.250000       0.351057       0.429579       0.222067      -0.106481      -0.119518       0.207914      -0.003504
       7.300000       0.388102       0.425934       0.188731      -0.097121      -0.142193       0.191149      -0.038091
       7.350000       0.424241       0.421956       0.156595      -0.083996      -0.162083       0.168424      -0.068768
       7.400000       0.458126       0.417691       0.126957      -0.067674      -0.178561       0.140688      -0.094545
       7.450000       0.488458       0.413197       0.101062      -0.048825      -0.191138       0.109052      -0.114633
       7.500000       0.514044       0.408535       0.080045      -0.028190      -0.199476       0.074738      -0.128470
       7.550000       0.533841       0.403773       0.064886      -0.006555      -0.203396       0.039035      -0.135735
       7.600000       0.547007       0.398983       0.056370       0.015279      -0.202886       0.003251      -0.136358
       7.650000       0.552933       0.394232       0.055045       0.036528      -0.198090      -0.031342      -0.130510
       7.700000       0.551275       0.389589       0.061200       0.056453      -0.189307      -0.063546      -0.118596
       7.750000       0.541974       0.385115       0.074848       0.074383      -0.176967      -0.092289      -0.101230
       7.800000       0.525261       0.380862       0.095713       0.089740      -0.161619      -0.116655      -0.079209
       7.850000       0.501658       0.376876       0.123240       0.102060      -0.143903      -0.135916      -0.053475
       7.900000       0.471963       0.373190       0.156608       0.111003      -0.124525      -0.149557      -0.025079
       7.950000       0.437219       0.369825       0.194755       0.116361      -0.104225      -0.157286       0.004865
       8.000000       0.398689       0.366791       0.236413       0.118067      -0.083755      -0.159037       0.035220
       8.050000       0.357801       0.364084       0.280155       0.116187      -0.063841      -0.154973       0.064873
       8.100000       0.316103       0.361690       0.324444       0.110918      -0.045164      -0.145464       0.092775
       8.150000       0.275203       0.359583       0.367689       0.102570      -0.028330      -0.131071       0.117977
       8.200000       0.236710       0.357729       0.408307       0.091558      -0.013853      -0.112518       0.139666
       8.250000       0.202169       0.356084       0.444779       0.078376      -0.002134      -0.090658       0.157189
       8.300000       0.173006       0.354600       0.475714       0.063578       0.006547      -0.066436       0.170072
       8.350000       0.150469       0.353227       0.499899       0.047756       0.012040      -0.040848       0.178034
       8.400000       0.135577       0.351912       0.516352       0.031513       0.014325      -0.014902       0.180987
       8.450000       0.129079       0.350604       0.524358       0.015441       0.013509       0.010423       0.179037
       8.500000       0.131423       0.349255       0.523506       0.000099       0.009817       0.034213       0.172467
       8.550000       0.142730       0.347823       0.513703      -0.014009       0.003579       0.055656       0.161724
       8.600000       0.162791       0.346273       0.495187      -0.026449      -0.004789       0.074066       0.147390
       8.650000       0.191065       0.344579       0.468522      -0.036872      -0.014802       0.088909       0.130157
       8.700000       0.226699       0.342723       0.434577      -0.045025      -0.025933       0.099815       0.110791
       8.750000       0.268552       0.340698       0.394506      -0.050756      -0.037630       0.106591       0.090101
       8.800000       0.315238       0.338506       0.349699      -0.054012      -0.049345       0.109215       0.068905
       8.850000       0.365175       0.336161       0.301741      -0.054843      -0.060554       0.107835       0.047992
       8.900000       0.416636       0.333682       0.252351      -0.053388      -0.070778       0.102754       0.028096
       8.950000       0.467820       0.331099       0.203321      -0.049871      -0.079603       0.094407       0.009864
       9.000000       0.516914       0.328447       0.156449      -0.044581      -0.086690       0.083343      -0.006163
       9.050000       0.562161       0.325763       0.113475      -0.037862      -0.091793       0.070190      -0.019570
       9.100000       0.601926       0.323090       0.076010      -0.030093      -0.094760       0.055627      -0.030080
       9.150000       0.634757       0.320470       0.045484      -0.021668      -0.095540       0.040356      -0.037554
       9.200000       0.659445       0.317943       0.023082      -0.012984      -0.094174       0.025062      -0.041998
       9.250000       0.675064       0.315547       0.009705      -0.004417      -0.090799       0.010389      -0.043546
       9.300000       0.681014       0.313315       0.005929       0.003692      -0.085628      -0.003087      -0.042455
       9.350000       0.677041       0.311273       0.011987       0.011045      -0.078942      -0.014884      -0.039080
       9.400000       0.663253       0.309441       0.027751       0.017406      -0.071074      -0.024629      -0.033858
       9.450000       0.640113       0.307833       0.052739       0.022604      -0.062389      -0.032071      -0.027278
       9.500000       0.608430       0.306450       0.086129       0.026538      -0.053269      -0.037089      -0.019860
       9.550000       0.569326       0.305291       0.126789       0.029177      -0.044089      -0.039687      -0.012124
       9.600000       0.524201       0.304344       0.173313       0.030558      -0.035203      -0.039994      -0.004563
       9.650000       0.474678       0.303593       0.224073       0.030783      -0.026927      -0.038246       0.002373
       9.700000       0.422547       0.303015       0.277281       0.030005      -0.019525      -0.034774       0.008306
       9.750000       0.369698       0.302583       0.331049       0.028420      -0.013194      -0.029980       0.012943
       9.800000       0.318054       0.302270       0.383461       0.026256      -0.008063      -0.024315       0.016086
       9.850000       0.269496       0.302047       0.432643       0.023753      -0.004184      -0.018253       0.017642
       9.900000       0.225799       0.301885       0.476831       0.021156      -0.001530      -0.012263       0.017623
       9.950000       0.188560       0.301760       0.514437       0.018697      -0.000005      -0.006786       0.016138
      10.000000       0.159144       0.301650       0.544107       0.016580       0.000553      -0.002210       0.013389
      10.050000       0.138632       0.301539       0.564771       0.014975       0.000364       0.001152       0.009655
      10.100000       0.127778       0.301417       0.575684       0.014003      -0.000313       0.003073       0.005272
      10.150000       0.126984       0.301281       0.576451       0.013736      -0.001190       0.003432       0.000615
      10.200000       0.136284       0.301133       0.567043       0.014184      -0.001969       0.002211      -0.003927
      10.250000       0.155341       0.300984       0.547801       0.015304      -0.002358      -0.000496      -0.007971
      10.300000       0.183463       0.300849       0.519418       0.016997      -0.002087      -0.004492      -0.011169
      10.350000       0.219624       0.300749       0.482915       0.019114      -0.000926      -0.009490      -0.013221
      10.400000       0.262507       0.300711       0.439609       0.021466       0.001305      -0.015123      -0.013903
      10.450000       0.310549       0.300761       0.391054       0.023833       0.004723      -0.020967      -0.013074
      10.500000       0.362000       0.300930       0.338993       0.025979       0.009373      -0.026562      -0.010691
      10.550000       0.414987       0.301245       0.285289       0.027662       0.015227      -0.031441      -0.006816
      10.600000       0.467588       0.301735       0.231857       0.028651       0.022181      -0.035149      -0.001610
      10.650000       0.517894       0.302422       0.180594       0.028740       0.030055      -0.037276       0.004662
      10.700000       0.564089       0.303324       0.133310       0.027761       0.038607      -0.037477       0.011654
      10.750000       0.604508       0.304455       0.091663       0.025593       0.047538      -0.035495       0.018941
      10.800000       0.637702       0.305819       0.057096       0.022177       0.056508      -0.031177       0.026048
      10.850000       0.662493       0.307414       0.030791       0.017518       0.065150      -0.024491       0.032471
      10.900000       0.678009       0.309231       0.013618       0.011692       0.073088      -0.015525       0.037697
      10.950000       0.683721       0.311252       0.006115       0.004843       0.079958      -0.004500       0.041236
      11.000000       0.679456       0.313452       0.008465      -0.002817       0.085421       0.008246       0.042647
      11.050000       0.665406       0.315801       0.020490      -0.011013       0.089189       0.022260       0.041558
      11.100000       0.642113       0.318264       0.041666      -0.019423       0.091033       0.036997       0.037694
      11.150000       0.610452       0.320800       0.071139      -0.027684       0.090802       0.051837       0.030894
      11.200000       0.571592       0.323369       0.107762      -0.035411       0.088433       0.066112       0.021125
      11.250000       0.526954       0.325930       0.150141      -0.042212       0.083955       0.079138       0.008489
      11.300000       0.478156       0.328444       0.196684      -0.047708       0.077497       0.090243      -0.006770
      11.350000       0.426948       0.330874       0.245664      -0.051547       0.069283       0.098797      -0.024272
      11.400000       0.375152       0.333191       0.295284      -0.053428       0.059624       0.104248      -0.043512
      11.450000       0.324588       0.335370       0.343743      -0.053109       0.048917       0.106146      -0.063874
      11.500000       0.277012       0.337395       0.389303      -0.050429       0.037619       0.104170      -0.084652
      11.550000       0.234049       0.339259       0.430348      -0.045315       0.026241       0.098146      -0.105078
      11.600000       0.197135       0.340963       0.465451      -0.037792       0.015318       0.088065      -0.124352
      11.650000       0.167463       0.342519       0.493414      -0.027986       0.005396       0.074089      -0.141675
      11.700000       0.145948       0.343948       0.513316      -0.016122      -0.003000       0.056551      -0.156280
      11.750000       0.133189       0.345278       0.524543      -0.002524      -0.009382       0.035949      -0.167472
      11.800000       0.129457       0.346544       0.526801       0.012397      -0.013324       0.012932      -0.174654
      11.850000       0.134686       0.347790       0.520129       0.028157      -0.014486      -0.011721      -0.177361
      11.900000       0.148478       0.349062       0.504890       0.044210      -0.012624      -0.037125      -0.175282
      11.950000       0.170127       0.350407       0.481752       0.059973      -0.007611      -0.062328      -0.168280
      12.000000       0.198647       0.351876       0.451660       0.074848       0.000557      -0.086341      -0.156406
      12.050000       0.232815       0.353516       0.415796       0.088241       0.011754      -0.108180      -0.139905
      12.100000       0.271217       0.355370       0.375531       0.099590       0.025728      -0.126904      -0.119210
      12.150000       0.312308       0.357476       0.332371       0.108386       0.042100      -0.141658      -0.094935
      12.200000       0.354467       0.359865       0.287900       0.114200       0.060383      -0.151708      -0.067859
      12.250000       0.396067       0.362559       0.243720       0.116696       0.079992      -0.156472      -0.038897
      12.300000       0.435527       0.365569       0.201386       0.115654       0.100265      -0.155556      -0.009070
      12.350000       0.471379       0.368896       0.162356       0.110980       0.120488      -0.148766       0.020530
      12.400000       0.502317       0.372531       0.127933       0.102714       0.139922      -0.136131       0.048780
      12.450000       0.527243       0.376451       0.099225       0.091035       0.157828      -0.117903       0.074571
      12.500000       0.545308       0.380626       0.077099       0.076256       0.173501      -0.094557       0.096852
      12.550000       0.555937       0.385013       0.062162       0.058820       0.186293      -0.066778       0.114669
      12.600000       0.558845       0.389563       0.054740       0.039282       0.195646      -0.035441       0.127207
      12.650000       0.554045       0.394219       0.054871       0.018297       0.201110      -0.001583       0.133828
      12.700000       0.541838       0.398921       0.062313      -0.003407       0.202368       0.033633       0.134094
      12.750000       0.522798       0.403605       0.076558      -0.025051       0.199250       0.068959       0.127797
      12.800000       0.497741       0.408206       0.096857      -0.045834       0.191742       0.103106       0.114968
      12.850000       0.467691       0.412663       0.122255      -0.064967       0.179994       0.134796       0.095883
      12.900000       0.433836       0.416916       0.151633      -0.081696       0.164317       0.162808       0.071062
      12.950000       0.397477       0.420913       0.183757      -0.095336       0.145171       0.186025       0.041253
      13.000000       0.359976       0.424611       0.217321      -0.105299       0.123157       0.203483       0.007407
      13.050000       0.322698       0.427976       0.251009      -0.111116       0.098995       0.214404      -0.029347
      13.100000       0.286966       0.430982       0.283539      -0.112460       0.073498       0.218239      -0.067744
      13.150000       0.254001       0.433620       0.313712      -0.109159       0.047545       0.214683      -0.106428
      13.200000       0.224883       0.435888       0.340461      -0.101209       0.022050       0.203701      -0.144000
      13.250000       0.200512       0.437801       0.362883      -0.088774      -0.002077       0.185529      -0.179067
      13.300000       0.181572       0.439382       0.380273      -0.072188      -0.023956       0.160673      -0.210299
      13.350000       0.168518       0.440668       0.392145      -0.051944      -0.042776       0.129895      -0.236473
      13.400000       0.161558       0.441704       0.398244      -0.028677      -0.057828       0.094189      -0.256528
      13.450000       0.160654       0.442543       0.398547      -0.003147      -0.068527       0.054748      -0.269601
      13.500000       0.165531       0.443245       0.393262       0.023790      -0.074443       0.012924      -0.275069
      13.550000       0.175694       0.443875       0.382807       0.051211      -0.075315      -0.029820      -0.272569
      13.600000       0.190456       0.444497       0.367786       0.078157      -0.071066      -0.071962      -0.262021
      13.650000       0.208970       0.445178       0.348965       0.103669      -0.061806      -0.111977      -0.243635
      13.700000       0.230273       0.445978       0.327228       0.126826      -0.047834      -0.148393      -0.217907
      13.750000       0.253320       0.446956       0.303540       0.146776      -0.029628      -0.179845      -0.185604
      13.800000       0.277042       0.448161       0.278906       0.162768      -0.007829      -0.205130      -0.147743
      13.850000       0.300380       0.449632       0.254328       0.174184       0.016778      -0.223250      -0.105554
      13.900000       0.322337       0.451401       0.230759       0.180562       0.043295      -0.233454      -0.060441
      13.950000       0.342013       0.453484       0.209071       0.181616       0.070738      -0.235267      -0.013928
      14.000000       0.358644       0.455886       0.190018       0.177246       0.098077      -0.228512       0.032389
      14.050000       0.371628       0.458599       0.174209       0.167547       0.124269      -0.213321       0.076903
      14.100000       0.380545       0.461601       0.162089       0.152806       0.148300      -0.190129       0.118055
      14.150000       0.385172       0.464859       0.153922       0.133496       0.169222      -0.159669       0.154390
      14.200000       0.385482       0.468328       0.149791       0.110257       0.186186      -0.122942       0.184611
      14.250000       0.381646       0.471951       0.149596       0.083879       0.198476      -0.081184       0.207630
      14.300000       0.374012       0.475667       0.153073       0.055270       0.205539      -0.035827       0.222605
      14.350000       0.363087       0.479403       0.159802       0.025427       0.207002       0.011556       0.228979
      14.400000       0.349512       0.483088       0.169241      -0.004600       0.202690       0.059304       0.226498
      14.450000       0.334022       0.486644       0.180747      -0.033747       0.192634       0.105731       0.215225
      14.500000       0.317419       0.490000       0.193617      -0.060972       0.177071       0.149183       0.195537
      14.550000       0.300523       0.493082       0.207117      -0.085297       0.156438       0.188103       0.168118
      14.600000       0.284143       0.495828       0.220519      -0.105838       0.131355       0.221084       0.133934
      14.650000       0.269032       0.498181       0.233137      -0.121844       0.102606       0.246924       0.094199
      14.700000       0.255858       0.500094       0.244357      -0.132723       0.071109       0.264669       0.050333
      14.750000       0.245170       0.501534       0.253663      -0.138059       0.037887       0.273652       0.003913
      14.800000       0.237381       0.502479       0.260664      -0.137637       0.004028       0.273514      -0.043386
      14.850000       0.232744       0.502923       0.265106      -0.131445      -0.029355       0.264223      -0.089849
      14.900000       0.231346       0.502871       0.266881      -0.119676      -0.061160       0.246074      -0.133782
      14.950000       0.233108       0.502347       0.266032      -0.102726      -0.090339       0.219677      -0.173579
      15.000000       0.237791       0.501384       0.262745      -0.081173      -0.115938       0.185944      -0.207773
      15.050000       0.245008       0.500030       0.257339      -0.055765      -0.137127       0.146046      -0.235094
      15.100000       0.254248       0.498343       0.250246      -0.027385      -0.153235       0.101382      -0.254513
      15.150000       0.264901       0.496389       0.241986       0.002974      -0.163771       0.053520      -0.265282
      15.200000       0.276289       0.494242       0.233145       0.034249      -0.168445       0.004146      -0.266960
      15.250000       0.287704       0.491979       0.224335       0.065343      -0.167177      -0.045001      -0.259428
      15.300000       0.298438       0.489679       0.216170       0.095165      -0.160099      -0.092187      -0.242897
      15.350000       0.307824       0.487419       0.209228       0.122671      -0.147553      -0.135750      -0.217895
      15.400000       0.315268       0.485273       0.204024       0.146899      -0.130074      -0.174158      -0.185256
      15.450000       0.320276       0.483307       0.200982       0.167005      -0.108377      -0.206065      -0.146079
      15.500000       0.322488       0.481578       0.200407       0.182293      -0.083322      -0.230359      -0.101698
      15.550000       0.321687       0.480133       0.202476       0.192239      -0.055891      -0.246202      -0.053629
      15.600000       0.317823       0.479004       0.207219       0.196511      -0.027145      -0.253060      -0.003513
      15.650000       0.311006       0.478211       0.214519       0.194979       0.001809      -0.250721       0.046938
      15.700000       0.301515       0.477758       0.224110       0.187718       0.029863      -0.239302       0.096008
      15.750000       0.289776       0.477633       0.235595       0.175006       0.055945      -0.219244       0.142035
      15.800000       0.276354       0.477813       0.248455       0.157314       0.079059      -0.191294       0.183472
      15.850000       0.261922       0.478256       0.262075       0.135285       0.098323      -0.156479       0.218944
      15.900000       0.247232       0.478912       0.275773       0.109711       0.112996      -0.116063       0.247293
      15.950000       0.233082       0.479717       0.288828       0.081507       0.122509      -0.071505       0.267622
      16.000000       0.220276       0.480601       0.300520       0.051672       0.126479      -0.024403       0.279322
      16.050000       0.209589       0.481488       0.310160       0.021255       0.124730       0.023566       0.282096
      16.100000       0.201726       0.482298       0.317126      -0.008682       0.117290       0.070704       0.275964
      16.150000       0.197289       0.482951       0.320899      -0.037104       0.104393       0.115357       0.261263
      16.200000       0.196745       0.483370       0.321085      -0.063038       0.086467       0.155971       0.238630
      16.250000       0.200399       0.483486       0.317442      -0.085612       0.064120       0.191151       0.208978
      16.300000       0.208374       0.483235       0.309900      -0.104078       0.038112       0.219706       0.173459
      16.350000       0.220603       0.482565       0.298565      -0.117845       0.009331       0.240697       0.133422
      16.400000       0.236823       0.481439       0.283725      -0.126494      -0.021244       0.253459       0.090363
      16.450000       0.256581       0.479829       0.265841      -0.129791      -0.052579       0.257633       0.045865
      16.500000       0.279248       0.477728       0.245538      -0.127697      -0.083622       0.253169       0.001545
      16.550000       0.304040       0.475140       0.223576      -0.120364      -0.113341       0.240324      -0.041006
      16.600000       0.330051       0.472087       0.200830      -0.108128      -0.140763       0.219656      -0.080282
      16.650000       0.356285       0.468604       0.178247      -0.091494      -0.165007       0.191992      -0.114914
      16.700000       0.381697       0.464741       0.156816      -0.071116      -0.185316       0.158402      -0.143719
      16.750000       0.405238       0.460557       0.137521      -0.047771      -0.201084       0.120150      -0.165739
      16.800000       0.425900       0.456122       0.121299      -0.022332      -0.211871       0.078651      -0.180272
      16.850000       0.442757       0.451513       0.109001       0.004272      -0.217425       0.035417      -0.186896
      16.900000       0.455013       0.446809       0.101351       0.031080      -0.217681      -0.008004      -0.185480
      16.950000       0.462033       0.442092       0.098911       0.057146      -0.212764      -0.050080      -0.176181
      17.000000       0.463378       0.437441       0.102050       0.081562      -0.202982      -0.089353      -0.159439
      17.050000       0.458830       0.432929       0.110927       0.103497      -0.188808      -0.124490      -0.135953
      17.100000       0.448406       0.428623       0.125472       0.122223      -0.170867      -0.154332      -0.106649
      17.150000       0.432364       0.424580       0.145382       0.137140      -0.149902      -0.177929      -0.072651
      17.200000       0.411201       0.420844       0.170130       0.147797      -0.126750      -0.194576      -0.035225
      17.250000       0.385638       0.417447       0.198974       0.153900      -0.102311      -0.203831       0.004259
      17.300000       0.356597       0.414406       0.230983       0.155328      -0.077507      -0.205529       0.044387
      17.350000       0.325170       0.411723       0.265068       0.152124      -0.053254      -0.199780       0.083749
      17.400000       0.292580       0.409387       0.300023       0.144499      -0.030425      -0.186961       0.120991
      17.450000       0.260131       0.407372       0.334565       0.132814      -0.009820      -0.167699       0.154865
      17.500000       0.229165       0.405641       0.367387       0.117568       0.007863      -0.142836       0.184271
      17.550000       0.201003       0.404145       0.397211       0.099374       0.022052      -0.113400       0.208295
      17.600000       0.176895       0.402827       0.422833       0.078934       0.032318      -0.080562       0.226237
      17.650000       0.157965       0.401625       0.443176       0.057014       0.038388      -0.045584       0.237632
      17.700000       0.145170       0.400473       0.457339       0.034411       0.040153      -0.009776       0.242263
      17.750000       0.139252       0.399304       0.464631       0.011924       0.037667       0.025557       0.240163
      17.800000       0.140707       0.398055       0.464606      -0.009674       0.031141       0.059161       0.231602
      17.850000       0.149759       0.396665       0.457087      -0.029665       0.020932       0.089882       0.217079
      17.900000       0.166345       0.395081       0.442179      -0.047409       0.007525       0.116704       0.197290
      17.950000       0.190110       0.393262       0.420270      -0.062369      -0.008489       0.138785       0.173104
      18.000000       0.220418       0.391173       0.392025      -0.074125      -0.026436       0.155481       0.145517
      18.050000       0.256367       0.388794       0.358363      -0.082385      -0.045590       0.166369       0.115619
      18.100000       0.296821       0.386117       0.320434      -0.086995      -0.065199       0.171252       0.084544
      18.150000       0.340447       0.383146       0.279569      -0.087938      -0.084515       0.170164       0.053433
      18.200000       0.385763       0.379897       0.237245      -0.085331      -0.102826       0.163358       0.023383
      18.250000       0.431194       0.376398       0.195021      -0.079418      -0.119476       0.151293      -0.004586
      18.300000       0.475127       0.372687       0.154487      -0.070551      -0.133893       0.134607      -0.029573
      18.350000       0.515974       0.368808       0.117200      -0.059180      -0.145607       0.114088      -0.050821
      18.400000       0.552235       0.364815       0.084627      -0.045826      -0.154265       0.090639      -0.067745
      18.450000       0.582552       0.360762       0.058088      -0.031064      -0.159640       0.065238      -0.079945
      18.500000       0.605766       0.356708       0.038700      -0.015496      -0.161637       0.038898      -0.087218
      18.550000       0.620962       0.352708       0.027333       0.000273      -0.160290       0.012626      -0.089554
      18.600000       0.627511       0.348817       0.024577       0.015656      -0.155760      -0.012614      -0.087134
      18.650000       0.625092       0.345084       0.030708       0.030110      -0.148320      -0.035943      -0.080311
      18.700000       0.613716       0.341550       0.045679       0.043152      -0.138341      -0.056591      -0.069593
      18.750000       0.593724       0.338249       0.069115       0.054374      -0.126277      -0.073930      -0.055614
      18.800000       0.565782       0.335206       0.100320       0.063461      -0.112637      -0.087488      -0.039102
      18.850000       0.530857       0.332435       0.138301       0.070195      -0.097968      -0.096968      -0.020851
      18.900000       0.490190       0.329942       0.181803       0.074459      -0.082831      -0.102246      -0.001681
      18.950000       0.445247       0.327722       0.229348       0.076240      -0.067773      -0.103371       0.017592
      19.000000       0.397670       0.325760       0.279289       0.075622      -0.053310      -0.100560       0.036192
      19.050000       0.349215       0.324037       0.329870       0.072780      -0.039904      -0.094175       0.053415
      19.100000       0.301691       0.322524       0.379293       0.067966      -0.027947      -0.084704       0.068649
      19.150000       0.256892       0.321187       0.425777       0.061495      -0.017747      -0.072736       0.081399
      19.200000       0.216525       0.319993       0.467630       0.053731      -0.009520      -0.058929       0.091304
      19.250000       0.182154       0.318904       0.503313       0.045066      -0.003383      -0.043980       0.098140
      19.300000       0.155133       0.317885       0.531494       0.035902       0.000646      -0.028592       0.101827
      19.350000       0.136558       0.316902       0.551104       0.026637       0.002642      -0.013443       0.102425
      19.400000       0.127221       0.315925       0.561374       0.017643       0.002769       0.000843       0.100123
      19.450000       0.127582       0.314931       0.561873       0.009251       0.001268       0.013720       0.095221
      19.500000       0.137745       0.313903       0.552518       0.001743      -0.001562       0.024745       0.088117
      19.550000       0.157455       0.312829       0.533586      -0.004662      -0.005374       0.033590       0.079277
      19.600000       0.186102       0.311707       0.505703      -0.009815      -0.009797       0.040052       0.069213
      19.650000       0.222745       0.310540       0.469825      -0.013636      -0.014451       0.044057       0.058455
      19.700000       0.266139       0.309339       0.427203      -0.016118      -0.018968       0.045661       0.047524
      19.750000       0.314788       0.308121       0.379340      -0.017321      -0.023008       0.045034       0.036908
      19.800000       0.366988       0.306908       0.327936      -0.017367      -0.026276       0.042453       0.027038
      19.850000       0.420901       0.305724       0.274827      -0.016426      -0.028534       0.038281       0.018271
      19.900000       0.474610       0.304597       0.221918      -0.014709      -0.029613       0.032942       0.010872
      19.950000       0.526201       0.303555       0.171113      -0.012453      -0.029415       0.026901       0.005006
      20.000000       0.573823       0.302625       0.124246      -0.009907      -0.027923       0.020635       0.000733
