  1.209442   1.000000   0.000000  -0.000000  -0.000012
  2.418884   1.000000   0.000000  -0.000001  -0.000026
  3.628326   1.000000   0.000000  -0.000004  -0.000044
  4.837769   1.000000   0.000000  -0.000007  -0.000066
  6.047211   1.000000   0.000000  -0.000012  -0.000094
  7.256653   1.000000   0.000000  -0.000018  -0.000129
  8.466095   1.000000   0.000000  -0.000027  -0.000172
  9.675537   1.000000   0.000000  -0.000039  -0.000226
 10.884979   1.000000   0.000000  -0.000055  -0.000293
 12.094421   1.000000   0.000000  -0.000075  -0.000377
 13.303863   0.999999   0.000001  -0.000100  -0.000482
 14.513306   0.999999   0.000001  -0.000133  -0.000613
 15.722748   0.999999   0.000001  -0.000174  -0.000777
 16.932190   0.999998   0.000002  -0.000227  -0.000982
 18.141632   0.999996   0.000004  -0.000293  -0.001239
 19.351074   0.999994   0.000006  -0.000377  -0.001561
 20.560516   0.999991   0.000009  -0.000482  -0.001965
 21.769958   0.999985   0.000015  -0.000615  -0.002471
 22.979400   0.999977   0.000023  -0.000781  -0.003105
 24.188843   0.999963   0.000037  -0.000991  -0.003900
 25.398285   0.999942   0.000058  -0.001254  -0.004898
 26.607727   0.999907   0.000093  -0.001584  -0.006150
 27.817169   0.999853   0.000147  -0.001998  -0.007721
 29.026611   0.999768   0.000232  -0.002518  -0.009693
 30.236053   0.999633   0.000367  -0.003171  -0.012165
 31.445495   0.999419   0.000581  -0.003990  -0.015264
 32.654937   0.999082   0.000918  -0.005018  -0.019144
 33.864380   0.998551   0.001449  -0.006307  -0.023996
 35.073822   0.997718   0.002282  -0.007922  -0.030045
 36.283264   0.996419   0.003581  -0.009942  -0.037558
 37.492706   0.994411   0.005589  -0.012464  -0.046831
 38.702148   0.991340   0.008660  -0.015603  -0.058180
 39.911590   0.986710   0.013290  -0.019493  -0.071899
 41.121032   0.979857   0.020143  -0.024283  -0.088210
 42.330474   0.969940   0.030060  -0.030131  -0.107175
 43.539917   0.955962   0.044038  -0.037193  -0.128589
 44.749359   0.936859   0.063141  -0.045600  -0.151865
 45.958801   0.911645   0.088355  -0.055433  -0.175940
 47.168243   0.879630   0.120370  -0.066697  -0.199243
 48.377685   0.840672   0.159328  -0.079287  -0.219774
 49.587127   0.795402   0.204598  -0.092970  -0.235319
 50.796569   0.745354   0.254646  -0.107384  -0.243784
 52.006011   0.692910   0.307090  -0.122051  -0.243605
 53.215454   0.641052   0.358948  -0.136429  -0.234125
 54.424896   0.592918   0.407082  -0.149969  -0.215819
 55.634338   0.551292   0.448708  -0.162183  -0.190297
 56.843780   0.518131   0.481869  -0.172709  -0.160042
 58.053222   0.494275   0.505725  -0.181351  -0.127969
 59.262664   0.479404   0.520596  -0.188086  -0.096903
 60.472106   0.472239   0.527761  -0.193046  -0.069121
 61.681548   0.470914   0.529086  -0.196476  -0.046075
 62.890991   0.473391   0.526609  -0.198682  -0.028325
 64.100433   0.477820   0.522180  -0.199977  -0.015663
 65.309875   0.482770   0.517230  -0.200648  -0.007359
 66.519317   0.487305   0.512695  -0.200928  -0.002428
 67.728759   0.490952   0.509048  -0.200987   0.000131
 68.938201   0.493581   0.506419  -0.200942   0.001182
 70.147643   0.495280   0.504720  -0.200862   0.001383
 71.357085   0.496234   0.503766  -0.200784   0.001173
 72.566528   0.496643   0.503357  -0.200724   0.000813
 73.775970   0.496677   0.503323  -0.200687   0.000430
 74.985412   0.496456   0.503544  -0.200672   0.000069
 76.194854   0.496051   0.503949  -0.200678  -0.000275
 77.404296   0.495496   0.504504  -0.200705  -0.000624
 78.613738   0.494797   0.505203  -0.200754  -0.001009
 79.823180   0.493949   0.506051  -0.200828  -0.001459
 81.032623   0.492939   0.507061  -0.200931  -0.002001
 82.242065   0.491757   0.508243  -0.201070  -0.002662
 83.451507   0.490398   0.509602  -0.201253  -0.003467
 84.660949   0.488863   0.511137  -0.201490  -0.004443
 85.870391   0.487160   0.512840  -0.201790  -0.005621
 87.079833   0.485301   0.514699  -0.202169  -0.007034
 88.289275   0.483303   0.516697  -0.202640  -0.008713
 89.498717   0.481186   0.518814  -0.203220  -0.010690
 90.708160   0.478971   0.521029  -0.203929  -0.012991
 91.917602   0.476680   0.523320  -0.204786  -0.015637
 93.127044   0.474338   0.525662  -0.205813  -0.018640
 94.336486   0.471970   0.528030  -0.207030  -0.022004
 95.545928   0.469600   0.530400  -0.208460  -0.025723
 96.755370   0.467254   0.532746  -0.210124  -0.029780
 97.964812   0.464954   0.535046  -0.212040  -0.034153
 99.174254   0.462723   0.537277  -0.214228  -0.038811
100.383697   0.460580   0.539420  -0.216702  -0.043718
101.593139   0.458543   0.541457  -0.219478  -0.048833
102.802581   0.456625   0.543375  -0.222566  -0.054111
104.012023   0.454835   0.545165  -0.225974  -0.059505
105.221465   0.453180   0.546820  -0.229708  -0.064970
106.430907   0.451663   0.548337  -0.233770  -0.070455
107.640349   0.450282   0.549718  -0.238162  -0.075916
108.849791   0.449037   0.550963  -0.242879  -0.081305
110.059234   0.447921   0.552079  -0.247916  -0.086580
111.268676   0.446929   0.553071  -0.253265  -0.091698
112.478118   0.446052   0.553948  -0.258916  -0.096620
113.687560   0.445281   0.554719  -0.264855  -0.101311
114.897002   0.444609   0.555391  -0.271068  -0.105736
116.106444   0.444025   0.555975  -0.277538  -0.109865
117.315886   0.443520   0.556480  -0.284245  -0.113671
118.525328   0.443087   0.556913  -0.291171  -0.117128
119.734771   0.442716   0.557284  -0.298293  -0.120214
120.944213   0.442400   0.557600  -0.305589  -0.122910
122.153655   0.442133   0.557867  -0.313034  -0.125199
123.363097   0.441907   0.558093  -0.320604  -0.127067
124.572539   0.441717   0.558283  -0.328274  -0.128503
125.781981   0.441558   0.558442  -0.336016  -0.129496
126.991423   0.441425   0.558575  -0.343804  -0.130040
128.200865   0.441314   0.558686  -0.351612  -0.130130
129.410308   0.441222   0.558778  -0.359411  -0.129763
130.619750   0.441147   0.558853  -0.367174  -0.128938
131.829192   0.441084   0.558916  -0.374874  -0.127658
133.038634   0.441033   0.558967  -0.382484  -0.125924
134.248076   0.440991   0.559009  -0.389976  -0.123742
135.457518   0.440957   0.559043  -0.397324  -0.121118
136.666960   0.440929   0.559071  -0.404502  -0.118063
137.876402   0.440906   0.559094  -0.411483  -0.114585
139.085845   0.440888   0.559112  -0.418244  -0.110698
140.295287   0.440873   0.559127  -0.424759  -0.106414
141.504729   0.440861   0.559139  -0.431006  -0.101748
142.714171   0.440852   0.559148  -0.436961  -0.096718
143.923613   0.440844   0.559156  -0.442605  -0.091340
145.133055   0.440838   0.559162  -0.447916  -0.085635
146.342497   0.440833   0.559167  -0.452875  -0.079622
147.551939   0.440830   0.559170  -0.457465  -0.073323
148.761382   0.440827   0.559173  -0.461668  -0.066761
149.970824   0.440824   0.559176  -0.465471  -0.059959
