  1.209442   1.000000   0.000000  -0.000004  -0.000002
  2.418884   1.000000   0.000000  -0.000005   0.000000
  3.628326   1.000000   0.000000  -0.000008  -0.000003
  4.837769   1.000000   0.000000  -0.000017  -0.000003
  6.047211   1.000000   0.000000  -0.000025  -0.000005
  7.256653   1.000000   0.000000  -0.000046  -0.000011
  8.466095   1.000000   0.000000  -0.000075  -0.000013
  9.675537   1.000000   0.000000  -0.000122  -0.000025
 10.884979   1.000000   0.000000  -0.000200  -0.000037
 12.094421   1.000000   0.000000  -0.000314  -0.000057
 13.303863   0.999999   0.000001  -0.000495  -0.000088
 14.513306   0.999998   0.000002  -0.000762  -0.000128
 15.722748   0.999996   0.000004  -0.001155  -0.000191
 16.932190   0.999992   0.000008  -0.001730  -0.000272
 18.141632   0.999983   0.000017  -0.002543  -0.000385
 19.351074   0.999967   0.000033  -0.003690  -0.000538
 20.560516   0.999937   0.000063  -0.005267  -0.000732
 21.769958   0.999884   0.000116  -0.007403  -0.000987
 22.979400   0.999791   0.000209  -0.010251  -0.001301
 24.188843   0.999635   0.000365  -0.013969  -0.001687
 25.398285   0.999377   0.000623  -0.018752  -0.002153
 26.607727   0.998967   0.001033  -0.024787  -0.002697
 27.817169   0.998325   0.001675  -0.032282  -0.003338
 29.026611   0.997332   0.002668  -0.041457  -0.004091
 30.236053   0.995801   0.004199  -0.052551  -0.005023
 31.445495   0.993393   0.006607  -0.065880  -0.006284
 32.654937   0.989477   0.010523  -0.081837  -0.008178
 33.864380   0.982868   0.017132  -0.100899  -0.011270
 35.073822   0.971461   0.028539  -0.123491  -0.016388
 36.283264   0.951933   0.048067  -0.149646  -0.024476
 37.492706   0.919804   0.080196  -0.178578  -0.036128
 38.702148   0.870324   0.129676  -0.208337  -0.050848
 39.911590   0.800333   0.199667  -0.235978  -0.066439
 41.121032   0.710621   0.289379  -0.258427  -0.079079
 42.330474   0.607599   0.392401  -0.273680  -0.084354
 43.539917   0.503096   0.496904  -0.281607  -0.078951
 44.749359   0.411896   0.588104  -0.283607  -0.062079
 45.958801   0.347981   0.652019  -0.281265  -0.035818
 47.168243   0.321015   0.678985  -0.274996  -0.004457
 48.377685   0.334166   0.665834  -0.263815   0.026643
 49.587127   0.383600   0.616400  -0.246560   0.052223
 50.796569   0.459473   0.540527  -0.223482   0.068245
 52.006011   0.548251   0.451749  -0.196844   0.072958
 53.215454   0.636036   0.363964  -0.169961   0.067506
 54.424896   0.711959   0.288041  -0.145499   0.055418
 55.634338   0.770312   0.229688  -0.124469   0.041095
 56.843780   0.810620   0.189380  -0.106400   0.028132
 58.053222   0.835975   0.164025  -0.090286   0.018349
 59.262664   0.850779   0.149221  -0.075415   0.011915
 60.472106   0.859042   0.140958  -0.061601   0.008071
 61.681548   0.863620   0.136380  -0.049008   0.005855
 62.890991   0.866228   0.133772  -0.037853   0.004527
 64.100433   0.867780   0.132220  -0.028243   0.003632
 65.309875   0.868729   0.131271  -0.020165   0.002950
 66.519317   0.869307   0.130693  -0.013509   0.002387
 67.728759   0.869644   0.130356  -0.008134   0.001901
 68.938201   0.869819   0.130181  -0.003886   0.001486
 70.147643   0.869889   0.130111  -0.000604   0.001131
 71.357085   0.869892   0.130108   0.001853   0.000832
 72.566528   0.869854   0.130146   0.003633   0.000590
 73.775970   0.869795   0.130205   0.004861   0.000393
 74.985412   0.869726   0.130274   0.005650   0.000241
 76.194854   0.869655   0.130345   0.006105   0.000124
 77.404296   0.869586   0.130414   0.006302   0.000037
 78.613738   0.869522   0.130478   0.006315  -0.000024
 79.823180   0.869464   0.130536   0.006196  -0.000069
 81.032623   0.869413   0.130587   0.005986  -0.000095
 82.242065   0.869368   0.130632   0.005724  -0.000112
 83.451507   0.869329   0.130671   0.005425  -0.000122
 84.660949   0.869297   0.130703   0.005114  -0.000122
 85.870391   0.869270   0.130730   0.004801  -0.000122
 87.079833   0.869249   0.130751   0.004491  -0.000116
 88.289275   0.869233   0.130767   0.004196  -0.000110
 89.498717   0.869222   0.130778   0.003913  -0.000103
 90.708160   0.869216   0.130784   0.003648  -0.000093
 91.917602   0.869214   0.130786   0.003401  -0.000086
 93.127044   0.869216   0.130784   0.003170  -0.000076
 94.336486   0.869222   0.130778   0.002959  -0.000068
 95.545928   0.869232   0.130768   0.002762  -0.000061
 96.755370   0.869246   0.130754   0.002582  -0.000052
 97.964812   0.869262   0.130738   0.002417  -0.000047
 99.174254   0.869280   0.130720   0.002264  -0.000040
100.383697   0.869300   0.130700   0.002126  -0.000034
101.593139   0.869322   0.130678   0.001998  -0.000031
102.802581   0.869344   0.130656   0.001882  -0.000025
104.012023   0.869365   0.130635   0.001776  -0.000023
105.221465   0.869387   0.130613   0.001677  -0.000020
106.430907   0.869407   0.130593   0.001590  -0.000018
107.640349   0.869425   0.130575   0.001507  -0.000018
108.849791   0.869442   0.130558   0.001432  -0.000015
110.059234   0.869456   0.130544   0.001364  -0.000016
111.268676   0.869468   0.130532   0.001299  -0.000015
112.478118   0.869478   0.130522   0.001243  -0.000015
113.687560   0.869485   0.130515   0.001188  -0.000016
114.897002   0.869490   0.130510   0.001138  -0.000015
116.106444   0.869493   0.130507   0.001093  -0.000016
117.315886   0.869494   0.130506   0.001048  -0.000016
118.525328   0.869492   0.130508   0.001009  -0.000015
119.734771   0.869490   0.130510   0.000971  -0.000017
120.944213   0.869486   0.130514   0.000936  -0.000015
122.153655   0.869480   0.130520   0.000904  -0.000016
123.363097   0.869474   0.130526   0.000872  -0.000016
124.572539   0.869467   0.130533   0.000845  -0.000015
125.781981   0.869460   0.130540   0.000817  -0.000016
126.991423   0.869452   0.130548   0.000791  -0.000014
128.200865   0.869444   0.130556   0.000768  -0.000014
129.410308   0.869437   0.130563   0.000744  -0.000014
130.619750   0.869429   0.130571   0.000725  -0.000012
131.829192   0.869421   0.130579   0.000704  -0.000013
133.038634   0.869414   0.130586   0.000686  -0.000010
134.248076   0.869407   0.130593   0.000670  -0.000011
135.457518   0.869401   0.130599   0.000652  -0.000010
136.666960   0.869395   0.130605   0.000638  -0.000008
137.876402   0.869390   0.130610   0.000624  -0.000009
139.085845   0.869386   0.130614   0.000610  -0.000006
140.295287   0.869383   0.130617   0.000600  -0.000006
141.504729   0.869380   0.130620   0.000587  -0.000006
142.714171   0.869379   0.130621   0.000578  -0.000003
143.923613   0.869378   0.130622   0.000568  -0.000005
145.133055   0.869377   0.130623   0.000558  -0.000002
146.342497   0.869378   0.130622   0.000552  -0.000002
147.551939   0.869379   0.130621   0.000542  -0.000002
148.761382   0.869381   0.130619   0.000537   0.000000
149.970824   0.869383   0.130617   0.000530  -0.000001
