  1.209442   1.000000   0.000000  -0.000214   0.000012
  2.418884   1.000000   0.000000  -0.000267   0.000026
  3.628326   1.000000   0.000000  -0.000333   0.000044
  4.837769   1.000000   0.000000  -0.000415   0.000066
  6.047211   0.999999   0.000001  -0.000517   0.000094
  7.256653   0.999999   0.000001  -0.000644   0.000129
  8.466095   0.999998   0.000002  -0.000803   0.000172
  9.675537   0.999998   0.000002  -0.001001   0.000226
 10.884979   0.999996   0.000004  -0.001250   0.000293
 12.094421   0.999994   0.000006  -0.001561   0.000377
 13.303863   0.999991   0.000009  -0.001950   0.000482
 14.513306   0.999986   0.000014  -0.002439   0.000613
 15.722748   0.999978   0.000022  -0.003051   0.000777
 16.932190   0.999965   0.000035  -0.003819   0.000982
 18.141632   0.999945   0.000055  -0.004781   0.001239
 19.351074   0.999913   0.000087  -0.005988   0.001561
 20.560516   0.999864   0.000136  -0.007501   0.001965
 21.769958   0.999786   0.000214  -0.009396   0.002471
 22.979400   0.999664   0.000336  -0.011769   0.003105
 24.188843   0.999476   0.000524  -0.014733   0.003900
 25.398285   0.999184   0.000816  -0.018430   0.004898
 26.607727   0.998737   0.001263  -0.023023   0.006150
 27.817169   0.998061   0.001939  -0.028706   0.007721
 29.026611   0.997050   0.002950  -0.035694   0.009693
 30.236053   0.995562   0.004438  -0.044216   0.012165
 31.445495   0.993412   0.006588  -0.054506   0.015264
 32.654937   0.990367   0.009633  -0.066770   0.019144
 33.864380   0.986153   0.013847  -0.081162   0.023996
 35.073822   0.980459   0.019541  -0.097732   0.030045
 36.283264   0.972966   0.027034  -0.116382   0.037558
 37.492706   0.963374   0.036626  -0.136807   0.046831
 38.702148   0.951443   0.048557  -0.158443   0.058180
 39.911590   0.937039   0.062961  -0.180426   0.071899
 41.121032   0.920179   0.079821  -0.201575   0.088210
 42.330474   0.901053   0.098947  -0.220413   0.107175
 43.539917   0.880046   0.119954  -0.235242   0.128589
 44.749359   0.857720   0.142280  -0.244281   0.151865
 45.958801   0.834779   0.165221  -0.245881   0.175940
 47.168243   0.812007   0.187993  -0.238794   0.199243
 48.377685   0.790197   0.209803  -0.222467   0.219774
 49.587127   0.770073   0.229927  -0.197288   0.235319
 50.796569   0.752219   0.247781  -0.164710   0.243784
 52.006011   0.737029   0.262971  -0.127184   0.243605
 53.215454   0.724678   0.275322  -0.087868   0.234125
 54.424896   0.715132   0.284868  -0.050156   0.215819
 55.634338   0.708172   0.291828  -0.017118   0.190297
 56.843780   0.703442   0.296558   0.008998   0.160042
 58.053222   0.700514   0.299486   0.027081   0.127969
 59.262664   0.698941   0.301059   0.037219   0.096903
 60.472106   0.698307   0.301693   0.040495   0.069121
 61.681548   0.698260   0.301740   0.038623   0.046075
 62.890991   0.698530   0.301470   0.033519   0.028325
 64.100433   0.698928   0.301072   0.026937   0.015663
 65.309875   0.699336   0.300664   0.020234   0.007359
 66.519317   0.699691   0.300309   0.014277   0.002428
 67.728759   0.699971   0.300029   0.009485  -0.000131
 68.938201   0.700175   0.299825   0.005931  -0.001182
 70.147643   0.700315   0.299685   0.003477  -0.001383
 71.357085   0.700406   0.299594   0.001889  -0.001173
 72.566528   0.700463   0.299537   0.000917  -0.000813
 73.775970   0.700497   0.299503   0.000345  -0.000430
 74.985412   0.700519   0.299481   0.000006  -0.000069
 76.194854   0.700536   0.299464  -0.000217   0.000275
 77.404296   0.700551   0.299449  -0.000405   0.000624
 78.613738   0.700571   0.299429  -0.000615   0.001009
 79.823180   0.700602   0.299398  -0.000891   0.001459
 81.032623   0.700652   0.299348  -0.001281   0.002001
 82.242065   0.700733   0.299267  -0.001835   0.002662
 83.451507   0.700862   0.299138  -0.002616   0.003467
 84.660949   0.701065   0.298935  -0.003695   0.004443
 85.870391   0.701375   0.298625  -0.005152   0.005621
 87.079833   0.701834   0.298166  -0.007064   0.007034
 88.289275   0.702494   0.297506  -0.009506   0.008713
 89.498717   0.703414   0.296586  -0.012535   0.010690
 90.708160   0.704657   0.295343  -0.016186   0.012991
 91.917602   0.706285   0.293715  -0.020465   0.015637
 93.127044   0.708354   0.291646  -0.025340   0.018640
 94.336486   0.710909   0.289091  -0.030738   0.022004
 95.545928   0.713972   0.286028  -0.036552   0.025723
 96.755370   0.717544   0.282456  -0.042637   0.029780
 97.964812   0.721598   0.278402  -0.048824   0.034153
 99.174254   0.726079   0.273921  -0.054924   0.038811
100.383697   0.730906   0.269094  -0.060749   0.043718
101.593139   0.735982   0.264018  -0.066113   0.048833
102.802581   0.741193   0.258807  -0.070852   0.054111
104.012023   0.746424   0.253576  -0.074828   0.059505
105.221465   0.751560   0.248440  -0.077936   0.064970
106.430907   0.756500   0.243500  -0.080105   0.070455
107.640349   0.761158   0.238842  -0.081299   0.075916
108.849791   0.765467   0.234533  -0.081515   0.081305
110.059234   0.769381   0.230619  -0.080774   0.086580
111.268676   0.772878   0.227122  -0.079120   0.091698
112.478118   0.775950   0.224050  -0.076612   0.096620
113.687560   0.778608   0.221392  -0.073318   0.101311
114.897002   0.780874   0.219126  -0.069313   0.105736
116.106444   0.782779   0.217221  -0.064671   0.109865
117.315886   0.784359   0.215641  -0.059468   0.113671
118.525328   0.785653   0.214347  -0.053775   0.117128
119.734771   0.786699   0.213301  -0.047657   0.120214
120.944213   0.787535   0.212465  -0.041178   0.122910
122.153655   0.788194   0.211806  -0.034395   0.125199
123.363097   0.788708   0.211292  -0.027361   0.127067
124.572539   0.789104   0.210896  -0.020126   0.128503
125.781981   0.789404   0.210596  -0.012736   0.129496
126.991423   0.789629   0.210371  -0.005232   0.130040
128.200865   0.789794   0.210206   0.002346   0.130130
129.410308   0.789913   0.210087   0.009958   0.129763
130.619750   0.789997   0.210003   0.017570   0.128938
131.829192   0.790054   0.209946   0.025148   0.127658
133.038634   0.790090   0.209910   0.032658   0.125924
134.248076   0.790112   0.209888   0.040069   0.123742
135.457518   0.790124   0.209876   0.047351   0.121118
136.666960   0.790128   0.209872   0.054475   0.118063
137.876402   0.790127   0.209873   0.061413   0.114585
139.085845   0.790122   0.209878   0.068138   0.110698
140.295287   0.790116   0.209884   0.074625   0.106414
141.504729   0.790108   0.209892   0.080848   0.101748
142.714171   0.790100   0.209900   0.086784   0.096718
143.923613   0.790093   0.209907   0.092412   0.091340
145.133055   0.790085   0.209915   0.097710   0.085635
146.342497   0.790078   0.209922   0.102659   0.079622
147.551939   0.790071   0.209929   0.107240   0.073323
148.761382   0.790065   0.209935   0.111437   0.066761
149.970824   0.790060   0.209940   0.115234   0.059959
