      0.0060     0.999368     0.000632    -0.000181     0.000027
      0.1270     0.999368     0.000632    -0.000182    -0.000018
      0.2479     0.999368     0.000632    -0.000172    -0.000062
      0.3689     0.999368     0.000632    -0.000151    -0.000102
      0.4898     0.999368     0.000632    -0.000121    -0.000136
      0.6108     0.999368     0.000632    -0.000084    -0.000161
      0.7317     0.999368     0.000632    -0.000042    -0.000176
      0.8527     0.999368     0.000632     0.000003    -0.000180
      0.9736     0.999368     0.000632     0.000048    -0.000173
      1.0945     0.999368     0.000632     0.000089    -0.000156
      1.2155     0.999368     0.000632     0.000125    -0.000128
      1.3364     0.999368     0.000632     0.000152    -0.000092
      1.4574     0.999368     0.000632     0.000170    -0.000051
      1.5783     0.999368     0.000632     0.000178    -0.000007
      1.6993     0.999368     0.000632     0.000173     0.000039
      1.8202     0.999368     0.000632     0.000158     0.000081
      1.9412     0.999368     0.000632     0.000133     0.000119
      2.0621     0.999368     0.000632     0.000100     0.000149
      2.1830     0.999368     0.000632     0.000059     0.000170
      2.3040     0.999368     0.000632     0.000015     0.000181
      2.4249     0.999368     0.000632    -0.000030     0.000180
      2.5459     0.999368     0.000632    -0.000074     0.000169
      2.6668     0.999368     0.000632    -0.000114     0.000147
      2.7878     0.999368     0.000632    -0.000147     0.000115
      2.9087     0.999368     0.000632    -0.000171     0.000077
      3.0297     0.999368     0.000632    -0.000185     0.000034
      3.1506     0.999368     0.000632    -0.000188    -0.000011
      3.2715     0.999368     0.000632    -0.000180    -0.000055
      3.3925     0.999368     0.000632    -0.000161    -0.000096
      3.5134     0.999368     0.000632    -0.000132    -0.000130
      3.6344     0.999368     0.000632    -0.000096    -0.000157
      3.7553     0.999368     0.000632    -0.000055    -0.000173
      3.8763     0.999368     0.000632    -0.000011    -0.000179
      3.9972     0.999368     0.000632     0.000034    -0.000173
      4.1182     0.999368     0.000632     0.000075    -0.000157
      4.2391     0.999368     0.000632     0.000111    -0.000130
      4.3600     0.999368     0.000632     0.000140    -0.000095
      4.4810     0.999368     0.000632     0.000158    -0.000055
      4.6019     0.999368     0.000632     0.000167    -0.000010
      4.7229     0.999368     0.000632     0.000163     0.000035
      4.8438     0.999368     0.000632     0.000149     0.000078
      4.9648     0.999368     0.000632     0.000125     0.000117
      5.0857     0.999368     0.000632     0.000091     0.000149
      5.2066     0.999368     0.000632     0.000051     0.000171
      5.3276     0.999368     0.000632     0.000007     0.000183
      5.4485     0.999368     0.000632    -0.000040     0.000184
      5.5695     0.999368     0.000632    -0.000085     0.000174
      5.6904     0.999368     0.000632    -0.000126     0.000154
      5.8114     0.999368     0.000632    -0.000161     0.000124
      5.9323     0.999368     0.000632    -0.000187     0.000087
      6.0533     0.999368     0.000632    -0.000204     0.000044
      6.1742     0.999368     0.000632    -0.000209    -0.000000
      6.2951     0.999368     0.000632    -0.000204    -0.000045
      6.4161     0.999368     0.000632    -0.000187    -0.000086
      6.5370     0.999368     0.000632    -0.000161    -0.000121
      6.6580     0.999368     0.000632    -0.000127    -0.000148
      6.7789     0.999368     0.000632    -0.000088    -0.000166
      6.8999     0.999368     0.000632    -0.000045    -0.000173
      7.0208     0.999368     0.000632    -0.000002    -0.000168
      7.1418     0.999368     0.000632     0.000038    -0.000153
      7.2627     0.999368     0.000632     0.000073    -0.000127
      7.3836     0.999368     0.000632     0.000101    -0.000093
      7.5046     0.999368     0.000632     0.000120    -0.000053
      7.6255     0.999368     0.000632     0.000127    -0.000008
      7.7465     0.999368     0.000632     0.000124     0.000037
      7.8674     0.999368     0.000632     0.000109     0.000081
      7.9884     0.999368     0.000632     0.000083     0.000121
      8.1093     0.999368     0.000632     0.000049     0.000154
      8.2303     0.999368     0.000632     0.000007     0.000178
      8.3512     0.999368     0.000632    -0.000040     0.000193
      8.4721     0.999368     0.000632    -0.000088     0.000196
      8.5931     0.999368     0.000632    -0.000136     0.000187
      8.7140     0.999368     0.000632    -0.000181     0.000169
      8.8350     0.999368     0.000632    -0.000220     0.000141
      8.9559     0.999368     0.000632    -0.000251     0.000105
      9.0769     0.999368     0.000632    -0.000272     0.000064
      9.1978     0.999368     0.000632    -0.000282     0.000020
      9.3188     0.999368     0.000632    -0.000282    -0.000024
      9.4397     0.999368     0.000632    -0.000270    -0.000065
      9.5606     0.999368     0.000632    -0.000250    -0.000101
      9.6816     0.999368     0.000632    -0.000221    -0.000129
      9.8025     0.999368     0.000632    -0.000186    -0.000147
      9.9235     0.999368     0.000632    -0.000148    -0.000154
     10.0444     0.999368     0.000632    -0.000110    -0.000151
     10.1654     0.999368     0.000632    -0.000074    -0.000136
     10.2863     0.999368     0.000632    -0.000043    -0.000111
     10.4072     0.999368     0.000632    -0.000019    -0.000077
     10.5282     0.999368     0.000632    -0.000005    -0.000036
     10.6491     0.999368     0.000632    -0.000002     0.000009
     10.7701     0.999367     0.000633    -0.000010     0.000056
     10.8910     0.999367     0.000633    -0.000029     0.000101
     11.0120     0.999367     0.000633    -0.000060     0.000143
     11.1329     0.999367     0.000633    -0.000100     0.000178
     11.2539     0.999367     0.000633    -0.000148     0.000205
     11.3748     0.999367     0.000633    -0.000202     0.000222
     11.4957     0.999367     0.000633    -0.000258     0.000227
     11.6167     0.999367     0.000633    -0.000315     0.000222
     11.7376     0.999368     0.000632    -0.000368     0.000206
     11.8586     0.999368     0.000632    -0.000417     0.000180
     11.9795     0.999368     0.000632    -0.000458     0.000147
     12.1005     0.999368     0.000632    -0.000490     0.000108
     12.2214     0.999368     0.000632    -0.000511     0.000066
     12.3424     0.999368     0.000632    -0.000523     0.000023
     12.4633     0.999368     0.000632    -0.000523    -0.000017
     12.5842     0.999368     0.000632    -0.000515    -0.000051
     12.7052     0.999368     0.000632    -0.000498    -0.000078
     12.8261     0.999368     0.000632    -0.000476    -0.000096
     12.9471     0.999368     0.000632    -0.000451    -0.000103
     13.0680     0.999368     0.000632    -0.000426    -0.000099
     13.1890     0.999367     0.000633    -0.000403    -0.000083
     13.3099     0.999367     0.000633    -0.000385    -0.000057
     13.4309     0.999367     0.000633    -0.000375    -0.000022
     13.5518     0.999367     0.000633    -0.000375     0.000020
     13.6727     0.999366     0.000634    -0.000385     0.000067
     13.7937     0.999366     0.000634    -0.000408     0.000116
     13.9146     0.999366     0.000634    -0.000443     0.000165
     14.0356     0.999365     0.000635    -0.000490     0.000209
     14.1565     0.999365     0.000635    -0.000548     0.000248
     14.2775     0.999365     0.000635    -0.000614     0.000279
     14.3984     0.999365     0.000635    -0.000686     0.000300
     14.5194     0.999365     0.000635    -0.000763     0.000311
     14.6403     0.999365     0.000635    -0.000841     0.000310
     14.7612     0.999365     0.000635    -0.000917     0.000298
     14.8822     0.999365     0.000635    -0.000989     0.000277
     15.0031     0.999366     0.000634    -0.001055     0.000248
     15.1241     0.999366     0.000634    -0.001113     0.000213
     15.2450     0.999366     0.000634    -0.001161     0.000175
     15.3660     0.999366     0.000634    -0.001200     0.000136
     15.4869     0.999366     0.000634    -0.001229     0.000100
     15.6079     0.999366     0.000634    -0.001250     0.000068
     15.7288     0.999366     0.000634    -0.001264     0.000044
     15.8497     0.999366     0.000634    -0.001273     0.000029
     15.9707     0.999365     0.000635    -0.001279     0.000025
     16.0916     0.999364     0.000636    -0.001286     0.000032
     16.2126     0.999364     0.000636    -0.001296     0.000051
     16.3335     0.999363     0.000637    -0.001312     0.000080
     16.4545     0.999362     0.000638    -0.001337     0.000119
     16.5754     0.999361     0.000640    -0.001372     0.000165
     16.6963     0.999359     0.000641    -0.001420     0.000217
     16.8173     0.999358     0.000642    -0.001481     0.000271
     16.9382     0.999357     0.000643    -0.001556     0.000325
     17.0592     0.999356     0.000644    -0.001643     0.000376
     17.1801     0.999355     0.000645    -0.001743     0.000422
     17.3011     0.999354     0.000646    -0.001854     0.000460
     17.4220     0.999354     0.000646    -0.001972     0.000488
     17.5430     0.999353     0.000647    -0.002097     0.000506
     17.6639     0.999353     0.000647    -0.002224     0.000513
     17.7848     0.999353     0.000647    -0.002353     0.000510
     17.9058     0.999353     0.000647    -0.002478     0.000496
     18.0267     0.999353     0.000647    -0.002600     0.000475
     18.1477     0.999352     0.000648    -0.002716     0.000448
     18.2686     0.999352     0.000648    -0.002824     0.000417
     18.3896     0.999352     0.000648    -0.002924     0.000386
     18.5105     0.999351     0.000649    -0.003017     0.000356
     18.6315     0.999351     0.000649    -0.003103     0.000332
     18.7524     0.999349     0.000651    -0.003183     0.000314
     18.8733     0.999348     0.000652    -0.003260     0.000306
     18.9943     0.999346     0.000654    -0.003337     0.000309
     19.1152     0.999343     0.000657    -0.003416     0.000323
     19.2362     0.999340     0.000660    -0.003499     0.000349
     19.3571     0.999337     0.000663    -0.003591     0.000386
     19.4781     0.999333     0.000667    -0.003693     0.000432
     19.5990     0.999329     0.000671    -0.003808     0.000487
     19.7200     0.999325     0.000675    -0.003937     0.000548
     19.8409     0.999321     0.000679    -0.004082     0.000611
     19.9618     0.999317     0.000683    -0.004243     0.000675
     20.0828     0.999312     0.000688    -0.004419     0.000737
     20.2037     0.999308     0.000692    -0.004611     0.000794
     20.3247     0.999305     0.000695    -0.004816     0.000843
     20.4456     0.999301     0.000699    -0.005032     0.000884
     20.5666     0.999298     0.000702    -0.005257     0.000914
     20.6875     0.999295     0.000705    -0.005488     0.000934
     20.8085     0.999292     0.000708    -0.005723     0.000943
     20.9294     0.999290     0.000710    -0.005959     0.000943
     21.0503     0.999287     0.000713    -0.006194     0.000935
     21.1713     0.999285     0.000715    -0.006426     0.000920
     21.2922     0.999281     0.000719    -0.006654     0.000902
     21.4132     0.999278     0.000722    -0.006877     0.000883
     21.5341     0.999274     0.000726    -0.007096     0.000866
     21.6551     0.999269     0.000731    -0.007310     0.000854
     21.7760     0.999263     0.000737    -0.007523     0.000849
     21.8969     0.999256     0.000744    -0.007735     0.000853
     22.0179     0.999248     0.000752    -0.007950     0.000867
     22.1388     0.999239     0.000761    -0.008170     0.000894
     22.2598     0.999228     0.000772    -0.008398     0.000932
     22.3807     0.999217     0.000783    -0.008637     0.000982
     22.5017     0.999204     0.000796    -0.008889     0.001041
     22.6226     0.999191     0.000809    -0.009158     0.001110
     22.7436     0.999177     0.000823    -0.009445     0.001184
     22.8645     0.999162     0.000838    -0.009751     0.001262
     22.9854     0.999148     0.000852    -0.010076     0.001342
     23.1064     0.999133     0.000867    -0.010421     0.001419
     23.2273     0.999118     0.000882    -0.010785     0.001492
     23.3483     0.999104     0.000896    -0.011166     0.001558
     23.4692     0.999089     0.000911    -0.011563     0.001616
     23.5902     0.999075     0.000925    -0.011974     0.001664
     23.7111     0.999062     0.000938    -0.012394     0.001702
     23.8321     0.999048     0.000952    -0.012823     0.001729
     23.9530     0.999034     0.000966    -0.013258     0.001747
     24.0739     0.999020     0.000980    -0.013696     0.001757
     24.1949     0.999006     0.000994    -0.014136     0.001761
     24.3158     0.998990     0.001010    -0.014576     0.001761
     24.4368     0.998973     0.001027    -0.015016     0.001760
     24.5577     0.998955     0.001045    -0.015455     0.001761
     24.6787     0.998934     0.001066    -0.015896     0.001767
     24.7996     0.998911     0.001089    -0.016339     0.001779
     24.9206     0.998886     0.001114    -0.016786     0.001801
     25.0415     0.998858     0.001142    -0.017239     0.001833
     25.1624     0.998827     0.001173    -0.017702     0.001877
     25.2834     0.998793     0.001207    -0.018178     0.001932
     25.4043     0.998756     0.001244    -0.018668     0.001999
     25.5253     0.998717     0.001283    -0.019177     0.002076
     25.6462     0.998676     0.001324    -0.019706     0.002161
     25.7672     0.998633     0.001367    -0.020257     0.002253
     25.8881     0.998588     0.001412    -0.020832     0.002349
     26.0091     0.998542     0.001458    -0.021430     0.002447
     26.1300     0.998496     0.001504    -0.022053     0.002543
     26.2509     0.998448     0.001552    -0.022700     0.002635
     26.3719     0.998401     0.001599    -0.023368     0.002721
     26.4928     0.998353     0.001647    -0.024057     0.002799
     26.6138     0.998305     0.001695    -0.024764     0.002868
     26.7347     0.998256     0.001744    -0.025487     0.002927
     26.8557     0.998207     0.001793    -0.026224     0.002977
     26.9766     0.998158     0.001842    -0.026971     0.003018
     27.0976     0.998106     0.001894    -0.027728     0.003051
     27.2185     0.998053     0.001947    -0.028492     0.003079
     27.3394     0.997997     0.002003    -0.029262     0.003104
     27.4604     0.997937     0.002063    -0.030037     0.003128
     27.5813     0.997873     0.002127    -0.030819     0.003154
     27.7023     0.997805     0.002195    -0.031606     0.003184
     27.8232     0.997731     0.002269    -0.032402     0.003221
     27.9442     0.997651     0.002349    -0.033207     0.003266
     28.0651     0.997564     0.002436    -0.034024     0.003322
     28.1860     0.997472     0.002528    -0.034856     0.003389
     28.3070     0.997372     0.002628    -0.035705     0.003466
     28.4279     0.997267     0.002733    -0.036574     0.003555
     28.5489     0.997155     0.002845    -0.037466     0.003654
     28.6698     0.997038     0.002962    -0.038382     0.003762
     28.7908     0.996915     0.003085    -0.039326     0.003876
     28.9117     0.996788     0.003212    -0.040297     0.003995
     29.0327     0.996657     0.003343    -0.041297     0.004117
     29.1536     0.996523     0.003477    -0.042326     0.004238
     29.2745     0.996386     0.003614    -0.043384     0.004357
     29.3955     0.996246     0.003754    -0.044470     0.004472
     29.5164     0.996103     0.003897    -0.045582     0.004581
     29.6374     0.995958     0.004042    -0.046719     0.004684
     29.7583     0.995809     0.004191    -0.047879     0.004779
     29.8793     0.995657     0.004343    -0.049059     0.004868
     30.0002     0.995500     0.004500    -0.050259     0.004949
     30.1212     0.995338     0.004662    -0.051475     0.005025
     30.2421     0.995168     0.004832    -0.052707     0.005097
     30.3630     0.994990     0.005010    -0.053952     0.005168
     30.4840     0.994803     0.005197    -0.055211     0.005238
     30.6049     0.994604     0.005396    -0.056483     0.005312
     30.7259     0.994393     0.005607    -0.057769     0.005391
     30.8468     0.994169     0.005831    -0.059068     0.005478
     30.9678     0.993929     0.006071    -0.060383     0.005575
     31.0887     0.993674     0.006326    -0.061715     0.005685
     31.2097     0.993403     0.006597    -0.063066     0.005808
     31.3306     0.993115     0.006885    -0.064439     0.005947
     31.4515     0.992810     0.007190    -0.065837     0.006102
     31.5725     0.992487     0.007513    -0.067263     0.006273
     31.6934     0.992148     0.007852    -0.068719     0.006460
     31.8144     0.991791     0.008209    -0.070208     0.006662
     31.9353     0.991417     0.008583    -0.071733     0.006878
     32.0563     0.991026     0.008974    -0.073296     0.007106
     32.1772     0.990617     0.009383    -0.074898     0.007345
     32.2982     0.990190     0.009810    -0.076540     0.007592
     32.4191     0.989744     0.010256    -0.078223     0.007845
     32.5400     0.989279     0.010721    -0.079947     0.008102
     32.6610     0.988793     0.011207    -0.081711     0.008361
     32.7819     0.988284     0.011716    -0.083513     0.008620
     32.9029     0.987752     0.012248    -0.085351     0.008879
     33.0238     0.987193     0.012807    -0.087224     0.009137
     33.1448     0.986605     0.013395    -0.089129     0.009396
     33.2657     0.985986     0.014014    -0.091062     0.009656
     33.3866     0.985334     0.014666    -0.093023     0.009919
     33.5076     0.984645     0.015355    -0.095007     0.010189
     33.6285     0.983917     0.016083    -0.097015     0.010470
     33.7495     0.983147     0.016853    -0.099043     0.010765
     33.8704     0.982331     0.017669    -0.101092     0.011079
     33.9914     0.981468     0.018532    -0.103162     0.011418
     34.1123     0.980554     0.019446    -0.105253     0.011785
     34.2333     0.979586     0.020414    -0.107369     0.012186
     34.3542     0.978561     0.021439    -0.109511     0.012623
     34.4751     0.977477     0.022523    -0.111682     0.013100
     34.5961     0.976331     0.023669    -0.113888     0.013620
     34.7170     0.975119     0.024881    -0.116132     0.014182
     34.8380     0.973839     0.026161    -0.118419     0.014786
     34.9589     0.972486     0.027514    -0.120752     0.015433
     35.0799     0.971059     0.028941    -0.123135     0.016118
     35.2008     0.969553     0.030447    -0.125571     0.016841
     35.3218     0.967964     0.032036    -0.128062     0.017597
     35.4427     0.966290     0.033710    -0.130607     0.018383
     35.5636     0.964525     0.035475    -0.133207     0.019195
     35.6846     0.962665     0.037335    -0.135858     0.020030
     35.8055     0.960706     0.039294    -0.138558     0.020885
     35.9265     0.958643     0.041357    -0.141301     0.021759
     36.0474     0.956471     0.043529    -0.144083     0.022650
     36.1684     0.954185     0.045815    -0.146897     0.023559
     36.2893     0.951780     0.048220    -0.149736     0.024486
     36.4103     0.949251     0.050749    -0.152594     0.025434
     36.5312     0.946592     0.053408    -0.155465     0.026405
     36.6521     0.943798     0.056202    -0.158345     0.027403
     36.7731     0.940864     0.059136    -0.161229     0.028433
     36.8940     0.937785     0.062215    -0.164116     0.029499
     37.0150     0.934556     0.065444    -0.167003     0.030605
     37.1359     0.931172     0.068828    -0.169893     0.031754
     37.2569     0.927628     0.072372    -0.172785     0.032951
     37.3778     0.923919     0.076081    -0.175685     0.034198
     37.4988     0.920041     0.079959    -0.178594     0.035496
     37.6197     0.915990     0.084010    -0.181518     0.036846
     37.7406     0.911761     0.088239    -0.184459     0.038246
     37.8616     0.907349     0.092651    -0.187421     0.039694
     37.9825     0.902751     0.097249    -0.190406     0.041187
     38.1035     0.897963     0.102037    -0.193414     0.042720
     38.2244     0.892979     0.107021    -0.196443     0.044286
     38.3454     0.887798     0.112202    -0.199491     0.045879
     38.4663     0.882415     0.117585    -0.202552     0.047490
     38.5873     0.876828     0.123172    -0.205618     0.049111
     38.7082     0.871033     0.128967    -0.208683     0.050733
     38.8291     0.865030     0.134970    -0.211734     0.052348
     38.9501     0.858817     0.141183    -0.214763     0.053948
     39.0710     0.852393     0.147607    -0.217759     0.055525
     39.1920     0.845760     0.154240    -0.220712     0.057074
     39.3129     0.838918     0.161082    -0.223613     0.058590
     39.4339     0.831869     0.168131    -0.226454     0.060070
     39.5548     0.824615     0.175385    -0.229229     0.061513
     39.6757     0.817161     0.182839    -0.231934     0.062921
     39.7967     0.809508     0.190492    -0.234567     0.064295
     39.9176     0.801660     0.198340    -0.237128     0.065640
     40.0386     0.793622     0.206378    -0.239618     0.066961
     40.1595     0.785395     0.214605    -0.242040     0.068263
     40.2805     0.776984     0.223016    -0.244395     0.069551
     40.4014     0.768390     0.231610    -0.246687     0.070831
     40.5224     0.759618     0.240382    -0.248920     0.072106
     40.6433     0.750668     0.249332    -0.251095     0.073374
     40.7642     0.741543     0.258457    -0.253213     0.074635
     40.8852     0.732247     0.267753    -0.255277     0.075882
     41.0061     0.722783     0.277217    -0.257286     0.077106
     41.1271     0.713156     0.286844    -0.259239     0.078295
     41.2480     0.703372     0.296628    -0.261137     0.079434
     41.3690     0.693440     0.306560    -0.262979     0.080508
     41.4899     0.683368     0.316632    -0.264763     0.081500
     41.6109     0.673169     0.326831    -0.266490     0.082393
     41.7318     0.662855     0.337145    -0.268157     0.083172
     41.8527     0.652440     0.347560    -0.269764     0.083825
     41.9737     0.641941     0.358059    -0.271307     0.084342
     42.0946     0.631374     0.368626    -0.272785     0.084717
     42.2156     0.620756     0.379244    -0.274193     0.084945
     42.3365     0.610104     0.389896    -0.275527     0.085026
     42.4575     0.599436     0.400564    -0.276783     0.084963
     42.5784     0.588768     0.411232    -0.277956     0.084760
     42.6994     0.578117     0.421883    -0.279042     0.084423
     42.8203     0.567499     0.432501    -0.280040     0.083959
     42.9412     0.556929     0.443071    -0.280947     0.083376
     43.0622     0.546423     0.453577    -0.281764     0.082683
     43.1831     0.535994     0.464006    -0.282493     0.081887
     43.3041     0.525656     0.474344    -0.283138     0.080998
     43.4250     0.515421     0.484579    -0.283705     0.080023
     43.5460     0.505302     0.494698    -0.284198     0.078969
     43.6669     0.495309     0.504691    -0.284626     0.077841
     43.7879     0.485454     0.514546    -0.284995     0.076645
     43.9088     0.475747     0.524253    -0.285311     0.075381
     44.0297     0.466198     0.533802    -0.285580     0.074052
     44.1507     0.456817     0.543183    -0.285807     0.072655
     44.2716     0.447613     0.552387    -0.285996     0.071187
     44.3926     0.438598     0.561402    -0.286151     0.069643
     44.5135     0.429781     0.570219    -0.286273     0.068017
     44.6345     0.421174     0.578826    -0.286364     0.066303
     44.7554     0.412790     0.587210    -0.286425     0.064492
     44.8764     0.404640     0.595360    -0.286458     0.062580
     44.9973     0.396738     0.603262    -0.286462     0.060560
     45.1182     0.389098     0.610902    -0.286437     0.058430
     45.2392     0.381734     0.618266    -0.286383     0.056187
     45.3601     0.374660     0.625340    -0.286300     0.053834
     45.4811     0.367888     0.632112    -0.286185     0.051374
     45.6020     0.361433     0.638567    -0.286038     0.048813
     45.7230     0.355305     0.644695    -0.285855     0.046158
     45.8439     0.349517     0.650483    -0.285633     0.043420
     45.9648     0.344076     0.655924    -0.285368     0.040607
     46.0858     0.338993     0.661007    -0.285057     0.037731
     46.2067     0.334274     0.665726    -0.284696     0.034803
     46.3277     0.329924     0.670076    -0.284281     0.031832
     46.4486     0.325950     0.674050    -0.283809     0.028828
     46.5696     0.322353     0.677647    -0.283279     0.025801
     46.6905     0.319138     0.680862    -0.282690     0.022758
     46.8115     0.316306     0.683694    -0.282040     0.019708
     46.9324     0.313858     0.686142    -0.281332     0.016657
     47.0533     0.311793     0.688207    -0.280565     0.013614
     47.1743     0.310111     0.689889    -0.279740     0.010584
     47.2952     0.308810     0.691190    -0.278860     0.007575
     47.4162     0.307887     0.692113    -0.277924     0.004593
     47.5371     0.307338     0.692662    -0.276932     0.001642
     47.6581     0.307161     0.692839    -0.275885    -0.001272
     47.7790     0.307348     0.692652    -0.274781    -0.004145
     47.9000     0.307896     0.692104    -0.273619    -0.006975
     48.0209     0.308799     0.691201    -0.272398    -0.009758
     48.1418     0.310049     0.689951    -0.271116    -0.012495
     48.2628     0.311642     0.688358    -0.269774    -0.015183
     48.3837     0.313571     0.686429    -0.268369    -0.017823
     48.5047     0.315829     0.684171    -0.266901    -0.020413
     48.6256     0.318410     0.681590    -0.265370    -0.022951
     48.7466     0.321308     0.678692    -0.263774    -0.025437
     48.8675     0.324514     0.675486    -0.262111    -0.027868
     48.9885     0.328023     0.671977    -0.260380    -0.030241
     49.1094     0.331825     0.668175    -0.258576    -0.032554
     49.2303     0.335912     0.664088    -0.256696    -0.034803
     49.3513     0.340277     0.659723    -0.254735    -0.036987
     49.4722     0.344909     0.655091    -0.252689    -0.039104
     49.5932     0.349800     0.650200    -0.250553    -0.041154
     49.7141     0.354940     0.645060    -0.248324    -0.043136
     49.8351     0.360322     0.639678    -0.246003    -0.045051
     49.9560     0.365935     0.634065    -0.243588    -0.046899
     50.0770     0.371771     0.628229    -0.241085    -0.048677
     50.1979     0.377823     0.622177    -0.238498    -0.050386
     50.3188     0.384080     0.615920    -0.235835    -0.052020
     50.4398     0.390535     0.609465    -0.233105    -0.053575
     50.5607     0.397176     0.602824    -0.230317    -0.055044
     50.6817     0.403994     0.596006    -0.227481    -0.056418
     50.8026     0.410977     0.589023    -0.224606    -0.057689
     50.9236     0.418113     0.581887    -0.221700    -0.058848
     51.0445     0.425386     0.574614    -0.218768    -0.059887
     51.1654     0.432782     0.567218    -0.215816    -0.060801
     51.2864     0.440287     0.559713    -0.212848    -0.061586
     51.4073     0.447883     0.552117    -0.209864    -0.062239
     51.5283     0.455554     0.544446    -0.206866    -0.062762
     51.6492     0.463284     0.536716    -0.203854    -0.063159
     51.7702     0.471059     0.528941    -0.200828    -0.063434
     51.8911     0.478862     0.521138    -0.197787    -0.063597
     52.0121     0.486679     0.513321    -0.194732    -0.063654
     52.1330     0.494498     0.505502    -0.191662    -0.063616
     52.2539     0.502306     0.497694    -0.188577    -0.063490
     52.3749     0.510093     0.489907    -0.185480    -0.063287
     52.4958     0.517848     0.482152    -0.182371    -0.063014
     52.6168     0.525563     0.474437    -0.179252    -0.062678
     52.7377     0.533228     0.466772    -0.176128    -0.062285
     52.8587     0.540837     0.459163    -0.173000    -0.061839
     52.9796     0.548382     0.451618    -0.169876    -0.061344
     53.1006     0.555858     0.444142    -0.166759    -0.060801
     53.2215     0.563258     0.436742    -0.163657    -0.060212
     53.3424     0.570576     0.429424    -0.160575    -0.059576
     53.4634     0.577807     0.422193    -0.157522    -0.058893
     53.5843     0.584946     0.415054    -0.154505    -0.058161
     53.7053     0.591987     0.408013    -0.151530    -0.057379
     53.8262     0.598924     0.401076    -0.148603    -0.056544
     53.9472     0.605752     0.394248    -0.145729    -0.055657
     54.0681     0.612465     0.387535    -0.142913    -0.054716
     54.1891     0.619058     0.380942    -0.140156    -0.053722
     54.3100     0.625524     0.374476    -0.137460    -0.052675
     54.4309     0.631857     0.368143    -0.134823    -0.051581
     54.5519     0.638052     0.361948    -0.132245    -0.050441
     54.6728     0.644104     0.355896    -0.129723    -0.049263
     54.7938     0.650008     0.349992    -0.127253    -0.048051
     54.9147     0.655760     0.344240    -0.124833    -0.046813
     55.0357     0.661356     0.338644    -0.122459    -0.045556
     55.1566     0.666793     0.333207    -0.120128    -0.044286
     55.2776     0.672069     0.327931    -0.117839    -0.043010
     55.3985     0.677183     0.322817    -0.115588    -0.041731
     55.5194     0.682134     0.317866    -0.113375    -0.040455
     55.6404     0.686920     0.313080    -0.111199    -0.039183
     55.7613     0.691542     0.308458    -0.109059    -0.037919
     55.8823     0.696000     0.304000    -0.106955    -0.036663
     56.0032     0.700294     0.299706    -0.104888    -0.035416
     56.1242     0.704424     0.295576    -0.102858    -0.034178
     56.2451     0.708393     0.291607    -0.100866    -0.032951
     56.3661     0.712202     0.287798    -0.098914    -0.031736
     56.4870     0.715852     0.284148    -0.097001    -0.030535
     56.6079     0.719346     0.280654    -0.095131    -0.029350
     56.7289     0.722689     0.277311    -0.093304    -0.028185
     56.8498     0.725883     0.274117    -0.091523    -0.027043
     56.9708     0.728932     0.271068    -0.089790    -0.025930
     57.0917     0.731844     0.268156    -0.088105    -0.024849
     57.2127     0.734621     0.265379    -0.086469    -0.023804
     57.3336     0.737272     0.262728    -0.084884    -0.022801
     57.4545     0.739802     0.260198    -0.083348    -0.021841
     57.5755     0.742216     0.257784    -0.081860    -0.020927
     57.6964     0.744522     0.255478    -0.080417    -0.020061
     57.8174     0.746725     0.253275    -0.079015    -0.019243
     57.9383     0.748831     0.251169    -0.077650    -0.018473
     58.0593     0.750844     0.249156    -0.076315    -0.017748
     58.1802     0.752769     0.247231    -0.075004    -0.017067
     58.3012     0.754610     0.245390    -0.073709    -0.016426
     58.4221     0.756371     0.243629    -0.072425    -0.015822
     58.5430     0.758053     0.241947    -0.071145    -0.015251
     58.6640     0.759661     0.240339    -0.069864    -0.014709
     58.7849     0.761195     0.238805    -0.068579    -0.014191
     58.9059     0.762657     0.237343    -0.067286    -0.013692
     59.0268     0.764050     0.235950    -0.065986    -0.013207
     59.1478     0.765375     0.234625    -0.064679    -0.012733
     59.2687     0.766633     0.233367    -0.063369    -0.012264
     59.3897     0.767825     0.232175    -0.062060    -0.011797
     59.5106     0.768952     0.231048    -0.060756    -0.011329
     59.6315     0.770016     0.229984    -0.059465    -0.010857
     59.7525     0.771018     0.228982    -0.058193    -0.010380
     59.8734     0.771958     0.228042    -0.056946    -0.009898
     59.9944     0.772840     0.227160    -0.055731    -0.009411
     60.1153     0.773663     0.226337    -0.054553    -0.008923
     60.2363     0.774430     0.225570    -0.053418    -0.008437
     60.3572     0.775143     0.224857    -0.052327    -0.007958
     60.4782     0.775805     0.224195    -0.051284    -0.007491
     60.5991     0.776418     0.223582    -0.050288    -0.007044
     60.7200     0.776986     0.223014    -0.049338    -0.006622
     60.8410     0.777511     0.222489    -0.048430    -0.006231
     60.9619     0.777998     0.222002    -0.047559    -0.005879
     61.0829     0.778450     0.221550    -0.046720    -0.005569
     61.2038     0.778872     0.221128    -0.045905    -0.005305
     61.3248     0.779267     0.220733    -0.045105    -0.005089
     61.4457     0.779640     0.220360    -0.044313    -0.004921
     61.5667     0.779993     0.220007    -0.043521    -0.004798
     61.6876     0.780332     0.219668    -0.042720    -0.004717
     61.8085     0.780657     0.219343    -0.041905    -0.004672
     61.9295     0.780973     0.219027    -0.041069    -0.004655
     62.0504     0.781280     0.218720    -0.040209    -0.004659
     62.1714     0.781580     0.218420    -0.039324    -0.004673
     62.2923     0.781873     0.218127    -0.038413    -0.004689
     62.4133     0.782160     0.217840    -0.037480    -0.004696
     62.5342     0.782440     0.217560    -0.036530    -0.004685
     62.6551     0.782711     0.217289    -0.035568    -0.004650
     62.7761     0.782973     0.217027    -0.034602    -0.004585
     62.8970     0.783224     0.216776    -0.033641    -0.004485
     63.0180     0.783462     0.216538    -0.032695    -0.004350
     63.1389     0.783686     0.216314    -0.031772    -0.004181
     63.2599     0.783894     0.216106    -0.030883    -0.003980
     63.3808     0.784085     0.215915    -0.030034    -0.003753
     63.5018     0.784259     0.215741    -0.029232    -0.003508
     63.6227     0.784415     0.215585    -0.028481    -0.003254
     63.7436     0.784554     0.215446    -0.027783    -0.003000
     63.8646     0.784676     0.215324    -0.027138    -0.002756
     63.9855     0.784784     0.215216    -0.026542    -0.002533
     64.1065     0.784878     0.215122    -0.025991    -0.002338
     64.2274     0.784961     0.215039    -0.025477    -0.002179
     64.3484     0.785036     0.214964    -0.024992    -0.002063
     64.4693     0.785105     0.214895    -0.024525    -0.001990
     64.5903     0.785170     0.214830    -0.024067    -0.001964
     64.7112     0.785234     0.214766    -0.023608    -0.001980
     64.8321     0.785299     0.214701    -0.023137    -0.002035
     64.9531     0.785368     0.214632    -0.022646    -0.002122
     65.0740     0.785440     0.214560    -0.022130    -0.002231
     65.1950     0.785517     0.214483    -0.021583    -0.002354
     65.3159     0.785599     0.214401    -0.021005    -0.002478
     65.4369     0.785686     0.214314    -0.020396    -0.002593
     65.5578     0.785777     0.214223    -0.019759    -0.002688
     65.6788     0.785870     0.214130    -0.019102    -0.002755
     65.7997     0.785964     0.214036    -0.018431    -0.002785
     65.9206     0.786058     0.213942    -0.017757    -0.002775
     66.0416     0.786148     0.213852    -0.017089    -0.002720
     66.1625     0.786234     0.213766    -0.016438    -0.002622
     66.2835     0.786314     0.213686    -0.015815    -0.002484
     66.4044     0.786385     0.213615    -0.015230    -0.002311
     66.5254     0.786448     0.213552    -0.014689    -0.002111
     66.6463     0.786501     0.213499    -0.014198    -0.001894
     66.7673     0.786544     0.213456    -0.013761    -0.001670
     66.8882     0.786577     0.213423    -0.013377    -0.001451
     67.0091     0.786601     0.213399    -0.013045    -0.001248
     67.1301     0.786618     0.213382    -0.012759    -0.001071
     67.2510     0.786628     0.213372    -0.012512    -0.000929
     67.3720     0.786634     0.213366    -0.012294    -0.000828
     67.4929     0.786637     0.213363    -0.012096    -0.000772
     67.6139     0.786640     0.213360    -0.011905    -0.000763
     67.7348     0.786643     0.213357    -0.011711    -0.000799
     67.8558     0.786649     0.213351    -0.011503    -0.000875
     67.9767     0.786659     0.213341    -0.011272    -0.000985
     68.0976     0.786674     0.213326    -0.011010    -0.001119
     68.2186     0.786694     0.213306    -0.010713    -0.001268
     68.3395     0.786719     0.213281    -0.010379    -0.001419
     68.4605     0.786750     0.213250    -0.010009    -0.001562
     68.5814     0.786785     0.213215    -0.009605    -0.001685
     68.7024     0.786824     0.213176    -0.009174    -0.001779
     68.8233     0.786864     0.213136    -0.008724    -0.001836
     68.9442     0.786906     0.213094    -0.008266    -0.001851
     69.0652     0.786946     0.213054    -0.007809    -0.001820
     69.1861     0.786985     0.213015    -0.007365    -0.001744
     69.3071     0.787019     0.212981    -0.006946    -0.001626
     69.4280     0.787049     0.212951    -0.006560    -0.001471
     69.5490     0.787074     0.212926    -0.006216    -0.001289
     69.6699     0.787092     0.212908    -0.005920    -0.001087
     69.7909     0.787105     0.212895    -0.005675    -0.000878
     69.9118     0.787111     0.212889    -0.005482    -0.000673
     70.0327     0.787112     0.212888    -0.005338    -0.000483
     70.1537     0.787108     0.212892    -0.005237    -0.000319
     70.2746     0.787100     0.212900    -0.005174    -0.000189
     70.3956     0.787090     0.212910    -0.005138    -0.000100
     70.5165     0.787079     0.212921    -0.005119    -0.000056
     70.6375     0.787067     0.212933    -0.005104    -0.000059
     70.7584     0.787058     0.212942    -0.005084    -0.000107
     70.8794     0.787050     0.212950    -0.005046    -0.000195
     71.0003     0.787046     0.212954    -0.004982    -0.000317
     71.1212     0.787045     0.212955    -0.004885    -0.000463
     71.2422     0.787049     0.212951    -0.004749    -0.000624
     71.3631     0.787057     0.212943    -0.004572    -0.000787
     71.4841     0.787068     0.212932    -0.004356    -0.000943
     71.6050     0.787083     0.212917    -0.004103    -0.001078
     71.7260     0.787101     0.212899    -0.003819    -0.001185
     71.8469     0.787120     0.212880    -0.003514    -0.001255
     71.9679     0.787140     0.212860    -0.003196    -0.001282
     72.0888     0.787159     0.212841    -0.002878    -0.001264
     72.2097     0.787177     0.212823    -0.002569    -0.001201
     72.3307     0.787194     0.212806    -0.002281    -0.001096
     72.4516     0.787207     0.212793    -0.002025    -0.000955
     72.5726     0.787216     0.212784    -0.001807    -0.000785
     72.6935     0.787222     0.212778    -0.001635    -0.000596
     72.8145     0.787225     0.212775    -0.001511    -0.000399
     72.9354     0.787223     0.212777    -0.001436    -0.000205
     73.0564     0.787218     0.212782    -0.001407    -0.000026
     73.1773     0.787210     0.212790    -0.001421     0.000129
     73.2982     0.787201     0.212799    -0.001469     0.000249
     73.4192     0.787190     0.212810    -0.001542     0.000330
     73.5401     0.787178     0.212822    -0.001630     0.000365
     73.6611     0.787167     0.212833    -0.001721     0.000355
     73.7820     0.787157     0.212843    -0.001804     0.000300
     73.9030     0.787149     0.212851    -0.001868     0.000205
     74.0239     0.787143     0.212857    -0.001904     0.000077
     74.1448     0.787140     0.212860    -0.001904    -0.000077
     74.2658     0.787139     0.212861    -0.001864    -0.000245
     74.3867     0.787142     0.212858    -0.001781    -0.000417
     74.5077     0.787147     0.212853    -0.001656    -0.000580
     74.6286     0.787154     0.212846    -0.001492    -0.000725
     74.7496     0.787163     0.212837    -0.001296    -0.000841
     74.8705     0.787173     0.212827    -0.001075    -0.000920
     74.9915     0.787183     0.212817    -0.000839    -0.000958
     75.1124     0.787193     0.212807    -0.000600    -0.000951
     75.2333     0.787202     0.212798    -0.000368    -0.000899
     75.3543     0.787210     0.212790    -0.000154    -0.000804
     75.4752     0.787216     0.212784     0.000031    -0.000673
     75.5962     0.787220     0.212780     0.000180    -0.000512
     75.7171     0.787222     0.212778     0.000286    -0.000332
     75.8381     0.787221     0.212779     0.000345    -0.000143
     75.9590     0.787218     0.212782     0.000358     0.000043
     76.0800     0.787213     0.212787     0.000325     0.000216
     76.2009     0.787207     0.212793     0.000252     0.000366
     76.3218     0.787199     0.212801     0.000145     0.000482
     76.4428     0.787191     0.212809     0.000014     0.000558
     76.5637     0.787182     0.212818    -0.000130     0.000591
     76.6847     0.787174     0.212826    -0.000278     0.000578
     76.8056     0.787167     0.212833    -0.000416     0.000521
     76.9266     0.787161     0.212839    -0.000534     0.000423
     77.0475     0.787156     0.212844    -0.000624     0.000291
     77.1685     0.787153     0.212847    -0.000678     0.000134
     77.2894     0.787153     0.212847    -0.000690    -0.000039
     77.4103     0.787153     0.212847    -0.000658    -0.000216
     77.5313     0.787156     0.212844    -0.000583    -0.000385
     77.6522     0.787160     0.212840    -0.000467    -0.000537
     77.7732     0.787165     0.212835    -0.000316    -0.000661
     77.8941     0.787171     0.212829    -0.000139    -0.000749
     78.0151     0.787177     0.212823     0.000055    -0.000796
     78.1360     0.787182     0.212818     0.000255    -0.000798
     78.2570     0.787188     0.212812     0.000450    -0.000755
     78.3779     0.787192     0.212808     0.000629    -0.000669
     78.4988     0.787195     0.212805     0.000781    -0.000546
     78.6198     0.787197     0.212803     0.000899    -0.000393
     78.7407     0.787197     0.212803     0.000976    -0.000218
     78.8617     0.787196     0.212804     0.001007    -0.000034
     78.9826     0.787194     0.212806     0.000993     0.000149
     79.1036     0.787191     0.212809     0.000934     0.000319
     79.2245     0.787186     0.212814     0.000835     0.000467
     79.3455     0.787181     0.212819     0.000703     0.000584
     79.4664     0.787175     0.212825     0.000547     0.000661
     79.5873     0.787170     0.212830     0.000376     0.000695
     79.7083     0.787165     0.212835     0.000203     0.000683
     79.8292     0.787160     0.212840     0.000038     0.000627
     79.9502     0.787156     0.212844    -0.000107     0.000530
     80.0711     0.787153     0.212847    -0.000224     0.000399
     80.1921     0.787152     0.212848    -0.000304     0.000241
     80.3130     0.787151     0.212849    -0.000343     0.000066
     80.4339     0.787152     0.212848    -0.000337    -0.000114
     80.5549     0.787153     0.212847    -0.000286    -0.000287
     80.6758     0.787155     0.212845    -0.000194    -0.000445
     80.7968     0.787158     0.212842    -0.000066    -0.000575
     80.9177     0.787162     0.212838     0.000090    -0.000670
     81.0387     0.787165     0.212835     0.000265    -0.000724
     81.1596     0.787169     0.212831     0.000449    -0.000734
     81.2806     0.787172     0.212828     0.000629    -0.000699
     81.4015     0.787174     0.212826     0.000794    -0.000621
     81.5224     0.787176     0.212824     0.000936    -0.000504
     81.6434     0.787177     0.212823     0.001044    -0.000356
     81.7643     0.787177     0.212823     0.001112    -0.000186
     81.8853     0.787177     0.212823     0.001136    -0.000005
     82.0062     0.787175     0.212825     0.001114     0.000176
     82.1272     0.787173     0.212827     0.001049     0.000347
     82.2481     0.787170     0.212830     0.000943     0.000496
     82.3691     0.787167     0.212833     0.000803     0.000615
     82.4900     0.787164     0.212836     0.000638     0.000695
     82.6109     0.787160     0.212840     0.000459     0.000733
     82.7319     0.787157     0.212843     0.000276     0.000725
     82.8528     0.787155     0.212845     0.000100     0.000673
     82.9738     0.787152     0.212848    -0.000057     0.000579
     83.0947     0.787151     0.212849    -0.000186     0.000450
     83.2157     0.787150     0.212850    -0.000280     0.000293
     83.3366     0.787150     0.212850    -0.000331     0.000119
     83.4576     0.787150     0.212850    -0.000339    -0.000062
     83.5785     0.787151     0.212849    -0.000301    -0.000239
     83.6994     0.787152     0.212848    -0.000220    -0.000400
     83.8204     0.787154     0.212846    -0.000103    -0.000535
     83.9413     0.787156     0.212844     0.000044    -0.000636
     84.0623     0.787158     0.212842     0.000212    -0.000697
     84.1832     0.787160     0.212840     0.000389    -0.000714
     84.3042     0.787162     0.212838     0.000565    -0.000686
     84.4251     0.787163     0.212837     0.000729    -0.000614
     84.5461     0.787164     0.212836     0.000869    -0.000503
     84.6670     0.787165     0.212835     0.000977    -0.000359
     84.7879     0.787165     0.212835     0.001047    -0.000193
     84.9089     0.787165     0.212835     0.001073    -0.000013
     85.0298     0.787164     0.212836     0.001053     0.000168
     85.1508     0.787163     0.212838     0.000989     0.000339
     85.2717     0.787161     0.212839     0.000885     0.000491
     85.3927     0.787159     0.212841     0.000746     0.000613
     85.5136     0.787157     0.212843     0.000582     0.000698
     85.6345     0.787156     0.212844     0.000401     0.000741
     85.7555     0.787154     0.212846     0.000215     0.000738
     85.8764     0.787152     0.212848     0.000036     0.000691
     85.9974     0.787151     0.212849    -0.000127     0.000601
     86.1183     0.787150     0.212850    -0.000262     0.000476
     86.2393     0.787150     0.212850    -0.000362     0.000321
     86.3602     0.787149     0.212851    -0.000421     0.000148
     86.4812     0.787150     0.212850    -0.000435    -0.000033
     86.6021     0.787150     0.212850    -0.000405    -0.000211
     86.7230     0.787151     0.212849    -0.000331    -0.000376
     86.8440     0.787152     0.212848    -0.000219    -0.000515
     86.9649     0.787153     0.212847    -0.000076    -0.000622
     87.0859     0.787154     0.212846     0.000089    -0.000689
     87.2068     0.787155     0.212845     0.000265    -0.000712
     87.3278     0.787156     0.212844     0.000441    -0.000690
     87.4487     0.787157     0.212843     0.000606    -0.000624
     87.5697     0.787158     0.212842     0.000749    -0.000518
     87.6906     0.787158     0.212842     0.000862    -0.000379
     87.8115     0.787158     0.212842     0.000937    -0.000215
     87.9325     0.787158     0.212842     0.000968    -0.000037
     88.0534     0.787158     0.212842     0.000955     0.000144
     88.1744     0.787157     0.212843     0.000897     0.000318
     88.2953     0.787156     0.212844     0.000797     0.000472
     88.4163     0.787155     0.212845     0.000663     0.000598
     88.5372     0.787154     0.212846     0.000501     0.000688
     88.6582     0.787153     0.212847     0.000322     0.000736
     88.7791     0.787152     0.212848     0.000137     0.000739
     88.9000     0.787152     0.212848    -0.000044     0.000698
     89.0210     0.787151     0.212849    -0.000208     0.000613
     89.1419     0.787150     0.212850    -0.000347     0.000492
     89.2629     0.787150     0.212850    -0.000452     0.000341
     89.3838     0.787150     0.212850    -0.000516     0.000169
     89.5048     0.787150     0.212850    -0.000536    -0.000012
     89.6257     0.787150     0.212850    -0.000510    -0.000191
     89.7467     0.787151     0.212849    -0.000441    -0.000358
     89.8676     0.787151     0.212849    -0.000333    -0.000502
     89.9885     0.787152     0.212848    -0.000193    -0.000613
     90.1095     0.787153     0.212847    -0.000030    -0.000686
     90.2304     0.787153     0.212847     0.000146    -0.000715
     90.3514     0.787154     0.212846     0.000324    -0.000699
     90.4723     0.787154     0.212846     0.000492    -0.000638
     90.5933     0.787155     0.212845     0.000640    -0.000537
     90.7142     0.787155     0.212845     0.000758    -0.000402
     90.8352     0.787155     0.212845     0.000839    -0.000241
     90.9561     0.787155     0.212845     0.000877    -0.000065
     91.0770     0.787155     0.212845     0.000871     0.000117
     91.1980     0.787154     0.212846     0.000820     0.000292
     91.3189     0.787154     0.212846     0.000726     0.000449
     91.4399     0.787154     0.212846     0.000597     0.000579
     91.5608     0.787153     0.212847     0.000440     0.000674
     91.6818     0.787152     0.212848     0.000263     0.000728
     91.8027     0.787152     0.212848     0.000079     0.000737
     91.9236     0.787152     0.212848    -0.000101     0.000701
     92.0446     0.787151     0.212849    -0.000268     0.000623
     92.1655     0.787151     0.212849    -0.000410     0.000506
     92.2865     0.787151     0.212849    -0.000518     0.000358
     92.4074     0.787151     0.212849    -0.000587     0.000188
     92.5284     0.787151     0.212849    -0.000611     0.000008
     92.6493     0.787151     0.212849    -0.000591    -0.000172
     92.7703     0.787151     0.212849    -0.000526    -0.000341
     92.8912     0.787151     0.212849    -0.000422    -0.000489
     93.0121     0.787152     0.212848    -0.000284    -0.000605
     93.1331     0.787152     0.212848    -0.000123    -0.000683
     93.2540     0.787152     0.212848     0.000053    -0.000718
     93.3750     0.787153     0.212847     0.000232    -0.000708
     93.4959     0.787153     0.212847     0.000403    -0.000653
     93.6169     0.787153     0.212847     0.000556    -0.000557
     93.7378     0.787153     0.212847     0.000679    -0.000426
     93.8588     0.787153     0.212847     0.000766    -0.000268
     93.9797     0.787153     0.212847     0.000812    -0.000093
     94.1006     0.787153     0.212847     0.000812     0.000089
     94.2216     0.787153     0.212847     0.000768     0.000265
     94.3425     0.787153     0.212847     0.000681     0.000426
     94.4635     0.787153     0.212847     0.000557     0.000560
     94.5844     0.787152     0.212848     0.000404     0.000660
     94.7054     0.787152     0.212848     0.000231     0.000720
     94.8263     0.787152     0.212848     0.000048     0.000735
     94.9473     0.787152     0.212848    -0.000133     0.000705
     95.0682     0.787151     0.212849    -0.000301     0.000632
     95.1891     0.787151     0.212849    -0.000446     0.000519
     95.3101     0.787151     0.212849    -0.000558     0.000375
     95.4310     0.787151     0.212849    -0.000631     0.000208
     95.5520     0.787151     0.212849    -0.000661     0.000028
     95.6729     0.787151     0.212849    -0.000645    -0.000152
     95.7939     0.787151     0.212849    -0.000586    -0.000324
     95.9148     0.787152     0.212848    -0.000485    -0.000474
     96.0358     0.787152     0.212848    -0.000351    -0.000595
     96.1567     0.787152     0.212848    -0.000191    -0.000678
     96.2776     0.787152     0.212848    -0.000015    -0.000719
     96.3986     0.787152     0.212848     0.000165    -0.000715
     96.5195     0.787152     0.212848     0.000338    -0.000666
     96.6405     0.787152     0.212848     0.000495    -0.000575
     96.7614     0.787153     0.212847     0.000623    -0.000449
     96.8824     0.787153     0.212847     0.000716    -0.000294
     97.0033     0.787153     0.212847     0.000768    -0.000120
     97.1243     0.787153     0.212847     0.000776     0.000061
     97.2452     0.787152     0.212848     0.000738     0.000239
     97.3661     0.787152     0.212848     0.000657     0.000402
     97.4871     0.787152     0.212848     0.000539     0.000541
     97.6080     0.787152     0.212848     0.000390     0.000646
     97.7290     0.787152     0.212848     0.000219     0.000711
     97.8499     0.787152     0.212848     0.000038     0.000733
     97.9709     0.787152     0.212848    -0.000143     0.000709
     98.0918     0.787152     0.212848    -0.000313     0.000641
     98.2127     0.787152     0.212848    -0.000461     0.000533
     98.3337     0.787152     0.212848    -0.000577     0.000393
     98.4546     0.787152     0.212848    -0.000655     0.000229
     98.5756     0.787152     0.212848    -0.000690     0.000050
     98.6965     0.787152     0.212848    -0.000680    -0.000131
     98.8175     0.787152     0.212848    -0.000625    -0.000304
     98.9384     0.787152     0.212848    -0.000529    -0.000458
     99.0594     0.787152     0.212848    -0.000399    -0.000583
     99.1803     0.787152     0.212848    -0.000241    -0.000672
     99.3012     0.787152     0.212848    -0.000066    -0.000719
     99.4222     0.787152     0.212848     0.000115    -0.000721
     99.5431     0.787152     0.212848     0.000291    -0.000677
     99.6641     0.787152     0.212848     0.000450    -0.000592
     99.7850     0.787152     0.212848     0.000583    -0.000469
     99.9060     0.787152     0.212848     0.000682    -0.000318
    100.0269     0.787152     0.212848     0.000740    -0.000146
    100.1479     0.787152     0.212848     0.000754     0.000035
    100.2688     0.787152     0.212848     0.000723     0.000214
    100.3897     0.787152     0.212848     0.000648     0.000380
    100.5107     0.787152     0.212848     0.000535     0.000522
    100.6316     0.787152     0.212848     0.000390     0.000632
    100.7526     0.787152     0.212848     0.000222     0.000703
    100.8735     0.787152     0.212848     0.000042     0.000731
    100.9945     0.787152     0.212848    -0.000140     0.000713
    101.1154     0.787152     0.212848    -0.000311     0.000650
    101.2364     0.787152     0.212848    -0.000461     0.000548
    101.3573     0.787152     0.212848    -0.000582     0.000412
    101.4782     0.787152     0.212848    -0.000665     0.000250
    101.5992     0.787152     0.212848    -0.000706     0.000073
    101.7201     0.787152     0.212848    -0.000701    -0.000109
    101.8411     0.787152     0.212848    -0.000652    -0.000284
    101.9620     0.787152     0.212848    -0.000561    -0.000441
    102.0830     0.787152     0.212848    -0.000434    -0.000570
    102.2039     0.787152     0.212848    -0.000279    -0.000664
    102.3249     0.787152     0.212848    -0.000105    -0.000717
    102.4458     0.787152     0.212848     0.000076    -0.000724
    102.5667     0.787152     0.212848     0.000253    -0.000687
    102.6877     0.787152     0.212848     0.000416    -0.000607
    102.8086     0.787152     0.212848     0.000554    -0.000489
    102.9296     0.787152     0.212848     0.000658    -0.000340
    103.0505     0.787152     0.212848     0.000722    -0.000171
    103.1715     0.787152     0.212848     0.000742     0.000010
    103.2924     0.787152     0.212848     0.000717     0.000190
    103.4133     0.787152     0.212848     0.000648     0.000358
    103.5343     0.787152     0.212848     0.000540     0.000504
    103.6552     0.787152     0.212848     0.000399     0.000619
    103.7762     0.787152     0.212848     0.000234     0.000695
    103.8971     0.787152     0.212848     0.000055     0.000729
    104.0181     0.787152     0.212848    -0.000127     0.000717
    104.1390     0.787152     0.212848    -0.000300     0.000660
    104.2600     0.787152     0.212848    -0.000453     0.000563
    104.3809     0.787152     0.212848    -0.000578     0.000430
    104.5018     0.787152     0.212848    -0.000666     0.000271
    104.6228     0.787152     0.212848    -0.000712     0.000096
    104.7437     0.787152     0.212848    -0.000714    -0.000086
    104.8647     0.787152     0.212848    -0.000670    -0.000262
    104.9856     0.787152     0.212848    -0.000584    -0.000422
    105.1066     0.787152     0.212848    -0.000461    -0.000556
    105.2275     0.787152     0.212848    -0.000309    -0.000655
    105.3485     0.787152     0.212848    -0.000137    -0.000713
    105.4694     0.787152     0.212848     0.000044    -0.000727
    105.5903     0.787152     0.212848     0.000223    -0.000695
    105.7113     0.787152     0.212848     0.000388    -0.000621
    105.8322     0.787152     0.212848     0.000530    -0.000507
    105.9532     0.787152     0.212848     0.000639    -0.000362
    106.0741     0.787152     0.212848     0.000709    -0.000195
    106.1951     0.787152     0.212848     0.000735    -0.000015
    106.3160     0.787152     0.212848     0.000716     0.000166
    106.4370     0.787152     0.212848     0.000653     0.000336
    106.5579     0.787152     0.212848     0.000550     0.000486
    106.6788     0.787152     0.212848     0.000413     0.000605
    106.7998     0.787152     0.212848     0.000251     0.000687
    106.9207     0.787152     0.212848     0.000073     0.000726
    107.0417     0.787152     0.212848    -0.000109     0.000720
    107.1626     0.787152     0.212848    -0.000283     0.000670
    107.2836     0.787152     0.212848    -0.000440     0.000577
    107.4045     0.787152     0.212848    -0.000569     0.000449
    107.5255     0.787152     0.212848    -0.000662     0.000293
    107.6464     0.787152     0.212848    -0.000714     0.000119
    107.7673     0.787152     0.212848    -0.000721    -0.000063
    107.8883     0.787152     0.212848    -0.000683    -0.000240
    108.0092     0.787152     0.212848    -0.000602    -0.000403
    108.1302     0.787152     0.212848    -0.000484    -0.000540
    108.2511     0.787152     0.212848    -0.000335    -0.000644
    108.3721     0.787152     0.212848    -0.000165    -0.000708
    108.4930     0.787152     0.212848     0.000016    -0.000728
    108.6140     0.787152     0.212848     0.000195    -0.000702
    108.7349     0.787152     0.212848     0.000363    -0.000633
    108.8558     0.787152     0.212848     0.000509    -0.000525
    108.9768     0.787152     0.212848     0.000623    -0.000383
    109.0977     0.787152     0.212848     0.000698    -0.000218
    109.2187     0.787152     0.212848     0.000731    -0.000040
    109.3396     0.787152     0.212848     0.000718     0.000142
    109.4606     0.787152     0.212848     0.000661     0.000314
    109.5815     0.787152     0.212848     0.000563     0.000467
    109.7024     0.787152     0.212848     0.000430     0.000591
    109.8234     0.787152     0.212848     0.000270     0.000678
    109.9443     0.787152     0.212848     0.000094     0.000723
    110.0653     0.787152     0.212848    -0.000088     0.000723
    110.1862     0.787152     0.212848    -0.000264     0.000678
    110.3072     0.787152     0.212848    -0.000423     0.000591
    110.4281     0.787152     0.212848    -0.000556     0.000468
    110.5491     0.787152     0.212848    -0.000655     0.000315
    110.6700     0.787152     0.212848    -0.000712     0.000143
    110.7909     0.787152     0.212848    -0.000725    -0.000039
    110.9119     0.787152     0.212848    -0.000693    -0.000217
    111.0328     0.787152     0.212848    -0.000618    -0.000383
    111.1538     0.787152     0.212848    -0.000504    -0.000524
    111.2747     0.787152     0.212848    -0.000358    -0.000633
    111.3957     0.787152     0.212848    -0.000190    -0.000702
    111.5166     0.787152     0.212848    -0.000011    -0.000728
    111.6376     0.787152     0.212848     0.000170    -0.000709
    111.7585     0.787152     0.212848     0.000340    -0.000645
    111.8794     0.787152     0.212848     0.000489    -0.000541
    112.0004     0.787152     0.212848     0.000608    -0.000404
    112.1213     0.787152     0.212848     0.000689    -0.000241
    112.2423     0.787152     0.212848     0.000727    -0.000064
    112.3632     0.787152     0.212848     0.000721     0.000118
    112.4842     0.787152     0.212848     0.000669     0.000292
    112.6051     0.787152     0.212848     0.000576     0.000448
    112.7261     0.787152     0.212848     0.000447     0.000576
    112.8470     0.787152     0.212848     0.000291     0.000669
    112.9679     0.787152     0.212848     0.000117     0.000720
    113.0889     0.787152     0.212848    -0.000065     0.000726
    113.2098     0.787152     0.212848    -0.000242     0.000687
    113.3308     0.787152     0.212848    -0.000405     0.000605
    113.4517     0.787152     0.212848    -0.000542     0.000486
    113.5727     0.787152     0.212848    -0.000645     0.000336
    113.6936     0.787152     0.212848    -0.000708     0.000166
    113.8146     0.787152     0.212848    -0.000727    -0.000015
    113.9355     0.787152     0.212848    -0.000701    -0.000194
    114.0564     0.787152     0.212848    -0.000631    -0.000362
    114.1774     0.787152     0.212848    -0.000522    -0.000507
    114.2983     0.787152     0.212848    -0.000380    -0.000621
    114.4193     0.787152     0.212848    -0.000215    -0.000696
    114.5402     0.787152     0.212848    -0.000036    -0.000727
    114.6612     0.787152     0.212848     0.000145    -0.000714
    114.7821     0.787152     0.212848     0.000317    -0.000656
    114.9030     0.787152     0.212848     0.000470    -0.000557
    115.0240     0.787152     0.212848     0.000593    -0.000424
    115.1449     0.787152     0.212848     0.000680    -0.000264
    115.2659     0.787152     0.212848     0.000724    -0.000088
    115.3868     0.787152     0.212848     0.000723     0.000094
    115.5078     0.787152     0.212848     0.000678     0.000269
    115.6287     0.787152     0.212848     0.000590     0.000429
    115.7497     0.787152     0.212848     0.000466     0.000561
    115.8706     0.787152     0.212848     0.000312     0.000659
    115.9915     0.787152     0.212848     0.000140     0.000715
    116.1125     0.787152     0.212848    -0.000042     0.000727
    116.2334     0.787152     0.212848    -0.000220     0.000694
    116.3544     0.787152     0.212848    -0.000385     0.000618
    116.4753     0.787152     0.212848    -0.000526     0.000503
    116.5963     0.787152     0.212848    -0.000634     0.000358
    116.7172     0.787152     0.212848    -0.000703     0.000189
    116.8382     0.787152     0.212848    -0.000728     0.000009
    116.9591     0.787152     0.212848    -0.000708    -0.000171
    117.0800     0.787152     0.212848    -0.000643    -0.000341
    117.2010     0.787152     0.212848    -0.000539    -0.000490
    117.3219     0.787152     0.212848    -0.000401    -0.000608
    117.4429     0.787152     0.212848    -0.000238    -0.000688
    117.5638     0.787152     0.212848    -0.000060    -0.000726
    117.6848     0.787152     0.212848     0.000121    -0.000718
    117.8057     0.787152     0.212848     0.000295    -0.000666
    117.9267     0.787152     0.212848     0.000451    -0.000573
    118.0476     0.787152     0.212848     0.000578    -0.000443
    118.1685     0.787152     0.212848     0.000670    -0.000287
    118.2895     0.787152     0.212848     0.000720    -0.000112
    118.4104     0.787152     0.212848     0.000726     0.000070
    118.5314     0.787152     0.212848     0.000686     0.000247
    118.6523     0.787152     0.212848     0.000603     0.000409
    118.7733     0.787152     0.212848     0.000484     0.000545
    118.8942     0.787152     0.212848     0.000334     0.000648
    119.0152     0.787152     0.212848     0.000163     0.000710
    119.1361     0.787152     0.212848    -0.000018     0.000728
    119.2570     0.787152     0.212848    -0.000197     0.000701
    119.3780     0.787152     0.212848    -0.000365     0.000631
    119.4989     0.787152     0.212848    -0.000509     0.000521
    119.6199     0.787152     0.212848    -0.000622     0.000378
    119.7408     0.787152     0.212848    -0.000697     0.000213
    119.8618     0.787152     0.212848    -0.000728     0.000034
    119.9827     0.787152     0.212848    -0.000713    -0.000148
    120.1037     0.787152     0.212848    -0.000655    -0.000319
    120.2246     0.787152     0.212848    -0.000555    -0.000471
    120.3455     0.787152     0.212848    -0.000421    -0.000594
    120.4665     0.787152     0.212848    -0.000261    -0.000680
    120.5874     0.787152     0.212848    -0.000085    -0.000724
    120.7084     0.787152     0.212848     0.000097    -0.000722
    120.8293     0.787152     0.212848     0.000273    -0.000676
    120.9503     0.787152     0.212848     0.000431    -0.000587
    121.0712     0.787152     0.212848     0.000563    -0.000462
    121.1921     0.787152     0.212848     0.000660    -0.000309
    121.3131     0.787152     0.212848     0.000716    -0.000136
    121.4340     0.787152     0.212848     0.000727     0.000045
    121.5550     0.787152     0.212848     0.000693     0.000224
    121.6759     0.787152     0.212848     0.000616     0.000388
    121.7969     0.787152     0.212848     0.000501     0.000529
    121.9178     0.787152     0.212848     0.000355     0.000636
    122.0388     0.787152     0.212848     0.000186     0.000704
    122.1597     0.787152     0.212848     0.000006     0.000728
    122.2806     0.787152     0.212848    -0.000174     0.000707
    122.4016     0.787152     0.212848    -0.000344     0.000642
    122.5225     0.787152     0.212848    -0.000492     0.000537
    122.6435     0.787152     0.212848    -0.000610     0.000399
    122.7644     0.787152     0.212848    -0.000689     0.000236
    122.8854     0.787152     0.212848    -0.000726     0.000058
    123.0063     0.787152     0.212848    -0.000718    -0.000124
    123.1273     0.787152     0.212848    -0.000665    -0.000298
    123.2482     0.787152     0.212848    -0.000571    -0.000453
    123.3691     0.787152     0.212848    -0.000441    -0.000580
    123.4901     0.787152     0.212848    -0.000284    -0.000671
    123.6110     0.787152     0.212848    -0.000109    -0.000720
    123.7320     0.787152     0.212848     0.000073    -0.000725
    123.8529     0.787152     0.212848     0.000250    -0.000684
    123.9739     0.787152     0.212848     0.000411    -0.000601
    124.0948     0.787152     0.212848     0.000547    -0.000481
    124.2158     0.787152     0.212848     0.000649    -0.000330
    124.3367     0.787152     0.212848     0.000711    -0.000160
    124.4576     0.787152     0.212848     0.000728     0.000021
    124.5786     0.787152     0.212848     0.000700     0.000201
    124.6995     0.787152     0.212848     0.000629     0.000368
    124.8205     0.787152     0.212848     0.000518     0.000512
    124.9414     0.787152     0.212848     0.000376     0.000624
    125.0624     0.787152     0.212848     0.000210     0.000698
    125.1833     0.787152     0.212848     0.000030     0.000728
    125.3043     0.787152     0.212848    -0.000151     0.000713
    125.4252     0.787152     0.212848    -0.000322     0.000653
    125.5461     0.787152     0.212848    -0.000474     0.000553
    125.6671     0.787152     0.212848    -0.000596     0.000419
    125.7880     0.787152     0.212848    -0.000681     0.000258
    125.9090     0.787152     0.212848    -0.000724     0.000082
    126.0299     0.787152     0.212848    -0.000722    -0.000100
    126.1509     0.787152     0.212848    -0.000674    -0.000275
    126.2718     0.787152     0.212848    -0.000585    -0.000434
    126.3927     0.787152     0.212848    -0.000460    -0.000565
    126.5137     0.787152     0.212848    -0.000306    -0.000661
    126.6346     0.787152     0.212848    -0.000133    -0.000716
    126.7556     0.787152     0.212848     0.000049    -0.000727
    126.8765     0.787152     0.212848     0.000227    -0.000692
    126.9975     0.787152     0.212848     0.000391    -0.000615
    127.1184     0.787152     0.212848     0.000531    -0.000499
    127.2394     0.787152     0.212848     0.000638    -0.000352
    127.3603     0.787152     0.212848     0.000705    -0.000183
    127.4812     0.787152     0.212848     0.000729    -0.000003
    127.6022     0.787152     0.212848     0.000707     0.000177
    127.7231     0.787152     0.212848     0.000641     0.000347
    127.8441     0.787152     0.212848     0.000535     0.000494
    127.9650     0.787152     0.212848     0.000396     0.000611
    128.0860     0.787152     0.212848     0.000233     0.000690
    128.2069     0.787152     0.212848     0.000054     0.000726
    128.3279     0.787152     0.212848    -0.000127     0.000717
    128.4488     0.787152     0.212848    -0.000300     0.000664
    128.5697     0.787152     0.212848    -0.000455     0.000569
    128.6907     0.787152     0.212848    -0.000582     0.000438
    128.8116     0.787152     0.212848    -0.000672     0.000281
    128.9326     0.787152     0.212848    -0.000721     0.000106
    129.0535     0.787152     0.212848    -0.000725    -0.000076
    129.1745     0.787152     0.212848    -0.000683    -0.000253
    129.2954     0.787152     0.212848    -0.000599    -0.000414
    129.4164     0.787152     0.212848    -0.000478    -0.000549
    129.5373     0.787152     0.212848    -0.000328    -0.000651
    129.6582     0.787152     0.212848    -0.000156    -0.000712
    129.7792     0.787152     0.212848     0.000024    -0.000728
    129.9001     0.787152     0.212848     0.000204    -0.000699
    130.0211     0.787152     0.212848     0.000371    -0.000627
    130.1420     0.787152     0.212848     0.000514    -0.000516
    130.2630     0.787152     0.212848     0.000626    -0.000373
    130.3839     0.787152     0.212848     0.000699    -0.000206
    130.5049     0.787152     0.212848     0.000728    -0.000027
    130.6258     0.787152     0.212848     0.000712     0.000154
    130.7467     0.787152     0.212848     0.000652     0.000325
    130.8677     0.787152     0.212848     0.000551     0.000476
    130.9886     0.787152     0.212848     0.000416     0.000598
    131.1096     0.787152     0.212848     0.000255     0.000682
    131.2305     0.787152     0.212848     0.000079     0.000724
    131.3515     0.787152     0.212848    -0.000103     0.000721
    131.4724     0.787152     0.212848    -0.000278     0.000673
    131.5934     0.787152     0.212848    -0.000436     0.000583
    131.7143     0.787152     0.212848    -0.000567     0.000457
    131.8352     0.787152     0.212848    -0.000663     0.000303
    131.9562     0.787152     0.212848    -0.000717     0.000130
    132.0771     0.787152     0.212848    -0.000727    -0.000052
    132.1981     0.787152     0.212848    -0.000691    -0.000230
    132.3190     0.787152     0.212848    -0.000613    -0.000394
    132.4400     0.787152     0.212848    -0.000496    -0.000533
    132.5609     0.787152     0.212848    -0.000349    -0.000639
    132.6818     0.787152     0.212848    -0.000180    -0.000706
    132.8028     0.787152     0.212848     0.000000    -0.000729
    132.9237     0.787152     0.212848     0.000181    -0.000706
    133.0447     0.787152     0.212848     0.000350    -0.000639
    133.1656     0.787152     0.212848     0.000497    -0.000533
    133.2866     0.787152     0.212848     0.000613    -0.000393
    133.4075     0.787152     0.212848     0.000691    -0.000229
    133.5285     0.787152     0.212848     0.000727    -0.000051
    133.6494     0.787152     0.212848     0.000717     0.000130
    133.7703     0.787152     0.212848     0.000662     0.000303
    133.8913     0.787152     0.212848     0.000567     0.000458
    134.0122     0.787152     0.212848     0.000436     0.000584
    134.1332     0.787152     0.212848     0.000278     0.000673
    134.2541     0.787152     0.212848     0.000103     0.000721
    134.3751     0.787152     0.212848    -0.000079     0.000724
    134.4960     0.787152     0.212848    -0.000256     0.000682
    134.6170     0.787152     0.212848    -0.000417     0.000598
    134.7379     0.787152     0.212848    -0.000552     0.000476
    134.8588     0.787152     0.212848    -0.000652     0.000325
    134.9798     0.787152     0.212848    -0.000712     0.000153
    135.1007     0.787152     0.212848    -0.000728    -0.000028
    135.2217     0.787152     0.212848    -0.000699    -0.000207
    135.3426     0.787152     0.212848    -0.000626    -0.000373
    135.4636     0.787152     0.212848    -0.000514    -0.000516
    135.5845     0.787152     0.212848    -0.000370    -0.000628
    135.7055     0.787152     0.212848    -0.000203    -0.000700
    135.8264     0.787152     0.212848    -0.000024    -0.000728
    135.9473     0.787152     0.212848     0.000157    -0.000711
    136.0683     0.787152     0.212848     0.000328    -0.000650
    136.1892     0.787152     0.212848     0.000479    -0.000549
    136.3102     0.787152     0.212848     0.000600    -0.000413
    136.4311     0.787152     0.212848     0.000683    -0.000252
    136.5521     0.787152     0.212848     0.000725    -0.000075
    136.6730     0.787152     0.212848     0.000721     0.000106
    136.7940     0.787152     0.212848     0.000672     0.000281
    136.9149     0.787152     0.212848     0.000582     0.000439
    137.0358     0.787152     0.212848     0.000455     0.000569
    137.1568     0.787152     0.212848     0.000300     0.000664
    137.2777     0.787152     0.212848     0.000126     0.000717
    137.3987     0.787152     0.212848    -0.000055     0.000726
    137.5196     0.787152     0.212848    -0.000233     0.000690
    137.6406     0.787152     0.212848    -0.000397     0.000611
    137.7615     0.787152     0.212848    -0.000535     0.000494
    137.8824     0.787152     0.212848    -0.000641     0.000346
    138.0034     0.787152     0.212848    -0.000707     0.000177
    138.1243     0.787152     0.212848    -0.000729    -0.000004
    138.2453     0.787152     0.212848    -0.000705    -0.000184
    138.3662     0.787152     0.212848    -0.000638    -0.000352
    138.4872     0.787152     0.212848    -0.000531    -0.000499
    138.6081     0.787152     0.212848    -0.000391    -0.000615
    138.7291     0.787152     0.212848    -0.000226    -0.000692
    138.8500     0.787152     0.212848    -0.000048    -0.000727
    138.9709     0.787152     0.212848     0.000133    -0.000716
    139.0919     0.787152     0.212848     0.000306    -0.000661
    139.2128     0.787152     0.212848     0.000460    -0.000565
    139.3338     0.787152     0.212848     0.000586    -0.000433
    139.4547     0.787152     0.212848     0.000675    -0.000275
    139.5757     0.787152     0.212848     0.000722    -0.000099
    139.6966     0.787152     0.212848     0.000724     0.000082
    139.8176     0.787152     0.212848     0.000681     0.000259
    139.9385     0.787152     0.212848     0.000596     0.000419
    140.0594     0.787152     0.212848     0.000474     0.000554
    140.1804     0.787152     0.212848     0.000322     0.000654
    140.3013     0.787152     0.212848     0.000150     0.000713
    140.4223     0.787152     0.212848    -0.000031     0.000728
    140.5432     0.787152     0.212848    -0.000210     0.000698
    140.6642     0.787152     0.212848    -0.000376     0.000624
    140.7851     0.787152     0.212848    -0.000519     0.000512
    140.9061     0.787152     0.212848    -0.000629     0.000367
    141.0270     0.787152     0.212848    -0.000700     0.000200
    141.1479     0.787152     0.212848    -0.000728     0.000021
    141.2689     0.787152     0.212848    -0.000711    -0.000160
    141.3898     0.787152     0.212848    -0.000649    -0.000331
    141.5108     0.787152     0.212848    -0.000547    -0.000481
    141.6317     0.787152     0.212848    -0.000411    -0.000602
    141.7527     0.787152     0.212848    -0.000249    -0.000685
    141.8736     0.787152     0.212848    -0.000072    -0.000725
    141.9946     0.787152     0.212848     0.000109    -0.000720
    142.1155     0.787152     0.212848     0.000284    -0.000671
    142.2364     0.787152     0.212848     0.000441    -0.000580
    142.3574     0.787152     0.212848     0.000571    -0.000452
    142.4783     0.787152     0.212848     0.000665    -0.000297
    142.5993     0.787152     0.212848     0.000718    -0.000123
    142.7202     0.787152     0.212848     0.000726     0.000058
    142.8412     0.787152     0.212848     0.000689     0.000236
    142.9621     0.787152     0.212848     0.000609     0.000399
    143.0831     0.787152     0.212848     0.000492     0.000538
    143.2040     0.787152     0.212848     0.000343     0.000643
    143.3249     0.787152     0.212848     0.000174     0.000708
    143.4459     0.787152     0.212848    -0.000007     0.000728
    143.5668     0.787152     0.212848    -0.000187     0.000704
    143.6878     0.787152     0.212848    -0.000355     0.000636
    143.8087     0.787152     0.212848    -0.000501     0.000528
    143.9297     0.787152     0.212848    -0.000617     0.000388
    144.0506     0.787152     0.212848    -0.000693     0.000223
    144.1715     0.787152     0.212848    -0.000727     0.000045
    144.2925     0.787152     0.212848    -0.000716    -0.000136
    144.4134     0.787152     0.212848    -0.000660    -0.000309
    144.5344     0.787152     0.212848    -0.000563    -0.000463
    144.6553     0.787152     0.212848    -0.000431    -0.000588
    144.7763     0.787152     0.212848    -0.000272    -0.000676
    144.8972     0.787152     0.212848    -0.000096    -0.000722
    145.0182     0.787152     0.212848     0.000086    -0.000723
    145.1391     0.787152     0.212848     0.000262    -0.000680
    145.2600     0.787152     0.212848     0.000422    -0.000594
    145.3810     0.787152     0.212848     0.000556    -0.000471
    145.5019     0.787152     0.212848     0.000655    -0.000319
    145.6229     0.787152     0.212848     0.000714    -0.000147
    145.7438     0.787152     0.212848     0.000728     0.000034
    145.8648     0.787152     0.212848     0.000697     0.000213
    145.9857     0.787152     0.212848     0.000622     0.000379
    146.1067     0.787152     0.212848     0.000509     0.000521
    146.2276     0.787152     0.212848     0.000364     0.000631
    146.3485     0.787152     0.212848     0.000197     0.000701
    146.4695     0.787152     0.212848     0.000017     0.000728
    146.5904     0.787152     0.212848    -0.000163     0.000710
    146.7114     0.787152     0.212848    -0.000334     0.000648
    146.8323     0.787152     0.212848    -0.000484     0.000545
    146.9533     0.787152     0.212848    -0.000603     0.000408
    147.0742     0.787152     0.212848    -0.000686     0.000246
    147.1952     0.787152     0.212848    -0.000725     0.000069
    147.3161     0.787152     0.212848    -0.000720    -0.000113
    147.4370     0.787152     0.212848    -0.000670    -0.000287
    147.5580     0.787152     0.212848    -0.000578    -0.000444
    147.6789     0.787152     0.212848    -0.000450    -0.000573
    147.7999     0.787152     0.212848    -0.000294    -0.000667
    147.9208     0.787152     0.212848    -0.000120    -0.000719
    148.0418     0.787152     0.212848     0.000061    -0.000726
    148.1627     0.787152     0.212848     0.000239    -0.000688
    148.2837     0.787152     0.212848     0.000402    -0.000608
    148.4046     0.787152     0.212848     0.000540    -0.000489
    148.5255     0.787152     0.212848     0.000644    -0.000340
    148.6465     0.787152     0.212848     0.000708    -0.000171
    148.7674     0.787152     0.212848     0.000728     0.000010
    148.8884     0.787152     0.212848     0.000703     0.000190
    149.0093     0.787152     0.212848     0.000634     0.000358
    149.1303     0.787152     0.212848     0.000526     0.000504
    149.2512     0.787152     0.212848     0.000385     0.000618
    149.3721     0.787152     0.212848     0.000220     0.000694
    149.4931     0.787152     0.212848     0.000042     0.000727
    149.6140     0.787152     0.212848    -0.000140     0.000715
    149.7350     0.787152     0.212848    -0.000312     0.000658
    149.8559     0.787152     0.212848    -0.000465     0.000561
    149.9769     0.787152     0.212848    -0.000590     0.000428
