      0.0060     1.000021    -0.000021    -0.000084    -0.000755
      0.1270     1.000021    -0.000021    -0.000084    -0.000755
      0.2479     1.000021    -0.000021    -0.000083    -0.000755
      0.3689     1.000021    -0.000021    -0.000083    -0.000756
      0.4898     1.000021    -0.000021    -0.000082    -0.000756
      0.6108     1.000021    -0.000021    -0.000082    -0.000757
      0.7317     1.000021    -0.000021    -0.000082    -0.000757
      0.8527     1.000021    -0.000021    -0.000082    -0.000758
      0.9736     1.000021    -0.000021    -0.000082    -0.000758
      1.0945     1.000021    -0.000021    -0.000082    -0.000759
      1.2155     1.000021    -0.000021    -0.000082    -0.000759
      1.3364     1.000021    -0.000021    -0.000083    -0.000760
      1.4574     1.000021    -0.000021    -0.000083    -0.000760
      1.5783     1.000021    -0.000021    -0.000084    -0.000761
      1.6993     1.000021    -0.000021    -0.000084    -0.000761
      1.8202     1.000021    -0.000021    -0.000085    -0.000762
      1.9412     1.000021    -0.000021    -0.000086    -0.000762
      2.0621     1.000021    -0.000021    -0.000087    -0.000763
      2.1830     1.000021    -0.000021    -0.000088    -0.000764
      2.3040     1.000021    -0.000021    -0.000089    -0.000764
      2.4249     1.000021    -0.000021    -0.000091    -0.000765
      2.5459     1.000021    -0.000021    -0.000092    -0.000765
      2.6668     1.000021    -0.000021    -0.000094    -0.000766
      2.7878     1.000021    -0.000021    -0.000096    -0.000766
      2.9087     1.000021    -0.000021    -0.000098    -0.000767
      3.0297     1.000021    -0.000021    -0.000100    -0.000767
      3.1506     1.000021    -0.000021    -0.000102    -0.000768
      3.2715     1.000021    -0.000021    -0.000105    -0.000769
      3.3925     1.000021    -0.000021    -0.000107    -0.000769
      3.5134     1.000021    -0.000021    -0.000110    -0.000770
      3.6344     1.000021    -0.000021    -0.000113    -0.000771
      3.7553     1.000021    -0.000021    -0.000116    -0.000771
      3.8763     1.000021    -0.000021    -0.000119    -0.000772
      3.9972     1.000021    -0.000021    -0.000123    -0.000773
      4.1182     1.000021    -0.000021    -0.000126    -0.000773
      4.2391     1.000021    -0.000021    -0.000130    -0.000774
      4.3600     1.000021    -0.000021    -0.000134    -0.000775
      4.4810     1.000021    -0.000021    -0.000138    -0.000776
      4.6019     1.000021    -0.000021    -0.000143    -0.000777
      4.7229     1.000021    -0.000021    -0.000147    -0.000778
      4.8438     1.000021    -0.000021    -0.000152    -0.000778
      4.9648     1.000021    -0.000021    -0.000157    -0.000779
      5.0857     1.000021    -0.000021    -0.000162    -0.000780
      5.2066     1.000020    -0.000020    -0.000167    -0.000781
      5.3276     1.000021    -0.000021    -0.000173    -0.000782
      5.4485     1.000020    -0.000020    -0.000179    -0.000783
      5.5695     1.000020    -0.000020    -0.000185    -0.000784
      5.6904     1.000020    -0.000020    -0.000191    -0.000786
      5.8114     1.000020    -0.000020    -0.000198    -0.000787
      5.9323     1.000020    -0.000020    -0.000205    -0.000788
      6.0533     1.000020    -0.000020    -0.000212    -0.000789
      6.1742     1.000020    -0.000020    -0.000219    -0.000791
      6.2951     1.000020    -0.000020    -0.000227    -0.000792
      6.4161     1.000020    -0.000020    -0.000235    -0.000793
      6.5370     1.000020    -0.000020    -0.000243    -0.000795
      6.6580     1.000020    -0.000020    -0.000251    -0.000796
      6.7789     1.000020    -0.000020    -0.000260    -0.000798
      6.8999     1.000020    -0.000020    -0.000269    -0.000799
      7.0208     1.000020    -0.000020    -0.000279    -0.000801
      7.1418     1.000020    -0.000020    -0.000288    -0.000803
      7.2627     1.000020    -0.000020    -0.000298    -0.000804
      7.3836     1.000020    -0.000020    -0.000309    -0.000806
      7.5046     1.000020    -0.000020    -0.000319    -0.000808
      7.6255     1.000020    -0.000020    -0.000330    -0.000810
      7.7465     1.000020    -0.000020    -0.000342    -0.000812
      7.8674     1.000020    -0.000020    -0.000353    -0.000814
      7.9884     1.000019    -0.000019    -0.000366    -0.000816
      8.1093     1.000019    -0.000019    -0.000378    -0.000819
      8.2303     1.000019    -0.000019    -0.000391    -0.000821
      8.3512     1.000019    -0.000019    -0.000404    -0.000823
      8.4721     1.000019    -0.000019    -0.000418    -0.000826
      8.5931     1.000019    -0.000019    -0.000432    -0.000828
      8.7140     1.000019    -0.000019    -0.000446    -0.000831
      8.8350     1.000019    -0.000019    -0.000461    -0.000834
      8.9559     1.000019    -0.000019    -0.000477    -0.000836
      9.0769     1.000019    -0.000019    -0.000492    -0.000839
      9.1978     1.000019    -0.000019    -0.000509    -0.000842
      9.3188     1.000018    -0.000018    -0.000525    -0.000845
      9.4397     1.000018    -0.000018    -0.000543    -0.000849
      9.5606     1.000018    -0.000018    -0.000560    -0.000852
      9.6816     1.000018    -0.000018    -0.000578    -0.000855
      9.8025     1.000018    -0.000018    -0.000597    -0.000859
      9.9235     1.000018    -0.000018    -0.000616    -0.000863
     10.0444     1.000018    -0.000018    -0.000636    -0.000866
     10.1654     1.000018    -0.000018    -0.000657    -0.000870
     10.2863     1.000017    -0.000017    -0.000677    -0.000874
     10.4072     1.000017    -0.000017    -0.000699    -0.000878
     10.5282     1.000017    -0.000017    -0.000721    -0.000883
     10.6491     1.000017    -0.000017    -0.000744    -0.000887
     10.7701     1.000017    -0.000017    -0.000767    -0.000892
     10.8910     1.000017    -0.000017    -0.000791    -0.000896
     11.0120     1.000016    -0.000016    -0.000815    -0.000901
     11.1329     1.000016    -0.000016    -0.000840    -0.000906
     11.2539     1.000016    -0.000016    -0.000866    -0.000911
     11.3748     1.000016    -0.000016    -0.000893    -0.000916
     11.4957     1.000016    -0.000016    -0.000920    -0.000922
     11.6167     1.000015    -0.000015    -0.000948    -0.000927
     11.7376     1.000015    -0.000015    -0.000977    -0.000933
     11.8586     1.000015    -0.000015    -0.001006    -0.000939
     11.9795     1.000015    -0.000015    -0.001036    -0.000945
     12.1005     1.000014    -0.000014    -0.001067    -0.000952
     12.2214     1.000014    -0.000014    -0.001099    -0.000958
     12.3424     1.000014    -0.000014    -0.001132    -0.000965
     12.4633     1.000013    -0.000013    -0.001165    -0.000972
     12.5842     1.000013    -0.000013    -0.001200    -0.000979
     12.7052     1.000013    -0.000013    -0.001235    -0.000986
     12.8261     1.000012    -0.000012    -0.001271    -0.000994
     12.9471     1.000012    -0.000012    -0.001308    -0.001001
     13.0680     1.000012    -0.000012    -0.001346    -0.001009
     13.1890     1.000011    -0.000011    -0.001385    -0.001017
     13.3099     1.000011    -0.000011    -0.001425    -0.001026
     13.4309     1.000010    -0.000010    -0.001466    -0.001034
     13.5518     1.000010    -0.000010    -0.001508    -0.001043
     13.6727     1.000009    -0.000009    -0.001551    -0.001053
     13.7937     1.000009    -0.000009    -0.001595    -0.001062
     13.9146     1.000008    -0.000008    -0.001640    -0.001072
     14.0356     1.000008    -0.000008    -0.001686    -0.001082
     14.1565     1.000007    -0.000007    -0.001734    -0.001092
     14.2775     1.000007    -0.000007    -0.001782    -0.001103
     14.3984     1.000006    -0.000006    -0.001832    -0.001113
     14.5194     1.000005    -0.000005    -0.001883    -0.001125
     14.6403     1.000005    -0.000004    -0.001935    -0.001136
     14.7612     1.000004    -0.000004    -0.001989    -0.001148
     14.8822     1.000003    -0.000003    -0.002044    -0.001160
     15.0031     1.000002    -0.000002    -0.002100    -0.001172
     15.1241     1.000002    -0.000002    -0.002158    -0.001185
     15.2450     1.000001    -0.000001    -0.002217    -0.001198
     15.3660     1.000000     0.000000    -0.002277    -0.001212
     15.4869     0.999999     0.000001    -0.002339    -0.001226
     15.6079     0.999998     0.000002    -0.002403    -0.001240
     15.7288     0.999997     0.000003    -0.002468    -0.001254
     15.8497     0.999996     0.000004    -0.002534    -0.001269
     15.9707     0.999995     0.000005    -0.002602    -0.001285
     16.0916     0.999993     0.000007    -0.002672    -0.001301
     16.2126     0.999992     0.000008    -0.002744    -0.001317
     16.3335     0.999991     0.000009    -0.002817    -0.001334
     16.4545     0.999990     0.000010    -0.002892    -0.001351
     16.5754     0.999988     0.000012    -0.002969    -0.001368
     16.6963     0.999987     0.000013    -0.003047    -0.001386
     16.8173     0.999985     0.000015    -0.003128    -0.001405
     16.9382     0.999984     0.000016    -0.003210    -0.001424
     17.0592     0.999982     0.000018    -0.003294    -0.001443
     17.1801     0.999980     0.000020    -0.003381    -0.001463
     17.3011     0.999978     0.000022    -0.003469    -0.001484
     17.4220     0.999976     0.000024    -0.003560    -0.001505
     17.5430     0.999974     0.000026    -0.003653    -0.001527
     17.6639     0.999972     0.000028    -0.003748    -0.001549
     17.7848     0.999970     0.000030    -0.003845    -0.001572
     17.9058     0.999968     0.000032    -0.003944    -0.001595
     18.0267     0.999965     0.000035    -0.004046    -0.001619
     18.1477     0.999963     0.000037    -0.004150    -0.001644
     18.2686     0.999960     0.000040    -0.004257    -0.001669
     18.3896     0.999957     0.000042    -0.004366    -0.001695
     18.5105     0.999955     0.000045    -0.004478    -0.001721
     18.6315     0.999952     0.000048    -0.004593    -0.001749
     18.7524     0.999949     0.000051    -0.004710    -0.001777
     18.8733     0.999945     0.000055    -0.004830    -0.001805
     18.9943     0.999942     0.000058    -0.004952    -0.001835
     19.1152     0.999938     0.000062    -0.005078    -0.001865
     19.2362     0.999935     0.000065    -0.005206    -0.001896
     19.3571     0.999931     0.000069    -0.005338    -0.001927
     19.4781     0.999927     0.000073    -0.005473    -0.001960
     19.5990     0.999922     0.000078    -0.005610    -0.001993
     19.7200     0.999918     0.000082    -0.005751    -0.002027
     19.8409     0.999913     0.000087    -0.005896    -0.002062
     19.9618     0.999908     0.000092    -0.006043    -0.002098
     20.0828     0.999903     0.000097    -0.006194    -0.002135
     20.2037     0.999898     0.000102    -0.006349    -0.002173
     20.3247     0.999892     0.000108    -0.006507    -0.002211
     20.4456     0.999886     0.000114    -0.006669    -0.002251
     20.5666     0.999880     0.000120    -0.006835    -0.002291
     20.6875     0.999874     0.000126    -0.007004    -0.002333
     20.8085     0.999867     0.000133    -0.007178    -0.002376
     20.9294     0.999860     0.000140    -0.007355    -0.002419
     21.0503     0.999853     0.000147    -0.007537    -0.002464
     21.1713     0.999845     0.000155    -0.007722    -0.002510
     21.2922     0.999837     0.000163    -0.007913    -0.002557
     21.4132     0.999829     0.000171    -0.008107    -0.002605
     21.5341     0.999820     0.000180    -0.008306    -0.002654
     21.6551     0.999811     0.000189    -0.008509    -0.002705
     21.7760     0.999801     0.000199    -0.008718    -0.002757
     21.8969     0.999791     0.000209    -0.008931    -0.002810
     22.0179     0.999781     0.000219    -0.009148    -0.002864
     22.1388     0.999770     0.000230    -0.009371    -0.002920
     22.2598     0.999759     0.000241    -0.009599    -0.002977
     22.3807     0.999747     0.000253    -0.009832    -0.003036
     22.5017     0.999734     0.000266    -0.010071    -0.003096
     22.6226     0.999721     0.000279    -0.010315    -0.003157
     22.7436     0.999708     0.000292    -0.010564    -0.003220
     22.8645     0.999694     0.000306    -0.010820    -0.003284
     22.9854     0.999679     0.000321    -0.011081    -0.003350
     23.1064     0.999663     0.000337    -0.011348    -0.003418
     23.2273     0.999647     0.000353    -0.011621    -0.003487
     23.3483     0.999630     0.000370    -0.011900    -0.003558
     23.4692     0.999612     0.000388    -0.012186    -0.003630
     23.5902     0.999594     0.000406    -0.012478    -0.003705
     23.7111     0.999575     0.000425    -0.012776    -0.003781
     23.8321     0.999555     0.000445    -0.013082    -0.003859
     23.9530     0.999533     0.000467    -0.013394    -0.003939
     24.0739     0.999511     0.000489    -0.013713    -0.004021
     24.1949     0.999489     0.000511    -0.014040    -0.004104
     24.3158     0.999465     0.000535    -0.014374    -0.004190
     24.4368     0.999439     0.000561    -0.014715    -0.004278
     24.5577     0.999413     0.000587    -0.015064    -0.004368
     24.6787     0.999386     0.000614    -0.015421    -0.004460
     24.7996     0.999357     0.000643    -0.015786    -0.004554
     24.9206     0.999328     0.000672    -0.016158    -0.004651
     25.0415     0.999297     0.000703    -0.016540    -0.004750
     25.1624     0.999264     0.000736    -0.016929    -0.004851
     25.2834     0.999230     0.000770    -0.017328    -0.004955
     25.4043     0.999195     0.000805    -0.017735    -0.005061
     25.5253     0.999158     0.000842    -0.018151    -0.005170
     25.6462     0.999120     0.000880    -0.018576    -0.005281
     25.7672     0.999080     0.000920    -0.019011    -0.005395
     25.8881     0.999038     0.000962    -0.019455    -0.005512
     26.0091     0.998994     0.001006    -0.019909    -0.005631
     26.1300     0.998949     0.001051    -0.020372    -0.005753
     26.2509     0.998901     0.001099    -0.020846    -0.005878
     26.3719     0.998852     0.001148    -0.021330    -0.006006
     26.4928     0.998800     0.001200    -0.021825    -0.006138
     26.6138     0.998746     0.001254    -0.022330    -0.006272
     26.7347     0.998690     0.001310    -0.022847    -0.006409
     26.8557     0.998632     0.001368    -0.023374    -0.006550
     26.9766     0.998571     0.001429    -0.023913    -0.006694
     27.0976     0.998508     0.001492    -0.024463    -0.006842
     27.2185     0.998441     0.001559    -0.025025    -0.006993
     27.3394     0.998373     0.001627    -0.025599    -0.007147
     27.4604     0.998301     0.001699    -0.026185    -0.007305
     27.5813     0.998226     0.001774    -0.026784    -0.007467
     27.7023     0.998148     0.001852    -0.027395    -0.007633
     27.8232     0.998067     0.001933    -0.028019    -0.007802
     27.9442     0.997983     0.002017    -0.028656    -0.007976
     28.0651     0.997895     0.002105    -0.029307    -0.008154
     28.1860     0.997804     0.002196    -0.029971    -0.008335
     28.3070     0.997709     0.002291    -0.030648    -0.008521
     28.4279     0.997610     0.002390    -0.031340    -0.008712
     28.5489     0.997507     0.002493    -0.032046    -0.008907
     28.6698     0.997400     0.002600    -0.032766    -0.009106
     28.7908     0.997289     0.002711    -0.033501    -0.009311
     28.9117     0.997173     0.002827    -0.034251    -0.009520
     29.0327     0.997053     0.002947    -0.035016    -0.009733
     29.1536     0.996928     0.003072    -0.035796    -0.009952
     29.2745     0.996798     0.003202    -0.036592    -0.010176
     29.3955     0.996663     0.003337    -0.037404    -0.010406
     29.5164     0.996523     0.003477    -0.038232    -0.010640
     29.6374     0.996378     0.003622    -0.039076    -0.010880
     29.7583     0.996226     0.003774    -0.039937    -0.011126
     29.8793     0.996069     0.003931    -0.040814    -0.011377
     30.0002     0.995906     0.004094    -0.041709    -0.011634
     30.1212     0.995737     0.004263    -0.042620    -0.011897
     30.2421     0.995562     0.004438    -0.043550    -0.012167
     30.3630     0.995380     0.004620    -0.044497    -0.012442
     30.4840     0.995191     0.004809    -0.045462    -0.012724
     30.6049     0.994995     0.005005    -0.046445    -0.013013
     30.7259     0.994792     0.005208    -0.047446    -0.013308
     30.8468     0.994581     0.005419    -0.048466    -0.013610
     30.9678     0.994363     0.005637    -0.049505    -0.013919
     31.0887     0.994136     0.005864    -0.050562    -0.014235
     31.2097     0.993902     0.006098    -0.051639    -0.014559
     31.3306     0.993659     0.006341    -0.052735    -0.014890
     31.4515     0.993408     0.006592    -0.053852    -0.015228
     31.5725     0.993147     0.006853    -0.054987    -0.015575
     31.6934     0.992878     0.007122    -0.056143    -0.015929
     31.8144     0.992599     0.007401    -0.057319    -0.016291
     31.9353     0.992310     0.007690    -0.058515    -0.016662
     32.0563     0.992011     0.007989    -0.059732    -0.017042
     32.1772     0.991703     0.008297    -0.060969    -0.017430
     32.2982     0.991383     0.008617    -0.062227    -0.017827
     32.4191     0.991053     0.008947    -0.063506    -0.018233
     32.5400     0.990712     0.009288    -0.064806    -0.018648
     32.6610     0.990359     0.009641    -0.066127    -0.019073
     32.7819     0.989995     0.010005    -0.067470    -0.019507
     32.9029     0.989619     0.010381    -0.068834    -0.019952
     33.0238     0.989230     0.010770    -0.070220    -0.020406
     33.1448     0.988829     0.011171    -0.071627    -0.020871
     33.2657     0.988416     0.011584    -0.073056    -0.021346
     33.3866     0.987988     0.012012    -0.074506    -0.021832
     33.5076     0.987548     0.012452    -0.075979    -0.022330
     33.6285     0.987094     0.012906    -0.077473    -0.022838
     33.7495     0.986625     0.013375    -0.078989    -0.023358
     33.8704     0.986142     0.013858    -0.080527    -0.023889
     33.9914     0.985645     0.014355    -0.082087    -0.024433
     34.1123     0.985132     0.014868    -0.083669    -0.024989
     34.2333     0.984604     0.015396    -0.085272    -0.025557
     34.3542     0.984060     0.015940    -0.086898    -0.026138
     34.4751     0.983500     0.016500    -0.088544    -0.026732
     34.5961     0.982924     0.017076    -0.090213    -0.027339
     34.7170     0.982331     0.017669    -0.091903    -0.027959
     34.8380     0.981721     0.018279    -0.093614    -0.028594
     34.9589     0.981094     0.018906    -0.095347    -0.029242
     35.0799     0.980449     0.019551    -0.097101    -0.029905
     35.2008     0.979786     0.020214    -0.098876    -0.030582
     35.3218     0.979105     0.020895    -0.100671    -0.031275
     35.4427     0.978405     0.021595    -0.102487    -0.031982
     35.5636     0.977687     0.022313    -0.104323    -0.032705
     35.6846     0.976949     0.023051    -0.106179    -0.033444
     35.8055     0.976192     0.023808    -0.108054    -0.034198
     35.9265     0.975414     0.024586    -0.109950    -0.034970
     36.0474     0.974617     0.025383    -0.111864    -0.035757
     36.1684     0.973799     0.026201    -0.113796    -0.036562
     36.2893     0.972961     0.027039    -0.115747    -0.037384
     36.4103     0.972102     0.027898    -0.117716    -0.038224
     36.5312     0.971221     0.028779    -0.119702    -0.039081
     36.6521     0.970319     0.029681    -0.121706    -0.039957
     36.7731     0.969395     0.030605    -0.123726    -0.040851
     36.8940     0.968449     0.031551    -0.125761    -0.041764
     37.0150     0.967481     0.032519    -0.127812    -0.042696
     37.1359     0.966490     0.033510    -0.129878    -0.043648
     37.2569     0.965476     0.034524    -0.131958    -0.044619
     37.3778     0.964440     0.035560    -0.134052    -0.045611
     37.4988     0.963380     0.036620    -0.136159    -0.046623
     37.6197     0.962297     0.037703    -0.138278    -0.047655
     37.7406     0.961190     0.038810    -0.140408    -0.048709
     37.8616     0.960060     0.039940    -0.142549    -0.049784
     37.9825     0.958905     0.041095    -0.144701    -0.050880
     38.1035     0.957727     0.042273    -0.146861    -0.051998
     38.2244     0.956524     0.043476    -0.149030    -0.053139
     38.3454     0.955297     0.044703    -0.151206    -0.054302
     38.4663     0.954046     0.045954    -0.153389    -0.055488
     38.5873     0.952769     0.047231    -0.155578    -0.056696
     38.7082     0.951469     0.048531    -0.157771    -0.057928
     38.8291     0.950143     0.049857    -0.159968    -0.059184
     38.9501     0.948793     0.051207    -0.162168    -0.060464
     39.0710     0.947417     0.052583    -0.164370    -0.061768
     39.1920     0.946017     0.053983    -0.166572    -0.063096
     39.3129     0.944592     0.055408    -0.168774    -0.064449
     39.4339     0.943142     0.056858    -0.170974    -0.065827
     39.5548     0.941667     0.058333    -0.173171    -0.067230
     39.6757     0.940168     0.059832    -0.175364    -0.068658
     39.7967     0.938643     0.061357    -0.177552    -0.070113
     39.9176     0.937094     0.062906    -0.179733    -0.071593
     40.0386     0.935520     0.064480    -0.181905    -0.073099
     40.1595     0.933921     0.066079    -0.184069    -0.074631
     40.2805     0.932298     0.067702    -0.186222    -0.076190
     40.4014     0.930651     0.069349    -0.188362    -0.077775
     40.5224     0.928980     0.071020    -0.190489    -0.079387
     40.6433     0.927285     0.072715    -0.192600    -0.081025
     40.7642     0.925566     0.074434    -0.194695    -0.082689
     40.8852     0.923823     0.076177    -0.196772    -0.084380
     41.0061     0.922057     0.077943    -0.198829    -0.086098
     41.1271     0.920268     0.079731    -0.200865    -0.087843
     41.2480     0.918457     0.081543    -0.202879    -0.089614
     41.3690     0.916623     0.083377    -0.204869    -0.091411
     41.4899     0.914767     0.085233    -0.206833    -0.093236
     41.6109     0.912888     0.087111    -0.208769    -0.095088
     41.7318     0.910989     0.089011    -0.210676    -0.096966
     41.8527     0.909068     0.090932    -0.212551    -0.098872
     41.9737     0.907127     0.092873    -0.214393    -0.100804
     42.0946     0.905165     0.094835    -0.216199    -0.102761
     42.2156     0.903184     0.096816    -0.217968    -0.104744
     42.3365     0.901183     0.098817    -0.219699    -0.106752
     42.4575     0.899163     0.100837    -0.221389    -0.108784
     42.5784     0.897125     0.102875    -0.223038    -0.110840
     42.6994     0.895068     0.104932    -0.224642    -0.112921
     42.8203     0.892995     0.107005    -0.226200    -0.115024
     42.9412     0.890904     0.109096    -0.227710    -0.117150
     43.0622     0.888797     0.111203    -0.229171    -0.119295
     43.1831     0.886674     0.113326    -0.230582    -0.121461
     43.3041     0.884536     0.115464    -0.231942    -0.123648
     43.4250     0.882384     0.117616    -0.233249    -0.125856
     43.5460     0.880217     0.119783    -0.234500    -0.128084
     43.6669     0.878037     0.121963    -0.235693    -0.130331
     43.7879     0.875844     0.124156    -0.236826    -0.132595
     43.9088     0.873640     0.126360    -0.237899    -0.134876
     44.0297     0.871424     0.128576    -0.238909    -0.137174
     44.1507     0.869197     0.130803    -0.239855    -0.139487
     44.2716     0.866960     0.133040    -0.240734    -0.141816
     44.3926     0.864714     0.135286    -0.241545    -0.144158
     44.5135     0.862460     0.137540    -0.242286    -0.146511
     44.6345     0.860198     0.139802    -0.242956    -0.148875
     44.7554     0.857929     0.142071    -0.243554    -0.151251
     44.8764     0.855653     0.144347    -0.244075    -0.153635
     44.9973     0.853372     0.146628    -0.244517    -0.156025
     45.1182     0.851086     0.148914    -0.244883    -0.158417
     45.2392     0.848796     0.151204    -0.245171    -0.160813
     45.3601     0.846503     0.153497    -0.245380    -0.163210
     45.4811     0.844207     0.155793    -0.245511    -0.165604
     45.6020     0.841910     0.158090    -0.245565    -0.168002
     45.7230     0.839612     0.160388    -0.245534    -0.170405
     45.8439     0.837314     0.162686    -0.245414    -0.172805
     45.9648     0.835017     0.164983    -0.245205    -0.175195
     46.0858     0.832721     0.167279    -0.244914    -0.177575
     46.2067     0.830428     0.169572    -0.244538    -0.179950
     46.3277     0.828138     0.171862    -0.244073    -0.182320
     46.4486     0.825852     0.174148    -0.243513    -0.184679
     46.5696     0.823571     0.176429    -0.242858    -0.187022
     46.6905     0.821295     0.178705    -0.242112    -0.189342
     46.8115     0.819026     0.180974    -0.241279    -0.191643
     46.9324     0.816764     0.183236    -0.240355    -0.193928
     47.0533     0.814510     0.185490    -0.239333    -0.196191
     47.1743     0.812265     0.187735    -0.238218    -0.198425
     47.2952     0.810029     0.189971    -0.237013    -0.200631
     47.4162     0.807804     0.192196    -0.235716    -0.202809
     47.5371     0.805590     0.194410    -0.234326    -0.204955
     47.6581     0.803388     0.196612    -0.232845    -0.207071
     47.7790     0.801198     0.198802    -0.231269    -0.209156
     47.9000     0.799022     0.200978    -0.229593    -0.211203
     48.0209     0.796860     0.203140    -0.227823    -0.213205
     48.1418     0.794712     0.205288    -0.225961    -0.215165
     48.2628     0.792580     0.207420    -0.224002    -0.217079
     48.3837     0.790465     0.209535    -0.221951    -0.218935
     48.5047     0.788366     0.211634    -0.219819    -0.220740
     48.6256     0.786285     0.213715    -0.217598    -0.222499
     48.7466     0.784222     0.215778    -0.215281    -0.224200
     48.8675     0.782177     0.217823    -0.212880    -0.225833
     48.9885     0.780152     0.219848    -0.210405    -0.227405
     49.1094     0.778148     0.221852    -0.207852    -0.228920
     49.2303     0.776164     0.223836    -0.205219    -0.230374
     49.3513     0.774201     0.225799    -0.202514    -0.231768
     49.4722     0.772259     0.227741    -0.199727    -0.233110
     49.5932     0.770340     0.229660    -0.196850    -0.234390
     49.7141     0.768444     0.231556    -0.193881    -0.235591
     49.8351     0.766571     0.233429    -0.190835    -0.236705
     49.9560     0.764722     0.235278    -0.187723    -0.237731
     50.0770     0.762897     0.237103    -0.184551    -0.238674
     50.1979     0.761096     0.238904    -0.181322    -0.239536
     50.3188     0.759321     0.240679    -0.178038    -0.240320
     50.4398     0.757571     0.242429    -0.174698    -0.241030
     50.5607     0.755846     0.244154    -0.171296    -0.241664
     50.6817     0.754148     0.245852    -0.167832    -0.242211
     50.8026     0.752476     0.247524    -0.164314    -0.242664
     50.9236     0.750831     0.249169    -0.160756    -0.243022
     51.0445     0.749213     0.250787    -0.157164    -0.243296
     51.1654     0.747622     0.252378    -0.153527    -0.243493
     51.2864     0.746059     0.253941    -0.149844    -0.243597
     51.4073     0.744523     0.255477    -0.146136    -0.243606
     51.5283     0.743016     0.256984    -0.142401    -0.243547
     51.6492     0.741536     0.258464    -0.138603    -0.243405
     51.7702     0.740084     0.259916    -0.134762    -0.243131
     51.8911     0.738661     0.261339    -0.130944    -0.242742
     52.0121     0.737266     0.262734    -0.127133    -0.242301
     52.1330     0.735900     0.264100    -0.123277    -0.241792
     52.2539     0.734562     0.265438    -0.119400    -0.241170
     52.3749     0.733253     0.266747    -0.115540    -0.240466
     52.4958     0.731972     0.268028    -0.111659    -0.239713
     52.6168     0.730720     0.269279    -0.107726    -0.238865
     52.7377     0.729497     0.270503    -0.103788    -0.237888
     52.8587     0.728302     0.271698    -0.099882    -0.236826
     52.9796     0.727136     0.272864    -0.095959    -0.235709
     53.1006     0.725998     0.274002    -0.091988    -0.234479
     53.2215     0.724889     0.275111    -0.088037    -0.233088
     53.3424     0.723807     0.276193    -0.084169    -0.231599
     53.4634     0.722754     0.277246    -0.080332    -0.230070
     53.5843     0.721728     0.278272    -0.076485    -0.228449
     53.7053     0.720730     0.279270    -0.072692    -0.226717
     53.8262     0.719760     0.280240    -0.068957    -0.224938
     53.9472     0.718817     0.281183    -0.065222    -0.223097
     54.0681     0.717901     0.282099    -0.061533    -0.221152
     54.1891     0.717011     0.282989    -0.057917    -0.219182
     54.3100     0.716149     0.283851    -0.054254    -0.217199
     54.4309     0.715312     0.284688    -0.050546    -0.215043
     54.5519     0.714501     0.285499    -0.046968    -0.212719
     54.6728     0.713717     0.286283    -0.043522    -0.210391
     54.7938     0.712957     0.287043    -0.040078    -0.208052
     54.9147     0.712222     0.287778    -0.036659    -0.205613
     55.0357     0.711513     0.288487    -0.033310    -0.203118
     55.1566     0.710827     0.289173    -0.029970    -0.200562
     55.2776     0.710166     0.289834    -0.026683    -0.197863
     55.3985     0.709528     0.290472    -0.023550    -0.195075
     55.5194     0.708913     0.291087    -0.020527    -0.192293
     55.6404     0.708321     0.291679    -0.017562    -0.189487
     55.7613     0.707752     0.292248    -0.014682    -0.186657
     55.8823     0.707204     0.292796    -0.011839    -0.183842
     56.0032     0.706678     0.293322    -0.008982    -0.180958
     56.1242     0.706173     0.293827    -0.006221    -0.177932
     56.2451     0.705689     0.294311    -0.003652    -0.174887
     56.3661     0.705225     0.294775    -0.001159    -0.171943
     56.4870     0.704781     0.295219     0.001399    -0.169002
     56.6079     0.704357     0.295643     0.003951    -0.165911
     56.7289     0.703951     0.296049     0.006348    -0.162705
     56.8498     0.703564     0.296436     0.008603    -0.159498
     56.9708     0.703195     0.296805     0.010768    -0.156270
     57.0917     0.702844     0.297156     0.012785    -0.153016
     57.2127     0.702510     0.297490     0.014661    -0.149846
     57.3336     0.702192     0.297808     0.016530    -0.146763
     57.4545     0.701891     0.298109     0.018404    -0.143639
     57.5755     0.701605     0.298395     0.020184    -0.140476
     57.6964     0.701335     0.298665     0.021901    -0.137343
     57.8174     0.701080     0.298920     0.023611    -0.134179
     57.9383     0.700839     0.299161     0.025243    -0.130912
     58.0593     0.700612     0.299388     0.026697    -0.127589
     58.1802     0.700399     0.299601     0.027962    -0.124324
     58.3012     0.700199     0.299801     0.029138    -0.121180
     58.4221     0.700011     0.299989     0.030301    -0.118085
     58.5430     0.699836     0.300164     0.031392    -0.114993
     58.6640     0.699673     0.300327     0.032423    -0.111982
     58.7849     0.699521     0.300479     0.033507    -0.108966
     58.9059     0.699380     0.300620     0.034472    -0.105803
     59.0268     0.699249     0.300751     0.035166    -0.102759
     59.1478     0.699129     0.300871     0.035955    -0.099967
     59.2687     0.699019     0.300981     0.036927    -0.096964
     59.3897     0.698918     0.301082     0.037531    -0.093725
     59.5106     0.698826     0.301174     0.037828    -0.090870
     59.6315     0.698743     0.301257     0.038475    -0.088220
     59.7525     0.698668     0.301332     0.039161    -0.085095
     59.8734     0.698601     0.301399     0.039177    -0.081915
     59.9944     0.698541     0.301459     0.038983    -0.079401
     60.1153     0.698489     0.301511     0.039251    -0.077135
     60.2363     0.698443     0.301557     0.039648    -0.074587
     60.3572     0.698404     0.301596     0.039855    -0.072019
     60.4782     0.698371     0.301629     0.040107    -0.069511
     60.5991     0.698344     0.301656     0.040278    -0.066829
     60.7200     0.698323     0.301677     0.040120    -0.064243
     60.8410     0.698306     0.301694     0.040002    -0.061998
     60.9619     0.698295     0.301705     0.040132    -0.059669
     61.0829     0.698289     0.301711     0.040048    -0.057104
     61.2038     0.698287     0.301713     0.039677    -0.054788
     61.3248     0.698289     0.301711     0.039520    -0.052691
     61.4457     0.698295     0.301705     0.039417    -0.050290
     61.5667     0.698305     0.301695     0.038797    -0.047877
     61.6876     0.698318     0.301682     0.038054    -0.046089
     61.8085     0.698334     0.301666     0.037876    -0.044483
     61.9295     0.698352     0.301648     0.037810    -0.042361
     62.0504     0.698374     0.301626     0.037189    -0.040161
     62.1714     0.698398     0.301602     0.036407    -0.038500
     62.2923     0.698425     0.301575     0.036027    -0.037076
     62.4133     0.698453     0.301547     0.035893    -0.035391
     62.5342     0.698484     0.301516     0.035594    -0.033410
     62.6551     0.698516     0.301484     0.034887    -0.031444
     62.7761     0.698550     0.301450     0.033989    -0.029913
     62.8970     0.698585     0.301415     0.033430    -0.028665
     63.0180     0.698622     0.301378     0.033066    -0.027140
     63.1389     0.698660     0.301340     0.032367    -0.025544
     63.2599     0.698698     0.301302     0.031661    -0.024333
     63.3808     0.698738     0.301262     0.031294    -0.023049
     63.5018     0.698778     0.301222     0.030715    -0.021490
     63.6227     0.698819     0.301181     0.029896    -0.020240
     63.7436     0.698861     0.301139     0.029396    -0.019133
     63.8646     0.698902     0.301098     0.028867    -0.017682
     63.9855     0.698944     0.301056     0.027932    -0.016360
     64.1065     0.698986     0.301014     0.027090    -0.015396
     64.2274     0.699028     0.300972     0.026381    -0.014371
     64.3484     0.699070     0.300930     0.025547    -0.013455
     64.4693     0.699112     0.300888     0.024944    -0.012703
     64.5903     0.699154     0.300846     0.024393    -0.011650
     64.7112     0.699195     0.300805     0.023417    -0.010723
     64.8321     0.699236     0.300764     0.022691    -0.010339
     64.9531     0.699277     0.300723     0.022517    -0.009625
     65.0740     0.699317     0.300683     0.021933    -0.008422
     65.1950     0.699357     0.300643     0.020939    -0.007657
     65.3159     0.699396     0.300604     0.020320    -0.007157
     65.4369     0.699434     0.300566     0.019750    -0.006346
     65.5578     0.699472     0.300528     0.018864    -0.005634
     65.6788     0.699510     0.300490     0.018042    -0.005190
     65.7997     0.699546     0.300454     0.017256    -0.004797
     65.9206     0.699582     0.300418     0.016527    -0.004693
     66.0416     0.699617     0.300383     0.016286    -0.004659
     66.1625     0.699652     0.300348     0.016231    -0.004159
     66.2835     0.699686     0.300314     0.015885    -0.003479
     66.4044     0.699719     0.300281     0.015480    -0.002886
     66.5254     0.699751     0.300249     0.015037    -0.002181
     66.6463     0.699783     0.300217     0.014388    -0.001501
     66.7673     0.699814     0.300186     0.013671    -0.000916
     66.8882     0.699844     0.300156     0.012754    -0.000417
     67.0091     0.699873     0.300127     0.011816    -0.000394
     67.1301     0.699901     0.300099     0.011465    -0.000476
     67.2510     0.699928     0.300072     0.011133     0.000057
     67.3720     0.699954     0.300046     0.010102     0.000440
     67.4929     0.699980     0.300020     0.009273     0.000038
     67.6139     0.700004     0.299996     0.009128    -0.000252
     67.7348     0.700028     0.299972     0.008947    -0.000196
     67.8558     0.700052     0.299948     0.008826    -0.000214
     67.9767     0.700074     0.299926     0.008853     0.000119
     68.0976     0.700096     0.299904     0.008399     0.000568
     68.2186     0.700117     0.299883     0.008020     0.000492
     68.3395     0.700138     0.299862     0.008205     0.000779
     68.4605     0.700157     0.299843     0.007789     0.001682
     68.5814     0.700176     0.299824     0.006784     0.001917
     68.7024     0.700194     0.299806     0.006367     0.001799
     68.8233     0.700211     0.299789     0.005867     0.002227
     68.9442     0.700228     0.299772     0.004713     0.002166
     69.0652     0.700244     0.299756     0.004171     0.001309
     69.1861     0.700259     0.299741     0.004374     0.000905
     69.3071     0.700274     0.299726     0.004365     0.000946
     69.4280     0.700288     0.299712     0.004278     0.000955
     69.5490     0.700302     0.299698     0.004073     0.001144
     69.6699     0.700315     0.299685     0.003567     0.001015
     69.7909     0.700328     0.299672     0.003601     0.000564
     69.9118     0.700340     0.299660     0.003876     0.000828
     70.0327     0.700352     0.299648     0.003318     0.001137
     70.1537     0.700363     0.299637     0.002970     0.000530
     70.2746     0.700374     0.299626     0.003559     0.000349
     70.3956     0.700384     0.299616     0.003592     0.001001
     70.5165     0.700394     0.299606     0.003044     0.001023
     70.6375     0.700404     0.299596     0.003187     0.000810
     70.7584     0.700413     0.299587     0.003228     0.001345
     70.8794     0.700421     0.299579     0.002494     0.001545
     71.0003     0.700430     0.299570     0.002187     0.001024
     71.1212     0.700437     0.299563     0.002438     0.000901
     71.2422     0.700445     0.299555     0.002373     0.001084
     71.3631     0.700452     0.299548     0.002271     0.001022
     71.4841     0.700459     0.299541     0.002387     0.001122
     71.6050     0.700466     0.299534     0.002279     0.001443
     71.7260     0.700472     0.299528     0.001962     0.001618
     71.8469     0.700478     0.299522     0.001643     0.001632
     71.9679     0.700484     0.299516     0.001454     0.001519
     72.0888     0.700489     0.299511     0.001483     0.001605
     72.2097     0.700494     0.299506     0.001133     0.002040
     72.3307     0.700499     0.299501     0.000237     0.001927
     72.4516     0.700504     0.299496    -0.000071     0.001107
     72.5726     0.700509     0.299491     0.000319     0.000823
     72.6935     0.700513     0.299487     0.000171     0.001070
     72.8145     0.700517     0.299483    -0.000354     0.000671
     72.9354     0.700521     0.299479    -0.000129    -0.000106
     73.0564     0.700525     0.299475     0.000598    -0.000172
     73.1773     0.700528     0.299472     0.000790     0.000386
     73.2982     0.700532     0.299468     0.000300     0.000604
     73.4192     0.700535     0.299465     0.000039     0.000113
     73.5401     0.700538     0.299462     0.000519    -0.000164
     73.6611     0.700541     0.299459     0.000712     0.000327
     73.7820     0.700544     0.299456     0.000142     0.000362
     73.9030     0.700547     0.299453     0.000281    -0.000345
     74.0239     0.700550     0.299450     0.001152    -0.000083
     74.1448     0.700553     0.299447     0.000897     0.000879
     74.2658     0.700556     0.299444     0.000088     0.000727
     74.3867     0.700558     0.299442     0.000260     0.000349
     74.5077     0.700561     0.299439     0.000182     0.000809
     74.6286     0.700563     0.299437    -0.000647     0.000541
     74.7496     0.700565     0.299435    -0.000424    -0.000411
     74.8705     0.700567     0.299433     0.000336    -0.000196
     74.9915     0.700570     0.299430    -0.000029     0.000279
     75.1124     0.700572     0.299428    -0.000294    -0.000264
     75.2333     0.700574     0.299426     0.000333    -0.000359
     75.3543     0.700576     0.299424     0.000257     0.000294
     75.4752     0.700578     0.299422    -0.000413     0.000114
     75.5962     0.700580     0.299420    -0.000259    -0.000505
     75.7171     0.700582     0.299418     0.000173    -0.000450
     75.8381     0.700583     0.299417     0.000172    -0.000311
     75.9590     0.700585     0.299415     0.000320    -0.000375
     76.0800     0.700587     0.299413     0.000556    -0.000085
     76.2009     0.700589     0.299411     0.000351     0.000312
     76.3218     0.700591     0.299409    -0.000041     0.000339
     76.4428     0.700593     0.299407    -0.000226     0.000113
     76.5637     0.700594     0.299406    -0.000113    -0.000051
     76.6847     0.700596     0.299404     0.000021     0.000152
     76.8056     0.700598     0.299402    -0.000320     0.000426
     76.9266     0.700600     0.299400    -0.000785     0.000139
     77.0475     0.700602     0.299398    -0.000698    -0.000301
     77.1685     0.700604     0.299396    -0.000505    -0.000307
     77.2894     0.700606     0.299394    -0.000572    -0.000346
     77.4103     0.700608     0.299392    -0.000414    -0.000468
     77.5313     0.700610     0.299390    -0.000329    -0.000174
     77.6522     0.700612     0.299388    -0.000816    -0.000071
     77.7732     0.700615     0.299385    -0.001048    -0.000635
     77.8941     0.700617     0.299383    -0.000612    -0.000935
     78.0151     0.700619     0.299381    -0.000424    -0.000656
     78.1360     0.700622     0.299378    -0.000682    -0.000625
     78.2570     0.700624     0.299376    -0.000691    -0.000933
     78.3779     0.700627     0.299373    -0.000411    -0.001032
     78.4988     0.700629     0.299371    -0.000234    -0.000878
     78.6198     0.700632     0.299368    -0.000238    -0.000693
     78.7407     0.700635     0.299365    -0.000361    -0.000577
     78.8617     0.700638     0.299362    -0.000519    -0.000584
     78.9826     0.700641     0.299359    -0.000602    -0.000692
     79.1036     0.700644     0.299356    -0.000539    -0.000766
     79.2245     0.700648     0.299352    -0.000493    -0.000625
     79.3455     0.700651     0.299349    -0.000770    -0.000487
     79.4664     0.700655     0.299345    -0.001065    -0.000797
     79.5873     0.700659     0.299341    -0.000809    -0.001134
     79.7083     0.700663     0.299337    -0.000530    -0.000856
     79.8292     0.700667     0.299333    -0.000877    -0.000557
     79.9502     0.700672     0.299328    -0.001263    -0.000797
     80.0711     0.700676     0.299324    -0.001326    -0.001094
     80.1921     0.700681     0.299319    -0.001347    -0.001377
     80.3130     0.700686     0.299314    -0.001072    -0.001666
     80.4339     0.700691     0.299309    -0.000787    -0.001429
     80.5549     0.700696     0.299304    -0.001164    -0.001297
     80.6758     0.700702     0.299298    -0.001188    -0.001918
     80.7968     0.700707     0.299293    -0.000385    -0.001879
     80.9177     0.700713     0.299287    -0.000503    -0.000983
     81.0387     0.700719     0.299281    -0.001411    -0.001158
     81.1596     0.700726     0.299274    -0.001212    -0.001926
     81.2806     0.700732     0.299268    -0.000726    -0.001644
     81.4015     0.700739     0.299261    -0.001164    -0.001426
     81.5224     0.700747     0.299253    -0.001232    -0.001955
     81.6434     0.700754     0.299246    -0.000778    -0.001932
     81.7643     0.700762     0.299238    -0.000893    -0.001678
     81.8853     0.700770     0.299230    -0.000885    -0.001878
     82.0062     0.700778     0.299222    -0.000589    -0.001609
     82.1272     0.700787     0.299213    -0.000984    -0.001222
     82.2481     0.700796     0.299204    -0.001297    -0.001540
     82.3691     0.700806     0.299194    -0.001073    -0.001515
     82.4900     0.700816     0.299184    -0.001470    -0.001201
     82.6109     0.700826     0.299174    -0.001916    -0.001692
     82.7319     0.700837     0.299163    -0.001563    -0.002022
     82.8528     0.700849     0.299151    -0.001553    -0.001771
     82.9738     0.700860     0.299140    -0.001744    -0.002003
     83.0947     0.700873     0.299127    -0.001388    -0.001977
     83.2157     0.700886     0.299114    -0.001743    -0.001454
     83.3366     0.700899     0.299101    -0.002402    -0.002018
     83.4576     0.700913     0.299087    -0.001721    -0.002561
     83.5785     0.700928     0.299072    -0.001469    -0.001658
     83.6994     0.700943     0.299057    -0.002601    -0.001598
     83.8204     0.700959     0.299041    -0.002534    -0.002694
     83.9413     0.700975     0.299025    -0.001662    -0.002346
     84.0623     0.700993     0.299007    -0.002317    -0.001600
     84.1832     0.701011     0.298989    -0.002970    -0.002261
     84.3042     0.701029     0.298971    -0.002527    -0.002573
     84.4251     0.701048     0.298952    -0.002679    -0.002223
     84.5461     0.701069     0.298931    -0.003011    -0.002563
     84.6670     0.701089     0.298911    -0.002745    -0.002629
     84.7879     0.701111     0.298889    -0.003121    -0.002357
     84.9089     0.701134     0.298866    -0.003456    -0.002964
     85.0298     0.701157     0.298843    -0.002828    -0.003112
     85.1508     0.701182     0.298818    -0.003020    -0.002374
     85.2717     0.701207     0.298793    -0.003866    -0.002672
     85.3927     0.701233     0.298767    -0.003650    -0.003267
     85.5136     0.701260     0.298740    -0.003551    -0.002968
     85.6345     0.701288     0.298712    -0.003994    -0.003171
     85.7555     0.701318     0.298682    -0.003650    -0.003421
     85.8764     0.701348     0.298652    -0.003812    -0.002735
     85.9974     0.701380     0.298620    -0.004890    -0.003059
     86.1183     0.701412     0.298588    -0.004593    -0.004091
     86.2393     0.701446     0.298554    -0.003956    -0.003580
     86.3602     0.701481     0.298519    -0.004804    -0.003185
     86.4812     0.701517     0.298483    -0.005069    -0.003980
     86.6021     0.701554     0.298446    -0.004627    -0.003790
     86.7230     0.701592     0.298408    -0.005427    -0.003472
     86.8440     0.701632     0.298368    -0.005772    -0.004423
     86.9649     0.701673     0.298327    -0.005082    -0.004396
     87.0859     0.701716     0.298284    -0.005784    -0.003784
     87.2068     0.701760     0.298240    -0.006502    -0.004805
     87.3278     0.701805     0.298195    -0.005575    -0.005265
     87.4487     0.701851     0.298149    -0.005703    -0.004319
     87.5697     0.701899     0.298101    -0.006771    -0.004771
     87.6906     0.701949     0.298051    -0.006286    -0.005554
     87.8115     0.702000     0.298000    -0.006093    -0.004837
     87.9325     0.702052     0.297948    -0.007111    -0.004918
     88.0534     0.702107     0.297893    -0.007013    -0.005685
     88.1744     0.702162     0.297838    -0.006924    -0.005200
     88.2953     0.702220     0.297780    -0.008061    -0.005439
     88.4163     0.702279     0.297721    -0.007914    -0.006705
     88.5372     0.702339     0.297661    -0.007124    -0.006388
     88.6582     0.702402     0.297598    -0.007949    -0.005974
     88.7791     0.702466     0.297534    -0.008261    -0.006975
     88.9000     0.702532     0.297468    -0.007548    -0.006930
     89.0210     0.702599     0.297401    -0.008238    -0.006399
     89.1419     0.702669     0.297331    -0.008794    -0.007420
     89.2629     0.702740     0.297260    -0.007856    -0.007727
     89.3838     0.702813     0.297187    -0.008051    -0.006812
     89.5048     0.702888     0.297112    -0.008988    -0.007235
     89.6257     0.702965     0.297035    -0.008571    -0.007785
     89.7467     0.703043     0.296957    -0.008635    -0.007128
     89.8676     0.703124     0.296876    -0.009608    -0.007422
     89.9885     0.703207     0.296793    -0.009349    -0.008198
     90.1095     0.703292     0.296708    -0.009083    -0.007672
     90.2304     0.703379     0.296621    -0.009974    -0.007569
     90.3514     0.703468     0.296532    -0.010095    -0.008286
     90.4723     0.703559     0.296441    -0.009835    -0.007994
     90.5933     0.703653     0.296347    -0.010663    -0.007733
     90.7142     0.703748     0.296252    -0.011145    -0.008436
     90.8352     0.703847     0.296153    -0.010970    -0.008577
     90.9561     0.703947     0.296053    -0.011469    -0.008461
     91.0770     0.704050     0.295950    -0.011839    -0.009001
     91.1980     0.704155     0.295845    -0.011703    -0.009105
     91.3189     0.704262     0.295738    -0.012194    -0.008947
     91.4399     0.704372     0.295628    -0.012673    -0.009468
     91.5608     0.704484     0.295516    -0.012565    -0.009730
     91.6818     0.704599     0.295401    -0.012891    -0.009614
     91.8027     0.704716     0.295284    -0.013319    -0.010020
     91.9236     0.704836     0.295164    -0.013227    -0.010263
     92.0446     0.704958     0.295042    -0.013464    -0.010083
     92.1655     0.705083     0.294917    -0.013924    -0.010263
     92.2865     0.705210     0.294790    -0.014095    -0.010387
     92.4074     0.705340     0.294660    -0.014574    -0.010347
     92.5284     0.705473     0.294527    -0.015036    -0.010739
     92.6493     0.705608     0.294392    -0.015096    -0.010845
     92.7703     0.705747     0.294253    -0.015752    -0.010666
     92.8912     0.705887     0.294113    -0.016546    -0.011326
     93.0121     0.706031     0.293969    -0.016422    -0.011936
     93.1331     0.706177     0.293823    -0.016581    -0.011714
     93.2540     0.706326     0.293674    -0.017379    -0.012002
     93.3750     0.706478     0.293522    -0.017529    -0.012657
     93.4959     0.706632     0.293368    -0.017654    -0.012662
     93.6169     0.706790     0.293210    -0.018329    -0.013015
     93.7378     0.706950     0.293050    -0.018341    -0.013764
     93.8588     0.707112     0.292888    -0.018148    -0.013682
     93.9797     0.707278     0.292722    -0.018773    -0.013635
     94.1006     0.707446     0.292554    -0.019101    -0.014263
     94.2216     0.707617     0.292383    -0.018950    -0.014381
     94.3425     0.707791     0.292209    -0.019383    -0.014234
     94.4635     0.707968     0.292032    -0.019855    -0.014568
     94.5844     0.708147     0.291853    -0.020074    -0.014722
     94.7054     0.708330     0.291670    -0.020632    -0.014899
     94.8263     0.708515     0.291485    -0.020896    -0.015449
     94.9473     0.708703     0.291297    -0.020898    -0.015472
     95.0682     0.708893     0.291107    -0.021589    -0.015454
     95.1891     0.709087     0.290913    -0.022049    -0.016175
     95.3101     0.709283     0.290717    -0.021861    -0.016406
     95.4310     0.709482     0.290518    -0.022359    -0.016228
     95.5520     0.709684     0.290316    -0.022903    -0.016850
     95.6729     0.709889     0.290111    -0.022617    -0.017106
     95.7939     0.710096     0.289904    -0.023040    -0.016598
     95.9148     0.710307     0.289693    -0.024025    -0.016993
     96.0358     0.710520     0.289480    -0.024063    -0.017601
     96.1567     0.710736     0.289264    -0.024308    -0.017319
     96.2776     0.710954     0.289046    -0.025297    -0.017599
     96.3986     0.711176     0.288824    -0.025522    -0.018357
     96.5195     0.711400     0.288600    -0.025657    -0.018304
     96.6405     0.711627     0.288373    -0.026536    -0.018580
     96.7614     0.711857     0.288143    -0.026754    -0.019433
     96.8824     0.712089     0.287911    -0.026669    -0.019455
     97.0033     0.712324     0.287676    -0.027420    -0.019529
     97.1243     0.712561     0.287439    -0.027760    -0.020297
     97.2452     0.712801     0.287199    -0.027672    -0.020383
     97.3661     0.713044     0.286956    -0.028400    -0.020390
     97.4871     0.713290     0.286710    -0.028834    -0.021188
     97.6080     0.713537     0.286463    -0.028666    -0.021382
     97.7290     0.713788     0.286212    -0.029290    -0.021308
     97.8499     0.714040     0.285960    -0.029745    -0.022062
     97.9709     0.714296     0.285704    -0.029493    -0.022187
     98.0918     0.714553     0.285447    -0.030265    -0.021867
     98.2127     0.714813     0.285187    -0.031114    -0.022824
     98.3337     0.715076     0.284924    -0.030623    -0.023443
     98.4546     0.715340     0.284660    -0.030867    -0.022867
     98.5756     0.715607     0.284393    -0.031961    -0.023346
     98.6965     0.715877     0.284123    -0.031804    -0.024190
     98.8175     0.716148     0.283852    -0.031820    -0.023740
     98.9384     0.716422     0.283578    -0.032996    -0.023957
     99.0594     0.716698     0.283302    -0.033125    -0.025028
     99.1803     0.716976     0.283024    -0.032834    -0.024833
     99.3012     0.717256     0.282744    -0.033846    -0.024697
     99.4222     0.717538     0.282462    -0.034351    -0.025710
     99.5431     0.717822     0.282178    -0.034027    -0.025865
     99.6641     0.718108     0.281892    -0.034763    -0.025613
     99.7850     0.718396     0.281604    -0.035468    -0.026436
     99.9060     0.718686     0.281314    -0.035280    -0.026836
    100.0269     0.718978     0.281022    -0.035815    -0.026687
    100.1479     0.719271     0.280729    -0.036470    -0.027439
    100.2688     0.719567     0.280433    -0.036197    -0.027887
    100.3897     0.719864     0.280136    -0.036564    -0.027531
    100.5107     0.720163     0.279837    -0.037474    -0.028004
    100.6316     0.720463     0.279537    -0.037545    -0.028662
    100.7526     0.720765     0.279235    -0.037825    -0.028629
    100.8735     0.721069     0.278931    -0.038542    -0.029155
    100.9945     0.721374     0.278626    -0.038481    -0.029803
    101.1154     0.721680     0.278320    -0.038637    -0.029636
    101.2364     0.721988     0.278012    -0.039472    -0.030009
    101.3573     0.722297     0.277703    -0.039519    -0.030800
    101.4782     0.722608     0.277392    -0.039473    -0.030685
    101.5992     0.722920     0.277080    -0.040293    -0.030815
    101.7201     0.723233     0.276767    -0.040574    -0.031615
    101.8411     0.723547     0.276453    -0.040492    -0.031674
    101.9620     0.723862     0.276138    -0.041231    -0.031728
    102.0830     0.724178     0.275822    -0.041634    -0.032539
    102.2039     0.724496     0.275504    -0.041479    -0.032747
    102.3249     0.724814     0.275186    -0.042081    -0.032693
    102.4458     0.725133     0.274867    -0.042612    -0.033410
    102.5667     0.725453     0.274547    -0.042498    -0.033744
    102.6877     0.725774     0.274226    -0.043010    -0.033665
    102.8086     0.726096     0.273904    -0.043651    -0.034327
    102.9296     0.726418     0.273582    -0.043596    -0.034830
    103.0505     0.726741     0.273259    -0.043963    -0.034831
    103.1715     0.727064     0.272936    -0.044543    -0.035445
    103.2924     0.727388     0.272612    -0.044444    -0.035945
    103.4133     0.727713     0.272287    -0.044779    -0.035836
    103.5343     0.728038     0.271962    -0.045547    -0.036424
    103.6552     0.728363     0.271637    -0.045476    -0.037200
    103.7762     0.728689     0.271311    -0.045501    -0.037146
    103.8971     0.729015     0.270985    -0.046221    -0.037465
    104.0181     0.729341     0.270659    -0.046364    -0.038258
    104.1390     0.729667     0.270333    -0.046313    -0.038393
    104.2600     0.729993     0.270007    -0.046874    -0.038636
    104.3809     0.730319     0.269681    -0.047066    -0.039334
    104.5018     0.730646     0.269354    -0.047048    -0.039495
    104.6228     0.730972     0.269028    -0.047635    -0.039735
    104.7437     0.731298     0.268702    -0.047888    -0.040548
    104.8647     0.731624     0.268376    -0.047712    -0.040871
    104.9856     0.731949     0.268051    -0.048069    -0.041017
    105.1066     0.732274     0.267726    -0.048306    -0.041649
    105.2275     0.732599     0.267401    -0.048183    -0.041898
    105.3485     0.732924     0.267076    -0.048613    -0.041987
    105.4694     0.733248     0.266753    -0.048963    -0.042681
    105.5903     0.733571     0.266429    -0.048780    -0.043065
    105.7113     0.733894     0.266106    -0.049091    -0.043095
    105.8322     0.734216     0.265784    -0.049525    -0.043721
    105.9532     0.734537     0.265463    -0.049383    -0.044246
    106.0741     0.734858     0.265142    -0.049524    -0.044354
    106.1951     0.735178     0.264822    -0.049820    -0.044869
    106.3160     0.735497     0.264503    -0.049683    -0.045250
    106.4370     0.735816     0.264184    -0.049941    -0.045301
    106.5579     0.736133     0.263867    -0.050294    -0.045949
    106.6788     0.736450     0.263550    -0.049939    -0.046375
    106.7998     0.736765     0.263235    -0.050132    -0.046100
    106.9207     0.737080     0.262920    -0.050887    -0.046649
    107.0417     0.737393     0.262607    -0.050643    -0.047492
    107.1626     0.737705     0.262295    -0.050462    -0.047285
    107.2836     0.738016     0.261984    -0.051257    -0.047517
    107.4045     0.738326     0.261674    -0.051303    -0.048522
    107.5255     0.738635     0.261365    -0.050904    -0.048591
    107.6464     0.738943     0.261057    -0.051493    -0.048623
    107.7673     0.739249     0.260751    -0.051713    -0.049562
    107.8883     0.739554     0.260446    -0.051250    -0.049802
    108.0092     0.739857     0.260143    -0.051703    -0.049702
    108.1302     0.740159     0.259841    -0.052103    -0.050605
    108.2511     0.740460     0.259540    -0.051562    -0.051086
    108.3721     0.740759     0.259241    -0.051742    -0.050835
    108.4930     0.741057     0.258943    -0.052352    -0.051495
    108.6140     0.741353     0.258647    -0.052007    -0.052256
    108.7349     0.741647     0.258353    -0.051874    -0.052181
    108.8558     0.741940     0.258060    -0.052342    -0.052571
    108.9768     0.742232     0.257768    -0.052206    -0.053271
    109.0977     0.742521     0.257479    -0.052067    -0.053386
    109.2187     0.742809     0.257191    -0.052359    -0.053785
    109.3396     0.743095     0.256905    -0.052154    -0.054390
    109.4606     0.743379     0.256621    -0.051993    -0.054417
    109.5815     0.743662     0.256338    -0.052338    -0.054722
    109.7024     0.743943     0.256057    -0.052229    -0.055335
    109.8234     0.744222     0.255778    -0.052098    -0.055418
    109.9443     0.744499     0.255501    -0.052458    -0.055797
    110.0653     0.744774     0.255226    -0.052248    -0.056522
    110.1862     0.745047     0.254953    -0.051928    -0.056508
    110.3072     0.745319     0.254681    -0.052386    -0.056686
    110.4281     0.745588     0.254412    -0.052345    -0.057550
    110.5491     0.745856     0.254144    -0.051833    -0.057668
    110.6700     0.746121     0.253879    -0.052207    -0.057627
    110.7909     0.746385     0.253615    -0.052396    -0.058486
    110.9119     0.746646     0.253354    -0.051806    -0.058846
    111.0328     0.746906     0.253094    -0.051949    -0.058674
    111.1538     0.747163     0.252837    -0.052302    -0.059352
    111.2747     0.747418     0.252582    -0.051836    -0.059902
    111.3957     0.747672     0.252328    -0.051805    -0.059811
    111.5166     0.747923     0.252077    -0.052135    -0.060387
    111.6376     0.748172     0.251828    -0.051695    -0.060996
    111.7585     0.748419     0.251581    -0.051549    -0.060888
    111.8794     0.748664     0.251336    -0.051940    -0.061357
    112.0004     0.748907     0.251093    -0.051581    -0.062099
    112.1213     0.749148     0.250852    -0.051258    -0.062064
    112.2423     0.749386     0.250614    -0.051607    -0.062378
    112.3632     0.749623     0.250377    -0.051364    -0.063166
    112.4842     0.749857     0.250143    -0.050910    -0.063257
    112.6051     0.750089     0.249911    -0.051108    -0.063432
    112.7261     0.750319     0.249681    -0.050958    -0.064090
    112.8470     0.750546     0.249454    -0.050590    -0.064238
    112.9679     0.750772     0.249228    -0.050768    -0.064497
    113.0889     0.750995     0.249005    -0.050502    -0.065214
    113.2098     0.751216     0.248784    -0.049977    -0.065228
    113.3308     0.751435     0.248565    -0.050292    -0.065268
    113.4517     0.751651     0.248349    -0.050264    -0.066148
    113.5727     0.751866     0.248134    -0.049544    -0.066403
    113.6936     0.752078     0.247922    -0.049648    -0.066243
    113.8146     0.752288     0.247712    -0.049814    -0.066999
    113.9355     0.752496     0.247504    -0.049106    -0.067467
    114.0564     0.752701     0.247299    -0.048975    -0.067247
    114.1774     0.752904     0.247096    -0.049228    -0.067791
    114.2983     0.753106     0.246894    -0.048663    -0.068359
    114.4193     0.753305     0.246695    -0.048431    -0.068196
    114.5402     0.753501     0.246499    -0.048720    -0.068659
    114.6612     0.753696     0.246304    -0.048219    -0.069356
    114.7821     0.753888     0.246112    -0.047808    -0.069255
    114.9030     0.754078     0.245922    -0.048062    -0.069559
    115.0240     0.754266     0.245734    -0.047678    -0.070293
    115.1449     0.754452     0.245548    -0.047168    -0.070302
    115.2659     0.754636     0.245364    -0.047317    -0.070515
    115.3868     0.754817     0.245183    -0.046969    -0.071199
    115.5078     0.754997     0.245003    -0.046426    -0.071204
    115.6287     0.755174     0.244826    -0.046599    -0.071337
    115.7497     0.755349     0.244651    -0.046336    -0.072077
    115.8706     0.755522     0.244478    -0.045706    -0.072158
    115.9915     0.755693     0.244307    -0.045837    -0.072217
    116.1125     0.755861     0.244139    -0.045608    -0.073004
    116.2334     0.756028     0.243972    -0.044813    -0.073097
    116.3544     0.756192     0.243808    -0.044937    -0.072899
    116.4753     0.756355     0.243645    -0.045009    -0.073701
    116.5963     0.756515     0.243485    -0.044168    -0.074102
    116.7172     0.756673     0.243327    -0.044024    -0.073835
    116.8382     0.756830     0.243170    -0.044201    -0.074462
    116.9591     0.756984     0.243016    -0.043435    -0.075033
    117.0800     0.757136     0.242864    -0.043077    -0.074794
    117.2010     0.757286     0.242714    -0.043240    -0.075248
    117.3219     0.757434     0.242566    -0.042537    -0.075846
    117.4429     0.757581     0.242419    -0.042087    -0.075561
    117.5638     0.757725     0.242275    -0.042376    -0.075881
    117.6848     0.757867     0.242133    -0.041811    -0.076666
    117.8057     0.758008     0.241992    -0.041140    -0.076503
    117.9267     0.758146     0.241854    -0.041349    -0.076624
    118.0476     0.758282     0.241718    -0.040931    -0.077417
    118.1685     0.758417     0.241583    -0.040155    -0.077361
    118.2895     0.758550     0.241450    -0.040290    -0.077327
    118.4104     0.758681     0.241319    -0.040026    -0.078115
    118.5314     0.758810     0.241190    -0.039159    -0.078208
    118.6523     0.758937     0.241063    -0.039146    -0.078015
    118.7733     0.759062     0.240938    -0.039059    -0.078675
    118.8942     0.759186     0.240814    -0.038272    -0.078935
    119.0152     0.759308     0.240692    -0.038119    -0.078772
    119.1361     0.759428     0.240572    -0.038041    -0.079345
    119.2570     0.759546     0.240454    -0.037282    -0.079648
    119.3780     0.759663     0.240337    -0.037073    -0.079480
    119.4989     0.759777     0.240223    -0.037015    -0.080027
    119.6199     0.759891     0.240109    -0.036224    -0.080362
    119.7408     0.760002     0.239998    -0.035985    -0.080110
    119.8618     0.760112     0.239888    -0.036051    -0.080665
    119.9827     0.760220     0.239780    -0.035200    -0.081169
    120.1037     0.760327     0.239673    -0.034777    -0.080824
    120.2246     0.760431     0.239569    -0.034962    -0.081244
    120.3455     0.760535     0.239465    -0.034149    -0.081913
    120.4665     0.760637     0.239363    -0.033508    -0.081515
    120.5874     0.760737     0.239263    -0.033824    -0.081708
    120.7084     0.760835     0.239165    -0.033205    -0.082592
    120.8293     0.760932     0.239068    -0.032274    -0.082344
    120.9503     0.761028     0.238972    -0.032492    -0.082222
    121.0712     0.761122     0.238878    -0.032165    -0.083091
    121.1921     0.761215     0.238785    -0.031152    -0.083104
    121.3131     0.761306     0.238694    -0.031140    -0.082840
    121.4340     0.761395     0.238605    -0.030963    -0.083536
    121.5550     0.761484     0.238516    -0.030051    -0.083674
    121.6759     0.761571     0.238429    -0.029970    -0.083455
    121.7969     0.761656     0.238344    -0.029782    -0.084181
    121.9178     0.761740     0.238260    -0.028724    -0.084343
    122.0388     0.761823     0.238177    -0.028598    -0.083900
    122.1597     0.761904     0.238096    -0.028666    -0.084619
    122.2806     0.761984     0.238016    -0.027521    -0.085053
    122.4016     0.762063     0.237937    -0.027120    -0.084424
    122.5225     0.762140     0.237860    -0.027455    -0.084902
    122.6435     0.762216     0.237784    -0.026477    -0.085672
    122.7644     0.762291     0.237709    -0.025697    -0.085132
    122.8854     0.762364     0.237635    -0.026020    -0.085252
    123.0063     0.762437     0.237563    -0.025325    -0.086107
    123.1273     0.762508     0.237492    -0.024357    -0.085768
    123.2482     0.762578     0.237422    -0.024547    -0.085644
    123.3691     0.762646     0.237354    -0.024083    -0.086449
    123.4901     0.762714     0.237286    -0.023069    -0.086289
    123.6110     0.762780     0.237220    -0.023144    -0.086044
    123.7320     0.762846     0.237154    -0.022837    -0.086816
    123.8529     0.762910     0.237090    -0.021766    -0.086826
    123.9739     0.762973     0.237027    -0.021675    -0.086467
    124.0948     0.763035     0.236965    -0.021486    -0.087116
    124.2158     0.763096     0.236904    -0.020456    -0.087212
    124.3367     0.763155     0.236845    -0.020338    -0.086801
    124.4576     0.763214     0.236786    -0.020291    -0.087510
    124.5786     0.763272     0.236728    -0.019112    -0.087842
    124.6995     0.763329     0.236671    -0.018692    -0.087237
    124.8205     0.763384     0.236616    -0.018836    -0.087648
    124.9414     0.763439     0.236561    -0.017875    -0.088158
    125.0624     0.763493     0.236507    -0.017289    -0.087670
    125.1833     0.763545     0.236454    -0.017408    -0.087957
    125.3043     0.763597     0.236403    -0.016491    -0.088531
    125.4252     0.763648     0.236352    -0.015762    -0.088011
    125.5461     0.763698     0.236302    -0.015967    -0.088137
    125.6671     0.763747     0.236253    -0.015150    -0.088853
    125.7880     0.763796     0.236204    -0.014196    -0.088328
    125.9090     0.763843     0.236157    -0.014504    -0.088146
    126.0299     0.763889     0.236111    -0.014045    -0.089034
    126.1509     0.763935     0.236065    -0.012895    -0.088863
    126.2718     0.763980     0.236020    -0.012924    -0.088508
    126.3927     0.764024     0.235976    -0.012596    -0.089277
    126.5137     0.764067     0.235933    -0.011373    -0.089226
    126.6346     0.764109     0.235891    -0.011271    -0.088659
    126.7556     0.764151     0.235849    -0.011207    -0.089323
    126.8765     0.764192     0.235808    -0.010002    -0.089542
    126.9975     0.764232     0.235768    -0.009633    -0.088896
    127.1184     0.764271     0.235729    -0.009709    -0.089327
    127.2394     0.764310     0.235690    -0.008648    -0.089721
    127.3603     0.764348     0.235652    -0.008076    -0.089110
    127.4812     0.764385     0.235615    -0.008204    -0.089336
    127.6022     0.764422     0.235578    -0.007304    -0.089844
    127.7231     0.764457     0.235543    -0.006568    -0.089321
    127.8441     0.764493     0.235507    -0.006675    -0.089357
    127.9650     0.764527     0.235473    -0.005943    -0.089893
    128.0860     0.764561     0.235439    -0.005144    -0.089475
    128.2069     0.764594     0.235406    -0.005235    -0.089425
    128.3279     0.764627     0.235373    -0.004607    -0.090041
    128.4488     0.764659     0.235341    -0.003663    -0.089746
    128.5697     0.764691     0.235309    -0.003632    -0.089558
    128.6907     0.764721     0.235279    -0.003075    -0.090105
    128.8116     0.764752     0.235248    -0.002103    -0.089802
    128.9326     0.764781     0.235219    -0.002149    -0.089505
    129.0535     0.764811     0.235189    -0.001739    -0.090210
    129.1745     0.764839     0.235161    -0.000515    -0.090070
    129.2954     0.764867     0.235133    -0.000387    -0.089456
    129.4164     0.764895     0.235105    -0.000301    -0.090020
    129.5373     0.764922     0.235078     0.000867    -0.090183
    129.6582     0.764948     0.235052     0.001273    -0.089531
    129.7792     0.764975     0.235025     0.001267    -0.089862
    129.9001     0.765000     0.235000     0.002297    -0.090138
    130.0211     0.765025     0.234975     0.002829    -0.089500
    130.1420     0.765050     0.234950     0.002721    -0.089704
    130.2630     0.765074     0.234926     0.003639    -0.090177
    130.3839     0.765098     0.234902     0.004425    -0.089635
    130.5049     0.765121     0.234879     0.004404    -0.089594
    130.6258     0.765144     0.234856     0.005156    -0.090008
    130.7467     0.765166     0.234834     0.005943    -0.089526
    130.8677     0.765188     0.234812     0.005895    -0.089430
    130.9886     0.765210     0.234790     0.006584    -0.089940
    131.1096     0.765231     0.234769     0.007531    -0.089493
    131.2305     0.765251     0.234749     0.007479    -0.089188
    131.3515     0.765272     0.234728     0.007947    -0.089749
    131.4724     0.765292     0.234708     0.008994    -0.089507
    131.5934     0.765311     0.234689     0.009114    -0.089076
    131.7143     0.765331     0.234669     0.009469    -0.089520
    131.8352     0.765350     0.234650     0.010483    -0.089354
    131.9562     0.765368     0.234632     0.010631    -0.088876
    132.0771     0.765386     0.234614     0.010891    -0.089352
    132.1981     0.765404     0.234596     0.012005    -0.089298
    132.3190     0.765422     0.234578     0.012253    -0.088668
    132.4400     0.765439     0.234561     0.012332    -0.089109
    132.5609     0.765456     0.234544     0.013520    -0.089259
    132.6818     0.765473     0.234528     0.013991    -0.088453
    132.8028     0.765489     0.234511     0.013829    -0.088694
    132.9237     0.765505     0.234495     0.014897    -0.089138
    133.0447     0.765520     0.234480     0.015716    -0.088361
    133.1656     0.765536     0.234464     0.015526    -0.088234
    133.2866     0.765551     0.234449     0.016284    -0.088743
    133.4075     0.765566     0.234434     0.017217    -0.088161
    133.5285     0.765580     0.234420     0.017103    -0.087873
    133.6494     0.765594     0.234406     0.017686    -0.088410
    133.7703     0.765608     0.234392     0.018731    -0.087982
    133.8913     0.765622     0.234378     0.018728    -0.087537
    134.0122     0.765635     0.234365     0.019163    -0.088042
    134.1332     0.765649     0.234351     0.020297    -0.087723
    134.2541     0.765662     0.234338     0.020368    -0.087063
    134.3751     0.765674     0.234326     0.020503    -0.087525
    134.4960     0.765687     0.234313     0.021636    -0.087540
    134.6170     0.765699     0.234301     0.022035    -0.086838
    134.7379     0.765711     0.234289     0.022106    -0.087018
    134.8588     0.765723     0.234277     0.023046    -0.087105
    134.9798     0.765735     0.234265     0.023515    -0.086493
    135.1007     0.765746     0.234254     0.023577    -0.086624
    135.2217     0.765757     0.234243     0.024504    -0.086815
    135.3426     0.765768     0.234232     0.025154    -0.086199
    135.4636     0.765779     0.234221     0.025227    -0.086141
    135.5845     0.765790     0.234210     0.026042    -0.086319
    135.7055     0.765800     0.234200     0.026724    -0.085706
    135.8264     0.765810     0.234190     0.026725    -0.085559
    135.9473     0.765820     0.234180     0.027441    -0.085848
    136.0683     0.765830     0.234170     0.028271    -0.085307
    136.1892     0.765839     0.234161     0.028318    -0.084985
    136.3102     0.765849     0.234151     0.028876    -0.085248
    136.4311     0.765858     0.234142     0.029714    -0.084799
    136.5521     0.765867     0.234133     0.029774    -0.084423
    136.6730     0.765876     0.234124     0.030242    -0.084743
    136.7940     0.765885     0.234115     0.031193    -0.084405
    136.9149     0.765894     0.234106     0.031367    -0.083890
    137.0358     0.765902     0.234098     0.031711    -0.084129
    137.1568     0.765910     0.234090     0.032650    -0.083886
    137.2777     0.765918     0.234082     0.032899    -0.083320
    137.3987     0.765926     0.234074     0.033168    -0.083511
    137.5196     0.765934     0.234066     0.034116    -0.083337
    137.6406     0.765942     0.234058     0.034424    -0.082701
    137.7615     0.765949     0.234051     0.034594    -0.082863
    137.8824     0.765957     0.234043     0.035586    -0.082795
    138.0034     0.765964     0.234036     0.036011    -0.082030
    138.1243     0.765971     0.234029     0.036001    -0.082070
    138.2453     0.765978     0.234022     0.036907    -0.082197
    138.3662     0.765985     0.234015     0.037528    -0.081452
    138.4872     0.765992     0.234008     0.037480    -0.081318
    138.6081     0.765998     0.234002     0.038277    -0.081531
    138.7291     0.766005     0.233995     0.039043    -0.080798
    138.8500     0.766011     0.233989     0.038927    -0.080464
    138.9709     0.766018     0.233982     0.039506    -0.080794
    139.0919     0.766024     0.233976     0.040426    -0.080247
    139.2128     0.766030     0.233970     0.040439    -0.079737
    139.3338     0.766036     0.233964     0.040850    -0.080007
    139.4547     0.766042     0.233958     0.041790    -0.079594
    139.5757     0.766047     0.233953     0.041890    -0.078986
    139.6966     0.766053     0.233947     0.042155    -0.079226
    139.8176     0.766059     0.233941     0.043127    -0.078984
    139.9385     0.766064     0.233936     0.043403    -0.078297
    140.0594     0.766069     0.233931     0.043574    -0.078393
    140.1804     0.766074     0.233926     0.044481    -0.078251
    140.3013     0.766080     0.233920     0.044877    -0.077548
    140.4223     0.766085     0.233915     0.044989    -0.077512
    140.5432     0.766089     0.233911     0.045793    -0.077441
    140.6642     0.766094     0.233906     0.046275    -0.076786
    140.7851     0.766099     0.233901     0.046403    -0.076658
    140.9061     0.766104     0.233896     0.047144    -0.076578
    141.0270     0.766108     0.233892     0.047623    -0.075931
    141.1479     0.766113     0.233887     0.047717    -0.075798
    141.2689     0.766117     0.233883     0.048472    -0.075766
    141.3898     0.766121     0.233879     0.049003    -0.075058
    141.5108     0.766125     0.233875     0.048981    -0.074884
    141.6317     0.766129     0.233871     0.049726    -0.075022
    141.7527     0.766133     0.233867     0.050471    -0.074296
    141.8736     0.766137     0.233863     0.050422    -0.073902
    141.9946     0.766141     0.233859     0.051009    -0.074087
    142.1155     0.766145     0.233855     0.051861    -0.073420
    142.2364     0.766149     0.233851     0.051794    -0.072849
    142.3574     0.766152     0.233848     0.052178    -0.073099
    142.4783     0.766156     0.233844     0.053144    -0.072610
    142.5993     0.766159     0.233841     0.053211    -0.071879
    142.7202     0.766163     0.233838     0.053424    -0.072046
    142.8412     0.766166     0.233834     0.054384    -0.071701
    142.9621     0.766169     0.233831     0.054558    -0.070887
    143.0831     0.766172     0.233828     0.054628    -0.070985
    143.2040     0.766175     0.233825     0.055569    -0.070803
    143.3249     0.766178     0.233822     0.055902    -0.069957
    143.4459     0.766181     0.233819     0.055912    -0.069939
    143.5668     0.766184     0.233816     0.056832    -0.069829
    143.6878     0.766187     0.233813     0.057262    -0.068883
    143.8087     0.766190     0.233810     0.057087    -0.068741
    143.9297     0.766192     0.233808     0.057898    -0.068851
    144.0506     0.766195     0.233805     0.058563    -0.067957
    144.1715     0.766198     0.233802     0.058378    -0.067578
    144.2925     0.766200     0.233800     0.058989    -0.067742
    144.4134     0.766203     0.233797     0.059740    -0.066973
    144.5344     0.766205     0.233795     0.059594    -0.066491
    144.6553     0.766208     0.233792     0.060117    -0.066702
    144.7763     0.766210     0.233790     0.060999    -0.065978
    144.8972     0.766212     0.233788     0.060856    -0.065306
    145.0182     0.766215     0.233785     0.061192    -0.065565
    145.1391     0.766217     0.233783     0.062210    -0.064977
    145.2600     0.766219     0.233781     0.062150    -0.064069
    145.3810     0.766221     0.233779     0.062194    -0.064284
    145.5019     0.766223     0.233777     0.063223    -0.063979
    145.6229     0.766226     0.233774     0.063404    -0.062982
    145.7438     0.766228     0.233772     0.063297    -0.063014
    145.8648     0.766230     0.233770     0.064227    -0.062886
    145.9857     0.766232     0.233768     0.064590    -0.061889
    146.1067     0.766234     0.233766     0.064404    -0.061755
    146.2276     0.766236     0.233764     0.065224    -0.061745
    146.3485     0.766238     0.233762     0.065724    -0.060757
    146.4695     0.766240     0.233760     0.065442    -0.060473
    146.5904     0.766242     0.233758     0.066121    -0.060640
    146.7114     0.766244     0.233756     0.066844    -0.059758
    146.8323     0.766245     0.233755     0.066612    -0.059246
    146.9533     0.766247     0.233753     0.067105    -0.059439
    147.0742     0.766249     0.233751     0.067945    -0.058682
    147.1952     0.766251     0.233749     0.067789    -0.057982
    147.3161     0.766253     0.233747     0.068083    -0.058147
    147.4370     0.766255     0.233745     0.068974    -0.057546
    147.5580     0.766256     0.233744     0.068932    -0.056704
    147.6789     0.766258     0.233742     0.069033    -0.056788
    147.7999     0.766260     0.233740     0.069891    -0.056374
    147.9208     0.766261     0.233739     0.069999    -0.055496
    148.0418     0.766263     0.233737     0.070009    -0.055474
    148.1627     0.766265     0.233735     0.070824    -0.055177
    148.2837     0.766266     0.233734     0.071059    -0.054271
    148.4046     0.766268     0.233732     0.070993    -0.054126
    148.5255     0.766270     0.233731     0.071726    -0.053919
    148.6465     0.766271     0.233729     0.072052    -0.053027
    148.7674     0.766273     0.233727     0.071934    -0.052801
    148.8884     0.766274     0.233726     0.072617    -0.052695
    149.0093     0.766276     0.233724     0.073084    -0.051805
    149.1303     0.766277     0.233723     0.072938    -0.051423
    149.2512     0.766279     0.233721     0.073500    -0.051368
    149.3721     0.766280     0.233720     0.074061    -0.050534
    149.4931     0.766282     0.233718     0.073928    -0.050009
    149.6140     0.766283     0.233717     0.074346    -0.049943
    149.7350     0.766285     0.233715     0.074894    -0.049195
    149.8559     0.766286     0.233714     0.074768    -0.048669
    149.9769     0.766288     0.233712     0.075183    -0.048670
