      0.0367315      0.9986533      0.0013467      0.0013413      0.0366124
      0.0744048      0.9944955      0.0055045      0.0054593      0.0736266
      0.1120781      0.9875827      0.0124173      0.0122615      0.1096674
      0.1497514      0.9780042      0.0219958      0.0216228      0.1443211
      0.1874247      0.9658792      0.0341208      0.0333884      0.1771981
      0.2250980      0.9513554      0.0486446      0.0473768      0.2079373
      0.2627712      0.9346064      0.0653936      0.0633827      0.2362094
      0.3004445      0.9158296      0.0841704      0.0811799      0.2617202
      0.3381178      0.8952428      0.1047572      0.1005248      0.2842131
      0.3757911      0.8730819      0.1269181      0.1211594      0.3034716
      0.4134644      0.8495974      0.1504026      0.1428149      0.3193207
      0.4511377      0.8250514      0.1749486      0.1652149      0.3316279
      0.4888110      0.7997145      0.2002855      0.1880790      0.3403045
      0.5264843      0.7738622      0.2261378      0.2111259      0.3453051
      0.5641576      0.7477718      0.2522282      0.2340767      0.3466274
      0.6018309      0.7217192      0.2782808      0.2566582      0.3443119
      0.6395042      0.6959757      0.3040243      0.2786056      0.3384398
      0.6771775      0.6708050      0.3291950      0.2996657      0.3291322
      0.7148508      0.6464601      0.3535399      0.3195991      0.3165473
      0.7525241      0.6231809      0.3768191      0.3381832      0.3008785
      0.7901974      0.6011916      0.3988084      0.3552138      0.2823511
      0.8278707      0.5806980      0.4193020      0.3705076      0.2612195
      0.8655440      0.5618859      0.4381141      0.3839036      0.2377639
      0.9032173      0.5449193      0.4550807      0.3952646      0.2122864
      0.9408906      0.5299386      0.4700614      0.4044783      0.1851075
      0.9785639      0.5170592      0.4829408      0.4114581      0.1565619
      1.0162372      0.5063714      0.4936286      0.4161440      0.1269950
      1.0539105      0.4979388      0.5020612      0.4185022      0.0967583
      1.0915838      0.4917985      0.5082015      0.4185258      0.0662055
      1.1292571      0.4879612      0.5120388      0.4162339      0.0356888
      1.1669304      0.4864109      0.5135891      0.4116711      0.0055545
      1.2046037      0.4871061      0.5128939      0.4049069     -0.0238606
      1.2422770      0.4899803      0.5100197      0.3960344     -0.0522327
      1.2799503      0.4949433      0.5050567      0.3851688     -0.0792548
      1.3176236      0.5018823      0.4981177      0.3724458     -0.1046397
      1.3552969      0.5106640      0.4893360      0.3580199     -0.1281228
      1.3929702      0.5211358      0.4788642      0.3420627     -0.1494651
      1.4306435      0.5331282      0.4668718      0.3247599     -0.1684553
      1.4683168      0.5464572      0.4535428      0.3063101     -0.1849117
      1.5059901      0.5609257      0.4390743      0.2869215     -0.1986843
      1.5436634      0.5763271      0.4236729      0.2668100     -0.2096553
      1.5813366      0.5924469      0.4075531      0.2461965     -0.2177408
      1.6190099      0.6090654      0.3909346      0.2253044     -0.2228905
      1.6566832      0.6259608      0.3740392      0.2043569     -0.2250884
      1.6943565      0.6429110      0.3570890      0.1835749     -0.2243523
      1.7320298      0.6596967      0.3403033      0.1631741     -0.2207331
      1.7697031      0.6761036      0.3238964      0.1433630     -0.2143137
      1.8073764      0.6919248      0.3080752      0.1243406     -0.2052079
      1.8450497      0.7069632      0.2930368      0.1062940     -0.1935586
      1.8827230      0.7210332      0.2789668      0.0893970     -0.1795355
      1.9203963      0.7339632      0.2660368      0.0738078     -0.1633333
      1.9580696      0.7455971      0.2544029      0.0596677     -0.1451688
      1.9957429      0.7557958      0.2442042      0.0470998     -0.1252784
      2.0334162      0.7644387      0.2355613      0.0362075     -0.1039151
      2.0710895      0.7714248      0.2285752      0.0270740     -0.0813451
      2.1087628      0.7766735      0.2233265      0.0197614     -0.0578453
      2.1464361      0.7801254      0.2198746      0.0143103     -0.0336992
      2.1841094      0.7817427      0.2182573      0.0107396     -0.0091943
      2.2217827      0.7815092      0.2184908      0.0090466      0.0153817
      2.2594560      0.7794302      0.2205698      0.0092073      0.0397438
      2.2971293      0.7755324      0.2244676      0.0111769      0.0636133
      2.3348026      0.7698632      0.2301368      0.0148906      0.0867207
      2.3724759      0.7624898      0.2375102      0.0202645      0.1088084
      2.4101492      0.7534983      0.2465017      0.0271970      0.1296339
      2.4478225      0.7429922      0.2570078      0.0355700      0.1489723
      2.4854958      0.7310917      0.2689083      0.0452503      0.1666183
      2.5231691      0.7179311      0.2820689      0.0560916      0.1823888
      2.5608424      0.7036580      0.2963420      0.0679363      0.1961244
      2.5985157      0.6884310      0.3115690      0.0806170      0.2076908
      2.6361890      0.6724177      0.3275823      0.0939591      0.2169806
      2.6738623      0.6557927      0.3442073      0.1077826      0.2239136
      2.7115356      0.6387359      0.3612641      0.1219039      0.2284376
      2.7492089      0.6214299      0.3785701      0.1361388      0.2305288
      2.7868822      0.6040578      0.3959422      0.1503035      0.2301914
      2.8245555      0.5868018      0.4131982      0.1642177      0.2274578
      2.8622288      0.5698402      0.4301598      0.1777059      0.2223872
      2.8999020      0.5533461      0.4466539      0.1905996      0.2150651
      2.9375753      0.5374852      0.4625148      0.2027394      0.2056017
      2.9752486      0.5224138      0.4775862      0.2139762      0.1941306
      3.0129219      0.5082776      0.4917224      0.2241732      0.1808068
      3.0505952      0.4952096      0.5047904      0.2332071      0.1658049
      3.0882685      0.4833292      0.5166708      0.2409694      0.1493165
      3.1259418      0.4727408      0.5272592      0.2473677      0.1315482
      3.1636151      0.4635325      0.5364675      0.2523260      0.1127189
      3.2012884      0.4557757      0.5442243      0.2557861      0.0930570
      3.2389617      0.4495244      0.5504756      0.2577074      0.0727979
      3.2766350      0.4448145      0.5551855      0.2580678      0.0521811
      3.3143083      0.4416640      0.5583360      0.2568632      0.0314474
      3.3519816      0.4400726      0.5599274      0.2541075      0.0108362
      3.3896549      0.4400221      0.5599779      0.2498324     -0.0094174
      3.4273282      0.4414770      0.5585230      0.2440867     -0.0290849
      3.4650015      0.4443848      0.5556152      0.2369356     -0.0479475
      3.5026748      0.4486769      0.5513231      0.2284597     -0.0657978
      3.5403481      0.4542698      0.5457302      0.2187540     -0.0824428
      3.5780214      0.4610657      0.5389343      0.2079264     -0.0977054
      3.6156947      0.4689546      0.5310454      0.1960968     -0.1114264
      3.6533680      0.4778147      0.5221853      0.1833950     -0.1234662
      3.6910413      0.4875149      0.5124851      0.1699596     -0.1337063
      3.7287146      0.4979157      0.5020843      0.1559361     -0.1420501
      3.7663879      0.5088714      0.4911286      0.1414749     -0.1484240
      3.8040612      0.5202314      0.4797686      0.1267302     -0.1527778
      3.8417345      0.5318425      0.4681575      0.1118574     -0.1550853
      3.8794078      0.5435502      0.4564498      0.0970118     -0.1553441
      3.9170811      0.5552009      0.4447991      0.0823467     -0.1535753
      3.9547544      0.5666432      0.4333568      0.0680117     -0.1498234
      3.9924277      0.5777301      0.4222699      0.0541508     -0.1441548
      4.0301010      0.5883204      0.4116796      0.0409011     -0.1366577
      4.0677743      0.5982802      0.4017198      0.0283912     -0.1274401
      4.1054476      0.6074847      0.3925153      0.0167396     -0.1166286
      4.1431209      0.6158189      0.3841811      0.0060540     -0.1043668
      4.1807942      0.6231796      0.3768204     -0.0035705     -0.0908134
      4.2184675      0.6294758      0.3705242     -0.0120518     -0.0761401
      4.2561407      0.6346299      0.3653701     -0.0193221     -0.0605298
      4.2938140      0.6385785      0.3614215     -0.0253280     -0.0441738
      4.3314873      0.6412728      0.3587272     -0.0300312     -0.0272701
      4.3691606      0.6426792      0.3573208     -0.0334090     -0.0100207
      4.4068339      0.6427793      0.3572207     -0.0354539      0.0073706
      4.4445072      0.6415700      0.3584300     -0.0361739      0.0247007
      4.4821805      0.6390636      0.3609364     -0.0355921      0.0417695
      4.5198538      0.6352871      0.3647129     -0.0337463      0.0583822
      4.5575271      0.6302820      0.3697180     -0.0306884      0.0743513
      4.5952004      0.6241035      0.3758965     -0.0264835      0.0894989
      4.6328737      0.6168199      0.3831801     -0.0212094      0.1036586
      4.6705470      0.6085115      0.3914885     -0.0149550      0.1166772
      4.7082203      0.5992696      0.4007304     -0.0078196      0.1284163
      4.7458936      0.5891953      0.4108047      0.0000886      0.1387539
      4.7835669      0.5783982      0.4216018      0.0086535      0.1475855
      4.8212402      0.5669952      0.4330048      0.0177531      0.1548251
      4.8589135      0.5551088      0.4448912      0.0272605      0.1604061
      4.8965868      0.5428659      0.4571341      0.0370455      0.1642817
      4.9342601      0.5303962      0.4696038      0.0469763      0.1664252
      4.9719334      0.5178304      0.4821696      0.0569209      0.1668305
      5.0096067      0.5052993      0.4947007      0.0667487      0.1655113
      5.0472800      0.4929315      0.5070685      0.0763318      0.1625012
      5.0849533      0.4808526      0.5191474      0.0855468      0.1578529
      5.1226266      0.4691835      0.5308165      0.0942758      0.1516374
      5.1602999      0.4580390      0.5419610      0.1024080      0.1439430
      5.1979732      0.4475268      0.5524732      0.1098407      0.1348742
      5.2356465      0.4377460      0.5622540      0.1164803      0.1245501
      5.2733198      0.4287862      0.5712138      0.1222437      0.1131029
      5.3109931      0.4207267      0.5792733      0.1270588      0.1006765
      5.3486664      0.4136357      0.5863643      0.1308652      0.0874243
      5.3863397      0.4075692      0.5924308      0.1336149      0.0735078
      5.4240130      0.4025710      0.5974290      0.1352727      0.0590942
      5.4616863      0.3986723      0.6013277      0.1358163      0.0443545
      5.4993596      0.3958909      0.6041091      0.1352369      0.0294619
      5.5370329      0.3942321      0.6057679      0.1335383      0.0145891
      5.5747061      0.3936877      0.6063123      0.1307378     -0.0000930
      5.6123794      0.3942371      0.6057629      0.1268647     -0.0144178
      5.6500527      0.3958473      0.6041527      0.1219609     -0.0282246
      5.6877260      0.3984735      0.6015265      0.1160794     -0.0413603
      5.7253993      0.4020596      0.5979404      0.1092842     -0.0536815
      5.7630726      0.4065391      0.5934609      0.1016491     -0.0650556
      5.8007459      0.4118362      0.5881638      0.0932569     -0.0753624
      5.8384192      0.4178662      0.5821338      0.0841982     -0.0844952
      5.8760925      0.4245372      0.5754628      0.0745702     -0.0923624
      5.9137658      0.4317509      0.5682491      0.0644761     -0.0988877
      5.9514391      0.4394037      0.5605963      0.0540230     -0.1040111
      5.9891124      0.4473884      0.5526116      0.0433211     -0.1076896
      6.0267857      0.4555949      0.5444051      0.0324824     -0.1098973
      6.0644590      0.4639120      0.5360880      0.0216193     -0.1106256
      6.1021323      0.4722284      0.5277716      0.0108432     -0.1098829
      6.1398056      0.4804342      0.5195658      0.0002634     -0.1076946
      6.1774789      0.4884220      0.5115780     -0.0100142     -0.1041026
      6.2151522      0.4960880      0.5039120     -0.0198883     -0.0991643
      6.2528255      0.5033334      0.4966666     -0.0292633     -0.0929523
      6.2904988      0.5100654      0.4899346     -0.0380506     -0.0855528
      6.3281721      0.5161982      0.4838018     -0.0461688     -0.0770650
      6.3658454      0.5216540      0.4783460     -0.0535456     -0.0675995
      6.4035187      0.5263635      0.4736365     -0.0601176     -0.0572769
      6.4411920      0.5302670      0.4697330     -0.0658316     -0.0462265
      6.4788653      0.5333147      0.4666853     -0.0706447     -0.0345845
      6.5165386      0.5354673      0.4645327     -0.0745247     -0.0224923
      6.5542119      0.5366964      0.4633036     -0.0774508     -0.0100953
      6.5918852      0.5369846      0.4630154     -0.0794132      0.0024596
      6.6295585      0.5363255      0.4636745     -0.0804132      0.0150249
      6.6672318      0.5347239      0.4652761     -0.0804632      0.0274548
      6.7049051      0.5321953      0.4678047     -0.0795864      0.0396067
      6.7425784      0.5287659      0.4712341     -0.0778166      0.0513426
      6.7802517      0.5244720      0.4755280     -0.0751970      0.0625311
      6.8179250      0.5193597      0.4806403     -0.0717806      0.0730482
      6.8555983      0.5134839      0.4865161     -0.0676287      0.0827792
      6.8932715      0.5069078      0.4930922     -0.0628104      0.0916198
      6.9309448      0.4997022      0.5002978     -0.0574016      0.0994771
      6.9686181      0.4919441      0.5080559     -0.0514844      0.1062703
      7.0062914      0.4837164      0.5162836     -0.0451457      0.1119322
      7.0439647      0.4751064      0.5248936     -0.0384761      0.1164090
      7.0816380      0.4662051      0.5337949     -0.0315691      0.1196615
      7.1193113      0.4571056      0.5428944     -0.0245200      0.1216648
      7.1569846      0.4479027      0.5520973     -0.0174245      0.1224089
      7.1946579      0.4386910      0.5613090     -0.0103778      0.1218983
      7.2323312      0.4295645      0.5704355     -0.0034733      0.1201520
      7.2700045      0.4206151      0.5793849      0.0031980      0.1172031
      7.3076778      0.4119318      0.5880682      0.0095491      0.1130982
      7.3453511      0.4035995      0.5964005      0.0154976      0.1078966
      7.3830244      0.3956983      0.6043017      0.0209667      0.1016699
      7.4206977      0.3883023      0.6116977      0.0258860      0.0945005
      7.4583710      0.3814791      0.6185209      0.0301923      0.0864809
      7.4960443      0.3752890      0.6247110      0.0338302      0.0777123
      7.5337176      0.3697844      0.6302156      0.0367527      0.0683037
      7.5713909      0.3650093      0.6349907      0.0389215      0.0583699
      7.6090642      0.3609987      0.6390013      0.0403076      0.0480310
      7.6467375      0.3577784      0.6422216      0.0408913      0.0374100
      7.6844108      0.3553652      0.6446348      0.0406625      0.0266320
      7.7220841      0.3537660      0.6462340      0.0396206      0.0158228
      7.7597574      0.3529785      0.6470215      0.0377745      0.0051067
      7.7974307      0.3529910      0.6470090      0.0351421     -0.0053940
      7.8351040      0.3537829      0.6462171      0.0317506     -0.0155611
      7.8727773      0.3553247      0.6446753      0.0276354     -0.0252814
      7.9104506      0.3575787      0.6424213      0.0228400     -0.0344481
      7.9481239      0.3604994      0.6395006      0.0174153     -0.0429621
      7.9857972      0.3640342      0.6359658      0.0114192     -0.0507326
      8.0234705      0.3681238      0.6318762      0.0049152     -0.0576787
      8.0611438      0.3727035      0.6272965     -0.0020277     -0.0637298
      8.0988171      0.3777034      0.6222966     -0.0093363     -0.0688263
      8.1364904      0.3830499      0.6169501     -0.0169338     -0.0729204
      8.1741637      0.3886660      0.6113340     -0.0247409     -0.0759763
      8.2118369      0.3944724      0.6055276     -0.0326767     -0.0779706
      8.2495102      0.4003887      0.5996113     -0.0406598     -0.0788925
      8.2871835      0.4063340      0.5936660     -0.0486089     -0.0787435
      8.3248568      0.4122282      0.5877718     -0.0564441     -0.0775377
      8.3625301      0.4179925      0.5820075     -0.0640875     -0.0753010
      8.4002034      0.4235506      0.5764494     -0.0714643     -0.0720710
      8.4378767      0.4288294      0.5711706     -0.0785035     -0.0678965
      8.4755500      0.4337599      0.5662401     -0.0851388     -0.0628365
      8.5132233      0.4382779      0.5617221     -0.0913093     -0.0569596
      8.5508966      0.4423247      0.5576753     -0.0969599     -0.0503432
      8.5885699      0.4458478      0.5541522     -0.1020422     -0.0430722
      8.6262432      0.4488013      0.5511987     -0.1065148     -0.0352382
      8.6639165      0.4511463      0.5488537     -0.1103438     -0.0269385
      8.7015898      0.4528516      0.5471484     -0.1135031     -0.0182743
      8.7392631      0.4538936      0.5461064     -0.1159743     -0.0093504
      8.7769364      0.4542568      0.5457432     -0.1177476     -0.0002730
      8.8146097      0.4539336      0.5460664     -0.1188208      0.0088508
      8.8522830      0.4529245      0.5470755     -0.1192000      0.0179147
      8.8899563      0.4512381      0.5487619     -0.1188994      0.0268142
      8.9276296      0.4488905      0.5511095     -0.1179404      0.0354477
      8.9653029      0.4459055      0.5540945     -0.1163522      0.0437180
      9.0029762      0.4423139      0.5576861     -0.1141707      0.0515331
      9.0406495      0.4381534      0.5618466     -0.1114380      0.0588071
      9.0783228      0.4334676      0.5665324     -0.1082025      0.0654615
      9.1159961      0.4283061      0.5716939     -0.1045175      0.0714257
      9.1536694      0.4227232      0.5772768     -0.1004410      0.0766379
      9.1913427      0.4167775      0.5832225     -0.0960349      0.0810455
      9.2290160      0.4105315      0.5894685     -0.0913640      0.0846061
      9.2666893      0.4040501      0.5959499     -0.0864956      0.0872872
      9.3043626      0.3974005      0.6025995     -0.0814985      0.0890669
      9.3420359      0.3906512      0.6093488     -0.0764420      0.0899341
      9.3797092      0.3838710      0.6161290     -0.0713956      0.0898882
      9.4173825      0.3771284      0.6228716     -0.0664276      0.0889392
      9.4550558      0.3704906      0.6295094     -0.0616048      0.0871074
      9.4927291      0.3640233      0.6359767     -0.0569914      0.0844231
      9.5304024      0.3577891      0.6422109     -0.0526485      0.0809262
      9.5680756      0.3518475      0.6481525     -0.0486336      0.0766653
      9.6057489      0.3462539      0.6537461     -0.0449994      0.0716975
      9.6434222      0.3410593      0.6589407     -0.0417937      0.0660874
      9.6810955      0.3363093      0.6636907     -0.0390590      0.0599063
      9.7187688      0.3320442      0.6679558     -0.0368316      0.0532314
      9.7564421      0.3282981      0.6717019     -0.0351416      0.0461445
      9.7941154      0.3250987      0.6749013     -0.0340125      0.0387315
      9.8317887      0.3224675      0.6775325     -0.0334612      0.0310812
      9.8694620      0.3204187      0.6795813     -0.0334975      0.0232839
      9.9071353      0.3189601      0.6810399     -0.0341244      0.0154307
      9.9448086      0.3180925      0.6819075     -0.0353379      0.0076126
      9.9824819      0.3178098      0.6821902     -0.0371273     -0.0000811
     10.0201552      0.3180994      0.6819006     -0.0394754     -0.0075634
     10.0578285      0.3189422      0.6810578     -0.0423586     -0.0147506
     10.0955018      0.3203128      0.6796872     -0.0457474     -0.0215635
     10.1331751      0.3221804      0.6778196     -0.0496067     -0.0279280
     10.1708484      0.3245084      0.6754916     -0.0538963     -0.0337759
     10.2085217      0.3272557      0.6727443     -0.0585715     -0.0390459
     10.2461950      0.3303765      0.6696235     -0.0635836     -0.0436837
     10.2838683      0.3338215      0.6661785     -0.0688806     -0.0476433
     10.3215416      0.3375380      0.6624620     -0.0744074     -0.0508868
     10.3592149      0.3414710      0.6585290     -0.0801072     -0.0533850
     10.3968882      0.3455635      0.6544365     -0.0859217     -0.0551176
     10.4345615      0.3497574      0.6502426     -0.0917916     -0.0560734
     10.4722348      0.3539938      0.6460062     -0.0976579     -0.0562504
     10.5099081      0.3582145      0.6417855     -0.1034621     -0.0556554
     10.5475814      0.3623617      0.6376383     -0.1091471     -0.0543041
     10.5852547      0.3663794      0.6336206     -0.1146577     -0.0522209
     10.6229280      0.3702135      0.6297865     -0.1199413     -0.0494383
     10.6606013      0.3738128      0.6261872     -0.1249485     -0.0459964
     10.6982746      0.3771295      0.6228705     -0.1296335     -0.0419425
     10.7359479      0.3801193      0.6198807     -0.1339547     -0.0373307
     10.7736212      0.3827424      0.6172576     -0.1378754     -0.0322207
     10.8112945      0.3849638      0.6150362     -0.1413634     -0.0266774
     10.8489678      0.3867534      0.6132466     -0.1443921     -0.0207699
     10.8866410      0.3880864      0.6119136     -0.1469406     -0.0145708
     10.9243143      0.3889437      0.6110563     -0.1489935     -0.0081552
     10.9619876      0.3893118      0.6106882     -0.1505413     -0.0016002
     10.9996609      0.3891832      0.6108168     -0.1515804      0.0050168
     11.0373342      0.3885562      0.6114438     -0.1521132      0.0116181
     11.0750075      0.3874348      0.6125652     -0.1521478      0.0181274
     11.1126808      0.3858287      0.6141713     -0.1516978      0.0244701
     11.1503541      0.3837533      0.6162467     -0.1507825      0.0305744
     11.1880274      0.3812291      0.6187709     -0.1494261      0.0363719
     11.2257007      0.3782816      0.6217184     -0.1476577      0.0417986
     11.2633740      0.3749411      0.6250589     -0.1455107      0.0467956
     11.3010473      0.3712420      0.6287580     -0.1430227      0.0513094
     11.3387206      0.3672225      0.6327775     -0.1402346      0.0552928
     11.3763939      0.3629241      0.6370759     -0.1371902      0.0587051
     11.4140672      0.3583912      0.6416088     -0.1339361      0.0615128
     11.4517405      0.3536704      0.6463296     -0.1305204      0.0636897
     11.4894138      0.3488099      0.6511901     -0.1269928      0.0652170
     11.5270871      0.3438592      0.6561408     -0.1234036      0.0660839
     11.5647604      0.3388682      0.6611318     -0.1198031      0.0662872
     11.6024337      0.3338867      0.6661133     -0.1162414      0.0658312
     11.6401070      0.3289641      0.6710359     -0.1127674      0.0647282
     11.6777803      0.3241484      0.6758516     -0.1094285      0.0629975
     11.7154536      0.3194859      0.6805141     -0.1062700      0.0606655
     11.7531269      0.3150208      0.6849792     -0.1033345      0.0577654
     11.7908002      0.3107944      0.6892056     -0.1006616      0.0543363
     11.8284735      0.3068448      0.6931552     -0.0982875      0.0504234
     11.8661468      0.3032068      0.6967932     -0.0962443      0.0460765
     11.9038201      0.2999110      0.7000890     -0.0945601      0.0413504
     11.9414934      0.2969837      0.7030163     -0.0932584      0.0363033
     11.9791667      0.2944468      0.7055532     -0.0923581      0.0309965
     12.0168400      0.2923176      0.7076824     -0.0918732      0.0254939
     12.0545133      0.2906084      0.7093916     -0.0918126      0.0198606
     12.0921866      0.2893264      0.7106736     -0.0921803      0.0141628
     12.1298599      0.2884741      0.7115259     -0.0929753      0.0084666
     12.1675332      0.2880488      0.7119512     -0.0941915      0.0028373
     12.2052064      0.2880432      0.7119568     -0.0958182     -0.0026611
     12.2428797      0.2884450      0.7115550     -0.0978398     -0.0079670
     12.2805530      0.2892375      0.7107625     -0.1002366     -0.0130216
     12.3182263      0.2903996      0.7096004     -0.1029843     -0.0177697
     12.3558996      0.2919063      0.7080937     -0.1060553     -0.0221602
     12.3935729      0.2937288      0.7062712     -0.1094181     -0.0261465
     12.4312462      0.2958352      0.7041648     -0.1130384     -0.0296876
     12.4689195      0.2981905      0.7018095     -0.1168792     -0.0327477
     12.5065928      0.3007572      0.6992428     -0.1209014     -0.0352972
     12.5442661      0.3034961      0.6965039     -0.1250640     -0.0373125
     12.5819394      0.3063661      0.6936339     -0.1293251     -0.0387765
     12.6196127      0.3093253      0.6906747     -0.1336418     -0.0396787
     12.6572860      0.3123312      0.6876688     -0.1379712     -0.0400153
     12.6949593      0.3153412      0.6846588     -0.1422707     -0.0397887
     12.7326326      0.3183132      0.6816868     -0.1464982     -0.0390083
     12.7703059      0.3212059      0.6787941     -0.1506133     -0.0376893
     12.8079792      0.3239797      0.6760203     -0.1545769     -0.0358533
     12.8456525      0.3265965      0.6734035     -0.1583523     -0.0335274
     12.8833258      0.3290206      0.6709794     -0.1619053     -0.0307441
     12.9209991      0.3312189      0.6687811     -0.1652045     -0.0275411
     12.9586724      0.3331613      0.6668387     -0.1682220     -0.0239600
     12.9963457      0.3348211      0.6651789     -0.1709331     -0.0200469
     13.0340190      0.3361751      0.6638249     -0.1733172     -0.0158509
     13.0716923      0.3372040      0.6627960     -0.1753574     -0.0114237
     13.1093656      0.3378922      0.6621078     -0.1770410     -0.0068194
     13.1470389      0.3382285      0.6617715     -0.1783598     -0.0020935
     13.1847122      0.3382060      0.6617940     -0.1793095      0.0026979
     13.2223855      0.3378218      0.6621782     -0.1798902      0.0074983
     13.2600588      0.3370772      0.6629228     -0.1801063      0.0122519
     13.2977321      0.3359780      0.6640220     -0.1799664      0.0169040
     13.3354054      0.3345338      0.6654662     -0.1794829      0.0214017
     13.3730787      0.3327581      0.6672419     -0.1786721      0.0256943
     13.4107520      0.3306682      0.6693318     -0.1775540      0.0297342
     13.4484253      0.3282848      0.6717152     -0.1761516      0.0334772
     13.4860986      0.3256319      0.6743681     -0.1744911      0.0368830
     13.5237719      0.3227362      0.6772638     -0.1726016      0.0399156
     13.5614451      0.3196270      0.6803730     -0.1705139      0.0425438
     13.5991184      0.3163359      0.6836641     -0.1682614      0.0447412
     13.6367917      0.3128962      0.6871038     -0.1658785      0.0464869
     13.6744650      0.3093424      0.6906576     -0.1634010      0.0477653
     13.7121383      0.3057103      0.6942897     -0.1608652      0.0485664
     13.7498116      0.3020359      0.6979641     -0.1583077      0.0488859
     13.7874849      0.2983556      0.7016444     -0.1557651      0.0487251
     13.8251582      0.2947053      0.7052947     -0.1532732      0.0480906
     13.8628315      0.2911202      0.7088798     -0.1508669      0.0469947
     13.9005048      0.2876346      0.7123654     -0.1485795      0.0454547
     13.9381781      0.2842811      0.7157189     -0.1464429      0.0434930
     13.9758514      0.2810905      0.7189095     -0.1444866      0.0411364
     14.0135247      0.2780913      0.7219087     -0.1427377      0.0384162
     14.0511980      0.2753097      0.7246903     -0.1412208      0.0353674
     14.0888713      0.2727689      0.7272311     -0.1399574      0.0320286
     14.1265446      0.2704894      0.7295106     -0.1389656      0.0284410
     14.1642179      0.2684882      0.7315118     -0.1382604      0.0246486
     14.2018912      0.2667790      0.7332210     -0.1378534      0.0206969
     14.2395645      0.2653721      0.7346279     -0.1377522      0.0166332
     14.2772378      0.2642741      0.7357259     -0.1379612      0.0125052
     14.3149111      0.2634881      0.7365119     -0.1384810      0.0083610
     14.3525844      0.2630134      0.7369866     -0.1393083      0.0042483
     14.3902577      0.2628459      0.7371541     -0.1404367      0.0002138
     14.4279310      0.2629781      0.7370219     -0.1418561     -0.0036968
     14.4656043      0.2633988      0.7366012     -0.1435533     -0.0074402
     14.5032776      0.2640940      0.7359060     -0.1455117     -0.0109753
     14.5409509      0.2650465      0.7349535     -0.1477123     -0.0142638
     14.5786242      0.2662364      0.7337636     -0.1501331     -0.0172708
     14.6162975      0.2676413      0.7323587     -0.1527499     -0.0199648
     14.6539708      0.2692364      0.7307636     -0.1555366     -0.0223186
     14.6916441      0.2709954      0.7290046     -0.1584652     -0.0243088
     14.7293174      0.2728900      0.7271100     -0.1615065     -0.0259169
     14.7669907      0.2748909      0.7251091     -0.1646302     -0.0271288
     14.8046640      0.2769679      0.7230321     -0.1678055     -0.0279349
     14.8423373      0.2790902      0.7209098     -0.1710011     -0.0283309
     14.8800105      0.2812269      0.7187731     -0.1741859     -0.0283167
     14.9176838      0.2833472      0.7166528     -0.1773293     -0.0278975
     14.9553571      0.2854209      0.7145791     -0.1804014     -0.0270826
     14.9930304      0.2874188      0.7125812     -0.1833735     -0.0258862
     15.0307037      0.2893127      0.7106873     -0.1862182     -0.0243265
     15.0683770      0.2910760      0.7089240     -0.1889100     -0.0224258
     15.1060503      0.2926842      0.7073158     -0.1914254     -0.0202100
     15.1437236      0.2941144      0.7058856     -0.1937431     -0.0177083
     15.1813969      0.2953463      0.7046537     -0.1958444     -0.0149532
     15.2190702      0.2963622      0.7036378     -0.1977132     -0.0119794
     15.2567435      0.2971470      0.7028530     -0.1993362     -0.0088240
     15.2944168      0.2976883      0.7023117     -0.2007032     -0.0055256
     15.3320901      0.2979770      0.7020230     -0.2018069     -0.0021241
     15.3697634      0.2980069      0.7019931     -0.2026432      0.0013397
     15.4074367      0.2977746      0.7022254     -0.2032111      0.0048249
     15.4451100      0.2972803      0.7027197     -0.2035126      0.0082908
     15.4827833      0.2965268      0.7034732     -0.2035527      0.0116973
     15.5204566      0.2955200      0.7044800     -0.2033397      0.0150054
     15.5581299      0.2942689      0.7057311     -0.2028842      0.0181778
     15.5958032      0.2927851      0.7072149     -0.2021999      0.0211790
     15.6334765      0.2910825      0.7089175     -0.2013027      0.0239760
     15.6711498      0.2891779      0.7108221     -0.2002108      0.0265385
     15.7088231      0.2870900      0.7129100     -0.1989445      0.0288390
     15.7464964      0.2848393      0.7151607     -0.1975259      0.0308538
     15.7841697      0.2824482      0.7175518     -0.1959785      0.0325624
     15.8218430      0.2799405      0.7200595     -0.1943271      0.0339480
     15.8595163      0.2773409      0.7226591     -0.1925974      0.0349981
     15.8971896      0.2746751      0.7253249     -0.1908155      0.0357038
     15.9348629      0.2719693      0.7280307     -0.1890081      0.0360605
     15.9725362      0.2692498      0.7307502     -0.1872017      0.0360677
     16.0102095      0.2665429      0.7334571     -0.1854226      0.0357288
     16.0478828      0.2638743      0.7361257     -0.1836963      0.0350512
     16.0855561      0.2612691      0.7387309     -0.1820476      0.0340462
     16.1232294      0.2587516      0.7412484     -0.1805000      0.0327287
     16.1609027      0.2563445      0.7436555     -0.1790755      0.0311171
     16.1985759      0.2540693      0.7459307     -0.1777945      0.0292329
     16.2362492      0.2519456      0.7480544     -0.1766755      0.0271007
     16.2739225      0.2499910      0.7500090     -0.1757350      0.0247474
     16.3115958      0.2482211      0.7517789     -0.1749870      0.0222025
     16.3492691      0.2466493      0.7533507     -0.1744434      0.0194971
     16.3869424      0.2452863      0.7547137     -0.1741132      0.0166639
     16.4246157      0.2441405      0.7558595     -0.1740033      0.0137369
     16.4622890      0.2432177      0.7567823     -0.1741175      0.0107506
     16.4999623      0.2425210      0.7574790     -0.1744574      0.0077399
     16.5376356      0.2420511      0.7579489     -0.1750215      0.0047395
     16.5753089      0.2418057      0.7581943     -0.1758061      0.0017837
     16.6129822      0.2417803      0.7582197     -0.1768047     -0.0010940
     16.6506555      0.2419678      0.7580322     -0.1780085     -0.0038616
     16.6883288      0.2423587      0.7576413     -0.1794066     -0.0064885
     16.7260021      0.2429413      0.7570587     -0.1809855     -0.0089462
     16.7636754      0.2437019      0.7562981     -0.1827301     -0.0112083
     16.8013487      0.2446248      0.7553752     -0.1846234     -0.0132513
     16.8390220      0.2456928      0.7543072     -0.1866470     -0.0150540
     16.8766953      0.2468869      0.7531131     -0.1887809     -0.0165986
     16.9143686      0.2481872      0.7518128     -0.1910043     -0.0178702
     16.9520419      0.2495727      0.7504273     -0.1932954     -0.0188575
     16.9897152      0.2510215      0.7489785     -0.1956320     -0.0195523
     17.0273885      0.2525116      0.7474884     -0.1979913     -0.0199500
     17.0650618      0.2540204      0.7459796     -0.2003509     -0.0200495
     17.1027351      0.2555255      0.7444745     -0.2026883     -0.0198533
     17.1404084      0.2570048      0.7429952     -0.2049815     -0.0193669
     17.1780817      0.2584369      0.7415631     -0.2072095     -0.0185994
     17.2157550      0.2598009      0.7401991     -0.2093518     -0.0175630
     17.2534283      0.2610771      0.7389229     -0.2113896     -0.0162728
     17.2911016      0.2622472      0.7377528     -0.2133052     -0.0147467
     17.3287749      0.2632939      0.7367061     -0.2150825     -0.0130051
     17.3664482      0.2642021      0.7357979     -0.2167072     -0.0110707
     17.4041215      0.2649580      0.7350420     -0.2181670     -0.0089681
     17.4417948      0.2655500      0.7344500     -0.2194515     -0.0067238
     17.4794681      0.2659684      0.7340316     -0.2205523     -0.0043653
     17.5171414      0.2662056      0.7337944     -0.2214635     -0.0019215
     17.5548146      0.2662565      0.7337435     -0.2221813      0.0005785
     17.5924879      0.2661178      0.7338822     -0.2227040      0.0031047
     17.6301612      0.2657887      0.7342113     -0.2230323      0.0056277
     17.6678345      0.2652706      0.7347294     -0.2231692      0.0081180
     17.7055078      0.2645669      0.7354331     -0.2231198      0.0105470
     17.7431811      0.2636835      0.7363165     -0.2228911      0.0128872
     17.7808544      0.2626278      0.7373722     -0.2224923      0.0151122
     17.8185277      0.2614097      0.7385903     -0.2219344      0.0171975
     17.8562010      0.2600404      0.7399596     -0.2212301      0.0191203
     17.8938743      0.2585330      0.7414670     -0.2203935      0.0208599
     17.9315476      0.2569020      0.7430980     -0.2194402      0.0223980
     17.9692209      0.2551632      0.7448368     -0.2183869      0.0237188
     18.0068942      0.2533335      0.7466665     -0.2172514      0.0248093
     18.0445675      0.2514307      0.7485693     -0.2160520      0.0256591
     18.0822408      0.2494731      0.7505269     -0.2148077      0.0262609
     18.1199141      0.2474797      0.7525203     -0.2135377      0.0266103
     18.1575874      0.2454695      0.7545305     -0.2122614      0.0267056
     18.1952607      0.2434617      0.7565383     -0.2109978      0.0265484
     18.2329340      0.2414751      0.7585249     -0.2097658      0.0261431
     18.2706073      0.2395281      0.7604719     -0.2085835      0.0254968
     18.3082806      0.2376387      0.7623613     -0.2074684      0.0246193
     18.3459539      0.2358237      0.7641763     -0.2064368      0.0235233
     18.3836272      0.2340990      0.7659010     -0.2055042      0.0222234
     18.4213005      0.2324794      0.7675206     -0.2046843      0.0207367
     18.4589738      0.2309783      0.7690217     -0.2039897      0.0190823
     18.4966471      0.2296076      0.7703924     -0.2034312      0.0172807
     18.5343204      0.2283774      0.7716226     -0.2030180      0.0153543
     18.5719937      0.2272963      0.7727037     -0.2027575      0.0133265
     18.6096670      0.2263711      0.7736289     -0.2026552      0.0112215
     18.6473403      0.2256066      0.7743934     -0.2027148      0.0090643
     18.6850136      0.2250059      0.7749941     -0.2029378      0.0068802
     18.7226869      0.2245699      0.7754301     -0.2033241      0.0046944
     18.7603602      0.2242978      0.7757022     -0.2038715      0.0025321
     18.7980335      0.2241871      0.7758129     -0.2045762      0.0004178
     18.8357068      0.2242331      0.7757669     -0.2054322     -0.0016249
     18.8733800      0.2244296      0.7755704     -0.2064321     -0.0035733
     18.9110533      0.2247687      0.7752313     -0.2075669     -0.0054063
     18.9487266      0.2252409      0.7747591     -0.2088261     -0.0071040
     18.9863999      0.2258353      0.7741647     -0.2101977     -0.0086485
     19.0240732      0.2265399      0.7734601     -0.2116688     -0.0100240
     19.0617465      0.2273413      0.7726587     -0.2132251     -0.0112164
     19.0994198      0.2282252      0.7717748     -0.2148519     -0.0122143
     19.1370931      0.2291768      0.7708232     -0.2165336     -0.0130085
     19.1747664      0.2301802      0.7698198     -0.2182540     -0.0135921
     19.2124397      0.2312196      0.7687804     -0.2199968     -0.0139610
     19.2501130      0.2322786      0.7677214     -0.2217455     -0.0141134
     19.2877863      0.2333410      0.7666590     -0.2234839     -0.0140501
     19.3254596      0.2343906      0.7656094     -0.2251959     -0.0137744
     19.3631329      0.2354115      0.7645885     -0.2268658     -0.0132920
     19.4008062      0.2363886      0.7636114     -0.2284788     -0.0126108
     19.4384795      0.2373071      0.7626929     -0.2300205     -0.0117412
     19.4761528      0.2381535      0.7618465     -0.2314780     -0.0106953
     19.5138261      0.2389148      0.7610852     -0.2328390     -0.0094873
     19.5514994      0.2395795      0.7604205     -0.2340927     -0.0081333
     19.5891727      0.2401372      0.7598628     -0.2352297     -0.0066505
     19.6268460      0.2405789      0.7594211     -0.2362418     -0.0050577
     19.6645193      0.2408971      0.7591029     -0.2371225     -0.0033746
     19.7021926      0.2410857      0.7589143     -0.2378667     -0.0016219
     19.7398659      0.2411402      0.7588598     -0.2384713      0.0001793
     19.7775392      0.2410580      0.7589420     -0.2389343      0.0020075
     19.8152125      0.2408376      0.7591624     -0.2392557      0.0038410
     19.8528858      0.2404796      0.7595204     -0.2394370      0.0056585
     19.8905591      0.2399858      0.7600142     -0.2394815      0.0074391
     19.9282324      0.2393600      0.7606400     -0.2393936      0.0091623
     19.9659057      0.2386071      0.7613929     -0.2391796      0.0108087
