  1.209442   1.000000   0.000000   0.000001   0.000002
  2.418884   1.000000   0.000000  -0.000000  -0.000000
  3.628326   1.000000   0.000000  -0.000001   0.000003
  4.837769   1.000000   0.000000   0.000001   0.000003
  6.047211   1.000000   0.000000  -0.000003   0.000005
  7.256653   1.000000   0.000000  -0.000001   0.000011
  8.466095   1.000000   0.000000  -0.000003   0.000013
  9.675537   1.000000   0.000000  -0.000005   0.000025
 10.884979   1.000000   0.000000  -0.000005   0.000037
 12.094421   1.000000   0.000000  -0.000011   0.000057
 13.303863   1.000000   0.000000  -0.000013   0.000088
 14.513306   1.000000   0.000000  -0.000020   0.000128
 15.722748   1.000000   0.000000  -0.000029   0.000191
 16.932190   1.000000   0.000000  -0.000037   0.000272
 18.141632   1.000000   0.000000  -0.000054   0.000385
 19.351074   0.999999   0.000001  -0.000068   0.000538
 20.560516   0.999999   0.000001  -0.000089   0.000732
 21.769958   0.999998   0.000002  -0.000114   0.000987
 22.979400   0.999997   0.000003  -0.000138   0.001301
 24.188843   0.999996   0.000004  -0.000171   0.001687
 25.398285   0.999993   0.000007  -0.000201   0.002153
 26.607727   0.999990   0.000010  -0.000236   0.002697
 27.817169   0.999984   0.000016  -0.000279   0.003337
 29.026611   0.999973   0.000027  -0.000336   0.004084
 30.236053   0.999947   0.000053  -0.000451   0.004990
 31.445495   0.999879   0.000121  -0.000681   0.006151
 32.654937   0.999698   0.000302  -0.001164   0.007700
 33.864380   0.999250   0.000750  -0.002118   0.009792
 35.073822   0.998248   0.001752  -0.003828   0.012410
 36.283264   0.996261   0.003739  -0.006616   0.015163
 37.492706   0.992792   0.007208  -0.010684   0.017128
 38.702148   0.987485   0.012515  -0.015969   0.017002
 39.911590   0.980385   0.019615  -0.022006   0.013752
 41.121032   0.972076   0.027924  -0.027904   0.007349
 42.330474   0.963500   0.036500  -0.032585  -0.000977
 43.539917   0.955439   0.044561  -0.035227  -0.009462
 44.749359   0.947950   0.052050  -0.035842  -0.017110
 45.958801   0.940152   0.059848  -0.035569  -0.024420
 47.168243   0.930652   0.069348  -0.036330  -0.032758
 48.377685   0.918453   0.081547  -0.039794  -0.042658
 49.587127   0.903817   0.096183  -0.046106  -0.052553
 50.796569   0.888460   0.111540  -0.053347  -0.059239
 52.006011   0.874878   0.125122  -0.058276  -0.059827
 53.215454   0.865176   0.134824  -0.058079  -0.053718
 54.424896   0.860153   0.139847  -0.051972  -0.042974
 55.634338   0.859155   0.140845  -0.041508  -0.030983
 56.843780   0.860662   0.139338  -0.029564  -0.020645
 58.053222   0.863096   0.136904  -0.018823  -0.013295
 59.262664   0.865373   0.134627  -0.010764  -0.008809
 60.472106   0.867026   0.132974  -0.005585  -0.006335
 61.681548   0.868032   0.131968  -0.002682  -0.004971
 62.890991   0.868562   0.131438  -0.001244  -0.004116
 64.100433   0.868809   0.131191  -0.000607  -0.003458
 65.309875   0.868913   0.131087  -0.000344  -0.002882
 66.519317   0.868953   0.131047  -0.000238  -0.002363
 67.728759   0.868968   0.131032  -0.000188  -0.001893
 68.938201   0.868973   0.131027  -0.000155  -0.001484
 70.147643   0.868976   0.131024  -0.000132  -0.001130
 71.357085   0.868978   0.131022  -0.000108  -0.000832
 72.566528   0.868978   0.131022  -0.000088  -0.000590
 73.775970   0.868979   0.131021  -0.000070  -0.000393
 74.985412   0.868979   0.131021  -0.000053  -0.000241
 76.194854   0.868980   0.131020  -0.000041  -0.000124
 77.404296   0.868980   0.131020  -0.000029  -0.000036
 78.613738   0.868980   0.131020  -0.000021   0.000024
 79.823180   0.868980   0.131020  -0.000014   0.000069
 81.032623   0.868980   0.131020  -0.000007   0.000096
 82.242065   0.868980   0.131020  -0.000005   0.000113
 83.451507   0.868980   0.131020  -0.000001   0.000123
 84.660949   0.868980   0.131020   0.000001   0.000124
 85.870391   0.868981   0.131019   0.000002   0.000125
 87.079833   0.868981   0.131019   0.000005   0.000120
 88.289275   0.868982   0.131018   0.000004   0.000115
 89.498717   0.868982   0.131018   0.000007   0.000109
 90.708160   0.868983   0.131017   0.000007   0.000101
 91.917602   0.868984   0.131016   0.000007   0.000095
 93.127044   0.868985   0.131015   0.000010   0.000087
 94.336486   0.868986   0.131014   0.000010   0.000080
 95.545928   0.868987   0.131013   0.000012   0.000075
 96.755370   0.868988   0.131012   0.000013   0.000067
 97.964812   0.868990   0.131010   0.000014   0.000064
 99.174254   0.868992   0.131008   0.000017   0.000058
100.383697   0.868993   0.131007   0.000017   0.000053
101.593139   0.868995   0.131005   0.000020   0.000050
102.802581   0.868997   0.131003   0.000022   0.000044
104.012023   0.868999   0.131001   0.000022   0.000043
105.221465   0.869002   0.130998   0.000026   0.000039
106.430907   0.869004   0.130996   0.000026   0.000036
107.640349   0.869006   0.130994   0.000029   0.000035
108.849791   0.869008   0.130992   0.000031   0.000031
110.059234   0.869011   0.130989   0.000031   0.000031
111.268676   0.869013   0.130987   0.000034   0.000029
112.478118   0.869015   0.130985   0.000033   0.000027
113.687560   0.869018   0.130982   0.000035   0.000028
114.897002   0.869020   0.130980   0.000036   0.000025
116.106444   0.869022   0.130978   0.000035   0.000025
117.315886   0.869024   0.130976   0.000037   0.000024
118.525328   0.869026   0.130974   0.000036   0.000023
119.734771   0.869028   0.130972   0.000036   0.000024
120.944213   0.869030   0.130970   0.000036   0.000021
122.153655   0.869032   0.130968   0.000035   0.000022
123.363097   0.869034   0.130966   0.000036   0.000021
124.572539   0.869036   0.130964   0.000034   0.000019
125.781981   0.869038   0.130962   0.000034   0.000020
126.991423   0.869040   0.130960   0.000034   0.000017
128.200865   0.869041   0.130959   0.000032   0.000018
129.410308   0.869043   0.130957   0.000033   0.000017
130.619750   0.869045   0.130955   0.000031   0.000016
131.829192   0.869047   0.130953   0.000031   0.000017
133.038634   0.869048   0.130952   0.000031   0.000014
134.248076   0.869050   0.130950   0.000029   0.000015
135.457518   0.869051   0.130949   0.000031   0.000015
136.666960   0.869053   0.130947   0.000029   0.000013
137.876402   0.869055   0.130945   0.000029   0.000014
139.085845   0.869056   0.130944   0.000029   0.000012
140.295287   0.869058   0.130942   0.000027   0.000013
141.504729   0.869059   0.130941   0.000029   0.000012
142.714171   0.869061   0.130939   0.000027   0.000011
143.923613   0.869062   0.130938   0.000028   0.000012
145.133055   0.869064   0.130936   0.000028   0.000010
146.342497   0.869065   0.130935   0.000026   0.000011
147.551939   0.869067   0.130933   0.000028   0.000011
148.761382   0.869069   0.130931   0.000027   0.000009
149.970824   0.869070   0.130930   0.000027   0.000011
