     0.01900000      0.99894176      0.00104407      0.00001418      0.00072033      0.03242315      0.00073414     -0.00040208
     0.03900000      0.99570378      0.00426074      0.00003545      0.00291960      0.06504984      0.00055742     -0.00036497
     0.05900000      0.99032090      0.00961340      0.00006569      0.00653999      0.09699074      0.00024753     -0.00044624
     0.07900000      0.98285005      0.01704207      0.00010789      0.01152706      0.12791623     -0.00016997     -0.00070491
     0.09900000      0.97336868      0.02646505      0.00016626      0.01780635      0.15751309     -0.00065987     -0.00119229
     0.11900000      0.96197577      0.03777826      0.00024597      0.02528242      0.18548496     -0.00117987     -0.00195032
     0.13900000      0.94878861      0.05085854      0.00035285      0.03384092      0.21155988     -0.00168218     -0.00301105
     0.15900000      0.93394164      0.06556494      0.00049344      0.04334992      0.23549394     -0.00211550     -0.00439453
     0.17900000      0.91758421      0.08174156      0.00067422      0.05366171      0.25707386     -0.00242776     -0.00610838
     0.19900000      0.89987902      0.09921883      0.00090215      0.06461438      0.27612170     -0.00256815     -0.00814786
     0.21900000      0.88099843      0.11781787      0.00118372      0.07603648      0.29249647     -0.00248877     -0.01049678
     0.23900000      0.86112371      0.13735134      0.00152493      0.08774770      0.30609788     -0.00214771     -0.01312770
     0.25900000      0.84044141      0.15762729      0.00193129      0.09956480      0.31686645     -0.00151042     -0.01600408
     0.27900000      0.81914052      0.17845214      0.00240735      0.11130512      0.32478557     -0.00055076     -0.01908102
     0.29900000      0.79740879      0.19963454      0.00295665      0.12279398      0.32987900      0.00074774     -0.02230854
     0.31900000      0.77543236      0.22098597      0.00358168      0.13386619      0.33220968      0.00239140     -0.02563296
     0.33900000      0.75339128      0.24232496      0.00428376      0.14437305      0.33187673      0.00437681     -0.02899858
     0.35900000      0.73145721      0.26347972      0.00506308      0.15418619      0.32901091      0.00669154     -0.03235163
     0.37900000      0.70979296      0.28428818      0.00591887      0.16319768      0.32376771      0.00931491     -0.03563946
     0.39900000      0.68854982      0.30460112      0.00684905      0.17132385      0.31632507      0.01221846     -0.03881232
     0.41900000      0.66786685      0.32428251      0.00785066      0.17850597      0.30687538      0.01536773     -0.04182610
     0.43900000      0.64786987      0.34321009      0.00892006      0.18470775      0.29562053      0.01872437     -0.04464201
     0.45900000      0.62867085      0.36127649      0.01005269      0.18991629      0.28276748      0.02224634     -0.04722783
     0.47900000      0.61036784      0.37838875      0.01124341      0.19413855      0.26852242      0.02588926     -0.04955752
     0.49900000      0.59304589      0.39446739      0.01248675      0.19739737      0.25308925      0.02960944     -0.05161156
     0.51900000      0.57677636      0.40944690      0.01377673      0.19972996      0.23666558      0.03336256     -0.05337713
     0.53900000      0.56161784      0.42327479      0.01510738      0.20118528      0.21943920      0.03710678     -0.05484633
     0.55900000      0.54761682      0.43591069      0.01647247      0.20181903      0.20159042      0.04080150     -0.05601668
     0.57900000      0.53480761      0.44732675      0.01786566      0.20169340      0.18328837      0.04440859     -0.05689081
     0.59900000      0.52321453      0.45750449      0.01928098      0.20087210      0.16469121      0.04789449     -0.05747651
     0.61900000      0.51285133      0.46643620      0.02071250      0.19942088      0.14594693      0.05122893     -0.05778309
     0.63900000      0.50372248      0.47412311      0.02215442      0.19740461      0.12719304      0.05438429     -0.05782419
     0.65900000      0.49582375      0.48057489      0.02360134      0.19488645      0.10855898      0.05733742     -0.05761649
     0.67900000      0.48914271      0.48580903      0.02504827      0.19192791      0.09016420      0.06006956     -0.05717753
     0.69900000      0.48365940      0.48985015      0.02649046      0.18858836      0.07211886      0.06256530     -0.05652666
     0.71900000      0.47934653      0.49272971      0.02792376      0.18492507      0.05452580      0.06481332     -0.05568398
     0.73900000      0.47617115      0.49448463      0.02934421      0.18099243      0.03747659      0.06680482     -0.05466979
     0.75900000      0.47409399      0.49515777      0.03074823      0.17684274      0.02105662      0.06853490     -0.05350408
     0.77900000      0.47307038      0.49479681      0.03213280      0.17252547      0.00534101      0.07000088     -0.05220701
     0.79900000      0.47305128      0.49345343      0.03349530      0.16808735     -0.00960345      0.07120318     -0.05079898
     0.81900000      0.47398381      0.49118284      0.03483334      0.16357145     -0.02371889      0.07214380     -0.04929905
     0.83900000      0.47581157      0.48804345      0.03614500      0.15901804     -0.03695494      0.07282711     -0.04772556
     0.85900000      0.47847497      0.48409628      0.03742871      0.15446403     -0.04927001      0.07325906     -0.04609761
     0.87900000      0.48191209      0.47940457      0.03868332      0.14994370     -0.06063071      0.07344730     -0.04443215
     0.89900000      0.48605902      0.47403311      0.03990786      0.14548813     -0.07101063      0.07340066     -0.04274709
     0.91900000      0.49085051      0.46804766      0.04110182      0.14112512     -0.08039121      0.07312944     -0.04105905
     0.93900000      0.49622035      0.46151475      0.04226490      0.13687915     -0.08875946      0.07264562     -0.03938332
     0.95900000      0.50210221      0.45450044      0.04339734      0.13277207     -0.09611036      0.07196253     -0.03773544
     0.97900000      0.50842882      0.44707179      0.04449938      0.12882378     -0.10244477      0.07109473     -0.03612958
     0.99900000      0.51513375      0.43929454      0.04557171      0.12505082     -0.10776764      0.07005810     -0.03457843
     1.01900000      0.52215092      0.43123386      0.04661522      0.12146842     -0.11209084      0.06886966     -0.03309411
     1.03900000      0.52941562      0.42295355      0.04763082      0.11808873     -0.11543066      0.06754616     -0.03168584
     1.05900000      0.53686391      0.41451602      0.04862007      0.11492313     -0.11780836      0.06610760     -0.03036203
     1.07900000      0.54443340      0.40598252      0.04958408      0.11198109     -0.11924859      0.06457134     -0.02912940
     1.09900000      0.55206412      0.39741134      0.05052455      0.10927030     -0.11978192      0.06295649     -0.02799263
     1.11900000      0.55969747      0.38885951      0.05144301      0.10679734     -0.11944256      0.06128148     -0.02695537
     1.13900000      0.56727832      0.38038056      0.05234112      0.10456615     -0.11826951      0.05956441     -0.02601870
     1.15900000      0.57475333      0.37202615      0.05322053      0.10257922     -0.11630474      0.05782176     -0.02518201
     1.17900000      0.58207211      0.36384496      0.05408293      0.10083880     -0.11359399      0.05607042     -0.02444450
     1.19900000      0.58918787      0.35588217      0.05492998      0.09934332     -0.11018602      0.05432454     -0.02380261
     1.21900000      0.59605660      0.34818031      0.05576307      0.09809131     -0.10613089      0.05259689     -0.02325250
     1.23900000      0.60263814      0.34077798      0.05658387      0.09707849     -0.10148273      0.05089963     -0.02278986
     1.25900000      0.60889544      0.33371070      0.05739385      0.09630027     -0.09629515      0.04924266     -0.02240916
     1.27900000      0.61479497      0.32701083      0.05819419      0.09575082     -0.09062456      0.04763437     -0.02210566
     1.29900000      0.62030715      0.32070667      0.05898621      0.09542276     -0.08452704      0.04608130     -0.02187369
     1.31900000      0.62540606      0.31482276      0.05977117      0.09530810     -0.07805849      0.04458937     -0.02170826
     1.33900000      0.63006966      0.30938024      0.06055012      0.09539878     -0.07127592      0.04316218     -0.02160548
     1.35900000      0.63427913      0.30439672      0.06132414      0.09568623     -0.06423649      0.04180321     -0.02156159
     1.37900000      0.63801938      0.29988631      0.06209433      0.09616115     -0.05699492      0.04051553     -0.02157336
     1.39900000      0.64127921      0.29585912      0.06286166      0.09681409     -0.04960565      0.03930135     -0.02163858
     1.41900000      0.64405144      0.29232136      0.06362720      0.09763404     -0.04212367      0.03816260     -0.02175423
     1.43900000      0.64633099      0.28927716      0.06439186      0.09860936     -0.03460186      0.03710189     -0.02191869
     1.45900000      0.64811761      0.28672577      0.06515662      0.09972695     -0.02709051      0.03612093     -0.02212983
     1.47900000      0.64941343      0.28466414      0.06592244      0.10097329     -0.01963818      0.03522137     -0.02238468
     1.49900000      0.65022394      0.28308585      0.06669022      0.10233406     -0.01229024      0.03440482     -0.02267968
     1.51900000      0.65055802      0.28198120      0.06746077      0.10379454     -0.00508976      0.03367146     -0.02301064
     1.53900000      0.65042636      0.28133873      0.06823491      0.10534062      0.00192310      0.03302152     -0.02337339
     1.55900000      0.64984230      0.28114440      0.06901330      0.10695860      0.00871189      0.03245382     -0.02376460
     1.57900000      0.64882222      0.28138130      0.06979648      0.10863442      0.01524231      0.03196640     -0.02417907
     1.59900000      0.64738409      0.28203089      0.07058501      0.11035487      0.02148454      0.03155632     -0.02461341
     1.61900000      0.64554807      0.28307249      0.07137945      0.11210742      0.02740946      0.03122062     -0.02506478
     1.63900000      0.64333599      0.28448391      0.07218008      0.11387911      0.03299182      0.03095493     -0.02553042
     1.65900000      0.64077111      0.28624165      0.07298724      0.11565824      0.03820926      0.03075531     -0.02600830
     1.67900000      0.63787808      0.28832070      0.07380124      0.11743332      0.04304242      0.03061814     -0.02649760
     1.69900000      0.63468305      0.29069449      0.07462248      0.11919289      0.04747352      0.03054060     -0.02699868
     1.71900000      0.63121263      0.29333607      0.07545130      0.12092632      0.05148886      0.03052023     -0.02751146
     1.73900000      0.62749502      0.29621698      0.07628800      0.12262250      0.05507617      0.03055619     -0.02803520
     1.75900000      0.62355864      0.29930851      0.07713285      0.12427082      0.05822693      0.03064717     -0.02857006
     1.77900000      0.61943255      0.30258107      0.07798635      0.12586024      0.06093559      0.03079404     -0.02911446
     1.79900000      0.61514553      0.30600572      0.07884875      0.12738124      0.06320126      0.03099709     -0.02966648
     1.81900000      0.61072710      0.30955255      0.07972037      0.12882437      0.06502395      0.03125715     -0.03022207
     1.83900000      0.60620627      0.31319221      0.08060151      0.13018108      0.06640698      0.03157490     -0.03077678
     1.85900000      0.60161160      0.31689622      0.08149219      0.13144429      0.06735735      0.03194924     -0.03132405
     1.87900000      0.59697122      0.32063646      0.08239229      0.13260823      0.06788404      0.03237833     -0.03185698
     1.89900000      0.59231256      0.32438569      0.08330176      0.13366838      0.06799773      0.03285910     -0.03236781
     1.91900000      0.58766219      0.32811749      0.08422031      0.13462057      0.06771396      0.03338675     -0.03284951
     1.93900000      0.58304532      0.33180741      0.08514728      0.13546304      0.06704765      0.03395415     -0.03329503
     1.95900000      0.57848698      0.33543100      0.08608203      0.13619344      0.06601765      0.03455369     -0.03369778
     1.97900000      0.57400994      0.33896607      0.08702400      0.13681011      0.06464363      0.03517728     -0.03405366
     1.99900000      0.56963602      0.34239172      0.08797224      0.13731358      0.06294780      0.03581566     -0.03435903
     2.01900000      0.56538543      0.34568873      0.08892587      0.13770445      0.06095208      0.03645922     -0.03461232
     2.03900000      0.56127669      0.34883942      0.08988387      0.13798402      0.05868065      0.03709957     -0.03481371
     2.05900000      0.55732691      0.35182758      0.09084552      0.13815381      0.05615906      0.03772959     -0.03496401
     2.07900000      0.55355183      0.35463839      0.09180977      0.13821580      0.05341230      0.03834267     -0.03506553
     2.09900000      0.54996514      0.35725903      0.09277582      0.13817274      0.05046837      0.03893412     -0.03512039
     2.11900000      0.54657840      0.35967868      0.09374292      0.13802776      0.04735382      0.03949969     -0.03513118
     2.13900000      0.54340238      0.36188739      0.09471022      0.13778456      0.04409777      0.04003693     -0.03510016
     2.15900000      0.54044480      0.36387808      0.09567714      0.13744873      0.04072688      0.04054392     -0.03502972
     2.17900000      0.53771204      0.36564509      0.09664286      0.13702496      0.03726972      0.04101891     -0.03492080
     2.19900000      0.53520901      0.36718431      0.09760667      0.13651967      0.03375457      0.04146054     -0.03477486
     2.21900000      0.53293854      0.36849351      0.09856794      0.13593995      0.03020805      0.04186727     -0.03459225
     2.23900000      0.53090118      0.36957287      0.09952594      0.13529338      0.02665672      0.04223683     -0.03437412
     2.25900000      0.52909688      0.37042306      0.10048007      0.13458762      0.02312497      0.04256751     -0.03412107
     2.27900000      0.52752306      0.37104746      0.10142949      0.13383064      0.01963661      0.04285603     -0.03383383
     2.29900000      0.52617611      0.37145022      0.10237364      0.13303145      0.01621293      0.04309977     -0.03351334
     2.31900000      0.52505121      0.37163712      0.10331168      0.13219763      0.01287337      0.04329509     -0.03316228
     2.33900000      0.52414182      0.37161491      0.10424324      0.13133722      0.00963662      0.04343897     -0.03278325
     2.35900000      0.52344081      0.37139150      0.10516768      0.13045781      0.00651806      0.04352789     -0.03238015
     2.37900000      0.52293964      0.37097592      0.10608445      0.12956701      0.00353165      0.04355889     -0.03195703
     2.39900000      0.52262944      0.37037732      0.10699323      0.12867109      0.00068935      0.04353060     -0.03151964
     2.41900000      0.52250010      0.36960623      0.10789366      0.12777622     -0.00199791      0.04344227     -0.03107361
     2.43900000      0.52254109      0.36867319      0.10878573      0.12688804     -0.00452076      0.04329444     -0.03062474
     2.45900000      0.52274117      0.36758952      0.10966930      0.12601175     -0.00687291      0.04308856     -0.03017914
     2.47900000      0.52308939      0.36636606      0.11054457      0.12515126     -0.00904816      0.04282758     -0.02974207
     2.49900000      0.52357366      0.36501468      0.11141166      0.12431119     -0.01104181      0.04251502     -0.02931834
     2.51900000      0.52418177      0.36354738      0.11227085      0.12349569     -0.01285093      0.04215464     -0.02891308
     2.53900000      0.52490156      0.36197578      0.11312266      0.12270833     -0.01447340      0.04175266     -0.02852952
     2.55900000      0.52572092      0.36031170      0.11396737      0.12195223     -0.01590822      0.04131387     -0.02817118
     2.57900000      0.52662750      0.35856701      0.11480548      0.12122993     -0.01715613      0.04084333     -0.02783974
     2.59900000      0.52760899      0.35675348      0.11563754      0.12054419     -0.01821853      0.04034776     -0.02753603
     2.61900000      0.52865363      0.35488234      0.11646407      0.11989650     -0.01909762      0.03983217     -0.02726117
     2.63900000      0.52974948      0.35296508      0.11728545      0.11928805     -0.01979761      0.03930137     -0.02701498
     2.65900000      0.53088483      0.35101283      0.11810234      0.11871939     -0.02032175      0.03876075     -0.02679699
     2.67900000      0.53204903      0.34903594      0.11891503      0.11818973     -0.02067492      0.03821360     -0.02660673
     2.69900000      0.53323034      0.34704565      0.11972401      0.11769913     -0.02086104      0.03766462     -0.02644313
     2.71900000      0.53441821      0.34505193      0.12052986      0.11724652     -0.02088603      0.03711829     -0.02630517
     2.73900000      0.53560264      0.34306449      0.12133286      0.11683006     -0.02075425      0.03657845     -0.02619185
     2.75900000      0.53677329      0.34109321      0.12213350      0.11644810     -0.02047149      0.03604954     -0.02610081
     2.77900000      0.53792094      0.33914710      0.12293196      0.11609881     -0.02004328      0.03553407     -0.02602979
     2.79900000      0.53903573      0.33723579      0.12372849      0.11578135     -0.01947444      0.03503546     -0.02597580
     2.81900000      0.54010920      0.33536732      0.12452349      0.11549340     -0.01877218      0.03455693     -0.02593502
     2.83900000      0.54113246      0.33355057      0.12531695      0.11523432     -0.01794297      0.03409959     -0.02590491
     2.85900000      0.54209781      0.33179319      0.12610902      0.11500240     -0.01699403      0.03366401     -0.02588144
     2.87900000      0.54299735      0.33010301      0.12689966      0.11479674     -0.01593194      0.03324980     -0.02586138
     2.89900000      0.54382430      0.32848680      0.12768890      0.11461595     -0.01476687      0.03285639     -0.02584223
     2.91900000      0.54457175      0.32695156      0.12847668      0.11445913     -0.01350732      0.03248169     -0.02582200
     2.93900000      0.54523427      0.32550287      0.12926287      0.11432518     -0.01216299      0.03212388     -0.02579941
     2.95900000      0.54580681      0.32414590      0.13004728      0.11421253     -0.01074471      0.03178107     -0.02577502
     2.97900000      0.54628439      0.32288554      0.13083006      0.11412093     -0.00926265      0.03145186     -0.02574822
     2.99900000      0.54666343      0.32172576      0.13161082      0.11405035     -0.00772756      0.03113450     -0.02571977
     3.01900000      0.54694079      0.32066942      0.13238980      0.11400042     -0.00615041      0.03082896     -0.02569118
     3.03900000      0.54711399      0.31971912      0.13316690      0.11397143     -0.00454343      0.03053445     -0.02566433
     3.05900000      0.54718124      0.31887655      0.13394220      0.11396453     -0.00291752      0.03025102     -0.02563959
     3.07900000      0.54714212      0.31814209      0.13471577      0.11398001     -0.00128551      0.02997910     -0.02561828
     3.09900000      0.54699620      0.31751619      0.13548762      0.11401876      0.00034230      0.02971842     -0.02560069
     3.11900000      0.54674449      0.31699765      0.13625789      0.11408120      0.00195355      0.02947028     -0.02558718
     3.13900000      0.54638809      0.31658512      0.13702680      0.11416833      0.00353722      0.02923518     -0.02557754
     3.15900000      0.54592963      0.31627603      0.13779434      0.11428010      0.00508129      0.02901273     -0.02557122
     3.17900000      0.54537108      0.31606819      0.13856071      0.11441700      0.00657604      0.02880304     -0.02556840
     3.19900000      0.54471714      0.31595685      0.13932601      0.11457807      0.00801146      0.02860564     -0.02556878
     3.21900000      0.54397153      0.31593825      0.14009022      0.11476295      0.00937793      0.02841967     -0.02557232
     3.23900000      0.54313918      0.31600724      0.14085357      0.11496994      0.01066662      0.02824513     -0.02557916
     3.25900000      0.54222519      0.31615867      0.14161615      0.11519689      0.01187057      0.02808166     -0.02558966
     3.27900000      0.54123555      0.31638650      0.14237795      0.11544079      0.01298317      0.02792824     -0.02560378
     3.29900000      0.54017649      0.31668455      0.14313894      0.11569817      0.01399933      0.02778429     -0.02562320
     3.31900000      0.53905473      0.31704582      0.14389948      0.11596500      0.01491410      0.02765122     -0.02564795
     3.33900000      0.53787735      0.31746310      0.14465957      0.11623689      0.01572535      0.02752897     -0.02567853
     3.35900000      0.53665064      0.31792995      0.14541940      0.11650960      0.01643135      0.02741813     -0.02571488
     3.37900000      0.53538163      0.31843919      0.14617919      0.11677870      0.01703208      0.02731988     -0.02575694
     3.39900000      0.53407743      0.31898358      0.14693900      0.11703945      0.01752920      0.02723432     -0.02580388
     3.41900000      0.53274464      0.31955642      0.14769893      0.11728707      0.01792429      0.02716156     -0.02585468
     3.43900000      0.53138980      0.32015102      0.14845918      0.11751816      0.01822067      0.02710116     -0.02590855
     3.45900000      0.53001923      0.32076093      0.14921983      0.11772915      0.01842307      0.02705307     -0.02596461
     3.47900000      0.52863941      0.32137972      0.14998086      0.11791769      0.01853492      0.02701672     -0.02602295
     3.49900000      0.52725583      0.32200154      0.15074261      0.11808263      0.01856199      0.02699236     -0.02608223
     3.51900000      0.52587376      0.32262127      0.15150497      0.11822259      0.01850999      0.02697882     -0.02614308
     3.53900000      0.52449807      0.32323377      0.15226818      0.11833803      0.01838358      0.02697725     -0.02620455
     3.55900000      0.52313370      0.32383415      0.15303216      0.11842892      0.01818863      0.02698614     -0.02626505
     3.57900000      0.52178506      0.32441792      0.15379704      0.11849653      0.01793050      0.02700561     -0.02632437
     3.59900000      0.52045583      0.32498143      0.15456272      0.11854330      0.01761432      0.02703518     -0.02637978
     3.61900000      0.51914981      0.32552093      0.15532924      0.11857055      0.01724403      0.02707348     -0.02643000
     3.63900000      0.51787034      0.32603319      0.15609649      0.11858056      0.01682352      0.02711913     -0.02647215
     3.65900000      0.51662044      0.32651529      0.15686423      0.11857465      0.01635502      0.02716990     -0.02650411
     3.67900000      0.51540321      0.32696439      0.15763239      0.11855425      0.01584147      0.02722280     -0.02652390
     3.69900000      0.51422166      0.32737760      0.15840072      0.11851930      0.01528436      0.02727450     -0.02653076
     3.71900000      0.51307850      0.32775250      0.15916898      0.11847020      0.01468503      0.02732181     -0.02652466
     3.73900000      0.51197610      0.32808706      0.15993681      0.11840614      0.01404508      0.02736117     -0.02650681
     3.75900000      0.51091740      0.32837843      0.16070419      0.11832517      0.01336557      0.02739082     -0.02647868
     3.77900000      0.50990490      0.32862414      0.16147098      0.11822588      0.01264849      0.02740975     -0.02644256
     3.79900000      0.50894083      0.32882223      0.16223695      0.11810590      0.01189781      0.02741698     -0.02640097
     3.81900000      0.50802738      0.32897049      0.16300214      0.11796317      0.01111620      0.02741328     -0.02635604
     3.83900000      0.50716635      0.32906731      0.16376636      0.11779635      0.01030996      0.02739927     -0.02630951
     3.85900000      0.50635883      0.32911135      0.16452982      0.11760445      0.00948422      0.02737839     -0.02626230
     3.87900000      0.50560618      0.32910131      0.16529252      0.11738687      0.00864579      0.02735286     -0.02621397
     3.89900000      0.50490872      0.32903698      0.16605428      0.11714451      0.00780253      0.02732446     -0.02616257
     3.91900000      0.50426699      0.32891779      0.16681520      0.11687794      0.00696181      0.02729473     -0.02610741
     3.93900000      0.50367980      0.32874514      0.16757505      0.11659028      0.00613178      0.02726437     -0.02604479
     3.95900000      0.50314689      0.32851933      0.16833377      0.11628366      0.00532129      0.02723308     -0.02597241
     3.97900000      0.50266582      0.32824315      0.16909102      0.11596166      0.00453693      0.02719954     -0.02588712
     3.99900000      0.50223554      0.32791780      0.16984666      0.11562752      0.00378609      0.02716135     -0.02578613
     4.01900000      0.50185285      0.32754699      0.17060016      0.11528541      0.00307432      0.02711428     -0.02566873
     4.03900000      0.50151538      0.32713338      0.17135122      0.11493904      0.00240705      0.02705435     -0.02553459
     4.05900000      0.50122005      0.32668037      0.17209956      0.11459187      0.00178735      0.02697799     -0.02538567
     4.07900000      0.50096330      0.32619188      0.17284482      0.11424781      0.00121896      0.02688058     -0.02522389
     4.09900000      0.50074216      0.32567117      0.17358667      0.11390911      0.00070285      0.02675903     -0.02505341
     4.11900000      0.50055280      0.32512214      0.17432507      0.11357797      0.00024074      0.02661258     -0.02488036
     4.13900000      0.50039152      0.32454849      0.17505998      0.11325512     -0.00016669      0.02644076     -0.02470954
     4.15900000      0.50025474      0.32395381      0.17579144      0.11294077     -0.00051945      0.02624542     -0.02454822
     4.17900000      0.50013936      0.32334090      0.17651974      0.11263430     -0.00081688      0.02603037     -0.02440067
     4.19900000      0.50004157      0.32271330      0.17724511      0.11233615     -0.00105911      0.02580008     -0.02427073
     4.21900000      0.49995774      0.32207421      0.17796806      0.11204643     -0.00124668      0.02556053     -0.02416073
     4.23900000      0.49988423      0.32142702      0.17868875      0.11176498     -0.00138070      0.02531777     -0.02407241
     4.25900000      0.49981774      0.32077459      0.17940769      0.11149235     -0.00146291      0.02507745     -0.02400471
     4.27900000      0.49975494      0.32011979      0.18012528      0.11122959     -0.00149485      0.02484496     -0.02395490
     4.29900000      0.49969314      0.31946511      0.18084174      0.11097762     -0.00147959      0.02462453     -0.02391929
     4.31900000      0.49962906      0.31881371      0.18155723      0.11073844     -0.00142015      0.02441869     -0.02389305
     4.33900000      0.49956000      0.31816820      0.18227183      0.11051285     -0.00132074      0.02422793     -0.02387192
     4.35900000      0.49948368      0.31753086      0.18298543      0.11030204     -0.00118568      0.02405201     -0.02385188
     4.37900000      0.49939793      0.31690400      0.18369808      0.11010675     -0.00101987      0.02388878     -0.02382830
     4.39900000      0.49930109      0.31628951      0.18440941      0.10992821     -0.00082847      0.02373536     -0.02379995
     4.41900000      0.49919146      0.31568917      0.18511934      0.10976614     -0.00061691      0.02358922     -0.02376514
     4.43900000      0.49906790      0.31510433      0.18582778      0.10962027     -0.00038938      0.02344777     -0.02372366
     4.45900000      0.49892974      0.31453587      0.18653438      0.10948935     -0.00015047      0.02330781     -0.02367680
     4.47900000      0.49877605      0.31398487      0.18723910      0.10937262      0.00009621      0.02316795     -0.02362544
     4.49900000      0.49860687      0.31345140      0.18794176      0.10926715      0.00034760      0.02302688     -0.02357126
     4.51900000      0.49842156      0.31293590      0.18864252      0.10917126      0.00060170      0.02288421     -0.02351688
     4.53900000      0.49822027      0.31243857      0.18934115      0.10908181      0.00085732      0.02273950     -0.02346354
     4.55900000      0.49800279      0.31195927      0.19003794      0.10899626      0.00111372      0.02259409     -0.02341285
     4.57900000      0.49776882      0.31149830      0.19073288      0.10891288      0.00137158      0.02244873     -0.02336680
     4.59900000      0.49751865      0.31105530      0.19142606      0.10882970      0.00163242      0.02230437     -0.02332492
     4.61900000      0.49725159      0.31063076      0.19211763      0.10874555      0.00189713      0.02216223     -0.02328782
     4.63900000      0.49696773      0.31022454      0.19280774      0.10866048      0.00216685      0.02202331     -0.02325409
     4.65900000      0.49666648      0.30983712      0.19349638      0.10857501      0.00244399      0.02188794     -0.02322430
     4.67900000      0.49634717      0.30946909      0.19418376      0.10849042      0.00272911      0.02175698     -0.02319676
     4.69900000      0.49600949      0.30912070      0.19486982      0.10840778      0.00302354      0.02162981     -0.02317057
     4.71900000      0.49565254      0.30879274      0.19555471      0.10832884      0.00332805      0.02150722     -0.02314416
     4.73900000      0.49527585      0.30848583      0.19623833      0.10825548      0.00364228      0.02138800     -0.02311635
     4.75900000      0.49487846      0.30820086      0.19692068      0.10818947      0.00396572      0.02127104     -0.02308688
     4.77900000      0.49445993      0.30793830      0.19760179      0.10813265      0.00429654      0.02115537     -0.02305542
     4.79900000      0.49402006      0.30769842      0.19828150      0.10808618      0.00463193      0.02103994     -0.02302169
     4.81900000      0.49355855      0.30748144      0.19896000      0.10805104      0.00496971      0.02092472     -0.02298546
     4.83900000      0.49307517      0.30728780      0.19963704      0.10802851      0.00530627      0.02080800     -0.02294792
     4.85900000      0.49256994      0.30711739      0.20031267      0.10801973      0.00563879      0.02068963     -0.02290930
     4.87900000      0.49204384      0.30696934      0.20098682      0.10802420      0.00596090      0.02056895     -0.02287056
     4.89900000      0.49149742      0.30684296      0.20165961      0.10804239      0.00626812      0.02044666     -0.02283256
     4.91900000      0.49093175      0.30673731      0.20233093      0.10807261      0.00655603      0.02032128     -0.02279566
     4.93900000      0.49034833      0.30665081      0.20300088      0.10811358      0.00681946      0.02019370     -0.02276215
     4.95900000      0.48974909      0.30658132      0.20366957      0.10816279      0.00705444      0.02006441     -0.02273248
     4.97900000      0.48913591      0.30652699      0.20433711      0.10821795      0.00725784      0.01993395     -0.02270839
     4.99900000      0.48851065      0.30648570      0.20500365      0.10827749      0.00742734      0.01980424     -0.02268934
     5.01900000      0.48787577      0.30645480      0.20566940      0.10833814      0.00756045      0.01967681     -0.02267595
     5.03900000      0.48723407      0.30643140      0.20633453      0.10839738      0.00765558      0.01955279     -0.02266760
     5.05900000      0.48658747      0.30641345      0.20699910      0.10845267      0.00771182      0.01943309     -0.02266353
     5.07900000      0.48593871      0.30639808      0.20766324      0.10850123      0.00772821      0.01931915     -0.02266354
     5.09900000      0.48529086      0.30638199      0.20832714      0.10854026      0.00770435      0.01921181     -0.02266555
     5.11900000      0.48464596      0.30636321      0.20899083      0.10856757      0.00764109      0.01911126     -0.02266816
     5.13900000      0.48400657      0.30633900      0.20965443      0.10858033      0.00753953      0.01901696     -0.02266937
     5.15900000      0.48337533      0.30630682      0.21031786      0.10857615      0.00740087      0.01892837     -0.02266740
     5.17900000      0.48275463      0.30626405      0.21098129      0.10855306      0.00722734      0.01884509     -0.02266153
     5.19900000      0.48214654      0.30620899      0.21164447      0.10850924      0.00702190      0.01876506     -0.02265065
     5.21900000      0.48155254      0.30614010      0.21230739      0.10844328      0.00678879      0.01868723     -0.02263414
     5.23900000      0.48097481      0.30605524      0.21296993      0.10835415      0.00653242      0.01861045     -0.02261145
     5.25900000      0.48041459      0.30595330      0.21363211      0.10824155      0.00625824      0.01853433     -0.02258320
     5.27900000      0.47987281      0.30583344      0.21429377      0.10810564      0.00597261      0.01845787     -0.02254869
     5.29900000      0.47934974      0.30569558      0.21495468      0.10794801      0.00568083      0.01837990     -0.02250882
     5.31900000      0.47884609      0.30553908      0.21561485      0.10776943      0.00538958      0.01830063     -0.02246332
     5.33900000      0.47836087      0.30536497      0.21627416      0.10757299      0.00510561      0.01821965     -0.02241228
     5.35900000      0.47789428      0.30517336      0.21693235      0.10736114      0.00483402      0.01813610     -0.02235605
     5.37900000      0.47744478      0.30496586      0.21758933      0.10713756      0.00457958      0.01804929     -0.02229478
     5.39900000      0.47701126      0.30474381      0.21824490      0.10690605      0.00434736      0.01795856     -0.02222907
     5.41900000      0.47659217      0.30450885      0.21889900      0.10667103      0.00413987      0.01786322     -0.02216035
     5.43900000      0.47618628      0.30426226      0.21955147      0.10643592      0.00396011      0.01776312     -0.02208926
     5.45900000      0.47579090      0.30400686      0.22020223      0.10620487      0.00380952      0.01765797     -0.02201727
     5.47900000      0.47540453      0.30374419      0.22085125      0.10598123      0.00368848      0.01754728     -0.02194581
     5.49900000      0.47502564      0.30347596      0.22149843      0.10576708      0.00359693      0.01743124     -0.02187650
     5.51900000      0.47465194      0.30320417      0.22214388      0.10556521      0.00353470      0.01731156     -0.02181093
     5.53900000      0.47428167      0.30293075      0.22278758      0.10537726      0.00349905      0.01718895     -0.02175041
     5.55900000      0.47391320      0.30265712      0.22342968      0.10520390      0.00348840      0.01706517     -0.02169651
     5.57900000      0.47354491      0.30238486      0.22407023      0.10504606      0.00349955      0.01694201     -0.02164932
     5.59900000      0.47317570      0.30211494      0.22470937      0.10490378      0.00352900      0.01682173     -0.02160935
     5.61900000      0.47280464      0.30184809      0.22534726      0.10477677      0.00357252      0.01670643     -0.02157544
     5.63900000      0.47243067      0.30158533      0.22598400      0.10466415      0.00362675      0.01659854     -0.02154565
     5.65900000      0.47205322      0.30132719      0.22661960      0.10456603      0.00368676      0.01649903     -0.02151812
     5.67900000      0.47167232      0.30107361      0.22725405      0.10448059      0.00374904      0.01640821     -0.02149002
     5.69900000      0.47128787      0.30082471      0.22788742      0.10440671      0.00380939      0.01632617     -0.02145820
     5.71900000      0.47090010      0.30058030      0.22851960      0.10434318      0.00386402      0.01625116     -0.02142023
     5.73900000      0.47050931      0.30034027      0.22915042      0.10428869      0.00390988      0.01618039     -0.02137287
     5.75900000      0.47011596      0.30010445      0.22977958      0.10424206      0.00394396      0.01611007     -0.02131594
     5.77900000      0.46972105      0.29987189      0.23040706      0.10420086      0.00396239      0.01603708     -0.02124868
     5.79900000      0.46932624      0.29964122      0.23103254      0.10416303      0.00396358      0.01595718     -0.02117209
     5.81900000      0.46893212      0.29941195      0.23165595      0.10412697      0.00394620      0.01586775     -0.02108863
     5.83900000      0.46854018      0.29918268      0.23227712      0.10409081      0.00390869      0.01576587     -0.02100083
     5.85900000      0.46815117      0.29895279      0.23289603      0.10405264      0.00385168      0.01565006     -0.02091170
     5.87900000      0.46776658      0.29872063      0.23351281      0.10401016      0.00377548      0.01552050     -0.02082556
     5.89900000      0.46738816      0.29848433      0.23412750      0.10395989      0.00368164      0.01537802     -0.02074468
     5.91900000      0.46701634      0.29824336      0.23474029      0.10390024      0.00357256      0.01522380     -0.02067076
     5.93900000      0.46665214      0.29799635      0.23535151      0.10382843      0.00345141      0.01506016     -0.02060536
     5.95900000      0.46629626      0.29774242      0.23596131      0.10374368      0.00332278      0.01488829     -0.02054916
     5.97900000      0.46594927      0.29748087      0.23656987      0.10364488      0.00319060      0.01470981     -0.02050280
     5.99900000      0.46561084      0.29721172      0.23717745      0.10353189      0.00306039      0.01452568     -0.02046518
     6.01900000      0.46528107      0.29693472      0.23778419      0.10340511      0.00293707      0.01433738     -0.02043629
     6.03900000      0.46495887      0.29665085      0.23839029      0.10326638      0.00282611      0.01414421     -0.02041649
     6.05900000      0.46464383      0.29636020      0.23899598      0.10311716      0.00273114      0.01394727     -0.02040551
     6.07900000      0.46433424      0.29606431      0.23960146      0.10295998      0.00265616      0.01374672     -0.02040497
     6.09900000      0.46402916      0.29576400      0.24020685      0.10279745      0.00260517      0.01354427     -0.02041513
     6.11900000      0.46372668      0.29546090      0.24081244      0.10263309      0.00258088      0.01334177     -0.02043858
     6.13900000      0.46342510      0.29515645      0.24141847      0.10246952      0.00258412      0.01314233     -0.02047662
     6.15900000      0.46312269      0.29485199      0.24202531      0.10231007      0.00261571      0.01294987     -0.02052957
     6.17900000      0.46281776      0.29454897      0.24263327      0.10215690      0.00267509      0.01276832     -0.02059836
     6.19900000      0.46250838      0.29424911      0.24324251      0.10201279      0.00276163      0.01260268     -0.02068208
     6.21900000      0.46219281      0.29395379      0.24385340      0.10187976      0.00287231      0.01245887     -0.02077768
     6.23900000      0.46186970      0.29366417      0.24446611      0.10175910      0.00300498      0.01234103     -0.02088101
     6.25900000      0.46153766      0.29338149      0.24508085      0.10165206      0.00315503      0.01225364     -0.02098727
     6.27900000      0.46119550      0.29310704      0.24569746      0.10155946      0.00331974      0.01219810     -0.02108804
     6.29900000      0.46084251      0.29284168      0.24631579      0.10148102      0.00349376      0.01217427     -0.02117628
     6.31900000      0.46047837      0.29258606      0.24693558      0.10141716      0.00367296      0.01217996     -0.02124405
     6.33900000      0.46010289      0.29234081      0.24755631      0.10136715      0.00385216      0.01221002     -0.02128478
     6.35900000      0.45971601      0.29210676      0.24817724      0.10133046      0.00402620      0.01225728     -0.02129239
     6.37900000      0.45931801      0.29188436      0.24879764      0.10130575      0.00419090      0.01231262     -0.02126333
     6.39900000      0.45890964      0.29167353      0.24941685      0.10129150      0.00434082      0.01236697     -0.02119718
     6.41900000      0.45849231      0.29147376      0.25003393      0.10128544      0.00447234      0.01241038     -0.02109610
     6.43900000      0.45806699      0.29128472      0.25064826      0.10128574      0.00458185      0.01243469     -0.02096416
     6.45900000      0.45763538      0.29110537      0.25125923      0.10128977      0.00466686      0.01243241     -0.02080829
     6.47900000      0.45719899      0.29093460      0.25186641      0.10129474      0.00472562      0.01239905     -0.02063655
     6.49900000      0.45675945      0.29077097      0.25246956      0.10129823      0.00475657      0.01233179     -0.02045908
     6.51900000      0.45631867      0.29061276      0.25306855      0.10129755      0.00476036      0.01223144     -0.02028428
     6.53900000      0.45587898      0.29045743      0.25366360      0.10128955      0.00473865      0.01210047     -0.02012135
     6.55900000      0.45544132      0.29030378      0.25425488      0.10127296      0.00469263      0.01194298     -0.01997671
     6.57900000      0.45500773      0.29014908      0.25484318      0.10124547      0.00462536      0.01176683     -0.01985621
     6.59900000      0.45457903      0.28999200      0.25542891      0.10120572      0.00454108      0.01157848     -0.01976337
     6.61900000      0.45415636      0.28983093      0.25601268      0.10115342      0.00444298      0.01138445     -0.01969941
     6.63900000      0.45374078      0.28966403      0.25659516      0.10108793      0.00433531      0.01119262     -0.01966323
     6.65900000      0.45333238      0.28949062      0.25717700      0.10101050      0.00422280      0.01100851     -0.01965252
     6.67900000      0.45293166      0.28930958      0.25775876      0.10092154      0.00410884      0.01083800     -0.01966334
     6.69900000      0.45253865      0.28912051      0.25834084      0.10082214      0.00399777      0.01068422     -0.01969072
     6.71900000      0.45215258      0.28892378      0.25892362      0.10071446      0.00389250      0.01054982     -0.01972975
     6.73900000      0.45177352      0.28871913      0.25950734      0.10059976      0.00379570      0.01043621     -0.01977358
     6.75900000      0.45140050      0.28850751      0.26009199      0.10047998      0.00370918      0.01034225     -0.01981642
     6.77900000      0.45103301      0.28828955      0.26067745      0.10035606      0.00363569      0.01026564     -0.01985296
     6.79900000      0.45066991      0.28806663      0.26126347      0.10023044      0.00357595      0.01020270     -0.01987908
     6.81900000      0.45031065      0.28783942      0.26184991      0.10010390      0.00353137      0.01014922     -0.01989252
     6.83900000      0.44995401      0.28760973      0.26243627      0.09997716      0.00350034      0.01010099     -0.01989141
     6.85900000      0.44959905      0.28737866      0.26302227      0.09985100      0.00348328      0.01005401     -0.01987602
     6.87900000      0.44924476      0.28714767      0.26360759      0.09972614      0.00348036      0.01000402     -0.01984702
     6.89900000      0.44889056      0.28691766      0.26419180      0.09960218      0.00348972      0.00994769     -0.01980663
     6.91900000      0.44853581      0.28668955      0.26477464      0.09947994      0.00351108      0.00988352     -0.01975726
     6.93900000      0.44817960      0.28646435      0.26535606      0.09936004      0.00354448      0.00980983     -0.01970212
     6.95900000      0.44782116      0.28624303      0.26593580      0.09924324      0.00358901      0.00972694     -0.01964477
     6.97900000      0.44745954      0.28602653      0.26651392      0.09913087      0.00364279      0.00963467     -0.01958782
     6.99900000      0.44709467      0.28581499      0.26709035      0.09902430      0.00370459      0.00953420     -0.01953419
     7.01900000      0.44672561      0.28560910      0.26766528      0.09892459      0.00377284      0.00942851     -0.01948560
     7.03900000      0.44635221      0.28540912      0.26823867      0.09883306      0.00384629      0.00931952     -0.01944448
     7.05900000      0.44597442      0.28521472      0.26881087      0.09875119      0.00392232      0.00921056     -0.01941044
     7.07900000      0.44559201      0.28502604      0.26938197      0.09868003      0.00399833      0.00910434     -0.01938411
     7.09900000      0.44520493      0.28484298      0.26995209      0.09861973      0.00407206      0.00900390     -0.01936387
     7.11900000      0.44481368      0.28466499      0.27052134      0.09856963      0.00414242      0.00891076     -0.01934710
     7.13900000      0.44441812      0.28449216      0.27108975      0.09852943      0.00420678      0.00882662     -0.01933168
     7.15900000      0.44401922      0.28432340      0.27165739      0.09849766      0.00426287      0.00875130     -0.01931421
     7.17900000      0.44361701      0.28415869      0.27222430      0.09847327      0.00430943      0.00868449     -0.01929138
     7.19900000      0.44321266      0.28399720      0.27279015      0.09845406      0.00434465      0.00862380     -0.01926115
     7.21900000      0.44280663      0.28383842      0.27335496      0.09843862      0.00436761      0.00856629     -0.01921959
     7.23900000      0.44239960      0.28368189      0.27391850      0.09842513      0.00437717      0.00850821     -0.01916674
     7.25900000      0.44199282      0.28352674      0.27448044      0.09841209      0.00437219      0.00844462     -0.01910229
     7.27900000      0.44158683      0.28337250      0.27504069      0.09839787      0.00435158      0.00837244     -0.01902809
     7.29900000      0.44118257      0.28321838      0.27559909      0.09838167      0.00431567      0.00828737     -0.01894715
     7.31900000      0.44078160      0.28306285      0.27615555      0.09836191      0.00426278      0.00818803     -0.01886346
     7.33900000      0.44038451      0.28290547      0.27671002      0.09833844      0.00419290      0.00807284     -0.01878226
     7.35900000      0.43999276      0.28274440      0.27726283      0.09830999      0.00410487      0.00794360     -0.01870872
     7.37900000      0.43960776      0.28257821      0.27781403      0.09827550      0.00400008      0.00780250     -0.01864735
     7.39900000      0.43922966      0.28240643      0.27836392      0.09823474      0.00387814      0.00765313     -0.01860211
     7.41900000      0.43886043      0.28222655      0.27891302      0.09818529      0.00374058      0.00750118     -0.01857503
     7.43900000      0.43850069      0.28203755      0.27946177      0.09812624      0.00358820      0.00735175     -0.01856649
     7.45900000      0.43815143      0.28183803      0.28001053      0.09805624      0.00342456      0.00720983     -0.01857551
     7.47900000      0.43781338      0.28162692      0.28055967      0.09797455      0.00325137      0.00707977     -0.01860097
     7.49900000      0.43748709      0.28140340      0.28110950      0.09787976      0.00307155      0.00696475     -0.01863847
     7.51900000      0.43717277      0.28116691      0.28166033      0.09777143      0.00288792      0.00686788     -0.01868447
     7.53900000      0.43687044      0.28091747      0.28221209      0.09764891      0.00270478      0.00678814     -0.01873537
     7.55900000      0.43658042      0.28065462      0.28276494      0.09751182      0.00252361      0.00672681     -0.01878667
     7.57900000      0.43630234      0.28037881      0.28331882      0.09735985      0.00234964      0.00668269     -0.01883371
     7.59900000      0.43603571      0.28009069      0.28387362      0.09719315      0.00218656      0.00665379     -0.01887404
     7.61900000      0.43577940      0.27979162      0.28442901      0.09701315      0.00203766      0.00663783     -0.01890409
     7.63900000      0.43553261      0.27948264      0.28498474      0.09682171      0.00190701      0.00663181     -0.01892175
     7.65900000      0.43529374      0.27916568      0.28554058      0.09662156      0.00179816      0.00663382     -0.01892500
     7.67900000      0.43506162      0.27884229      0.28609607      0.09641581      0.00171367      0.00664068     -0.01891294
     7.69900000      0.43483457      0.27851453      0.28665089      0.09620818      0.00165568      0.00665005     -0.01888487
     7.71900000      0.43461057      0.27818491      0.28720454      0.09600252      0.00162672      0.00665938     -0.01883940
     7.73900000      0.43438805      0.27785545      0.28775651      0.09580225      0.00162754      0.00666575     -0.01877639
     7.75900000      0.43416487      0.27752866      0.28830647      0.09561204      0.00165867      0.00666736     -0.01869447
     7.77900000      0.43393901      0.27720691      0.28885407      0.09543512      0.00171965      0.00666121     -0.01859373
     7.79900000      0.43370840      0.27689288      0.28939873      0.09527541      0.00180921      0.00664369     -0.01847451
     7.81900000      0.43347133      0.27658866      0.28994003      0.09513470      0.00192644      0.00661079     -0.01833688
     7.83900000      0.43322589      0.27629655      0.29047756      0.09501575      0.00206840      0.00655854     -0.01818349
     7.85900000      0.43297085      0.27601819      0.29101096      0.09491946      0.00223222      0.00648241     -0.01801745
     7.87900000      0.43270466      0.27575516      0.29154017      0.09484693      0.00241595      0.00637959     -0.01784358
     7.89900000      0.43242603      0.27550900      0.29206495      0.09479776      0.00261510      0.00624677     -0.01766882
     7.91900000      0.43213410      0.27528045      0.29258546      0.09477150      0.00282585      0.00608383     -0.01750044
     7.93900000      0.43182828      0.27506991      0.29310181      0.09476641      0.00304455      0.00589197     -0.01734571
     7.95900000      0.43150830      0.27487726      0.29361444      0.09478116      0.00326689      0.00567368     -0.01721257
     7.97900000      0.43117390      0.27470219      0.29412394      0.09481366      0.00348952      0.00543422     -0.01710758
     7.99900000      0.43082543      0.27454354      0.29463104      0.09486152      0.00370898      0.00518065     -0.01703658
     8.01900000      0.43046292      0.27440050      0.29513662      0.09492210      0.00392067      0.00492028     -0.01700200
     8.03900000      0.43008686      0.27427180      0.29564135      0.09499262      0.00412224      0.00466159     -0.01700600
     8.05900000      0.42969832      0.27415540      0.29614627      0.09507105      0.00430964      0.00441440     -0.01704772
     8.07900000      0.42929872      0.27404918      0.29665208      0.09515442      0.00447963      0.00418577     -0.01712403
     8.09900000      0.42888863      0.27395173      0.29715963      0.09524122      0.00462944      0.00398330     -0.01722974
     8.11900000      0.42846973      0.27386089      0.29766939      0.09532887      0.00475710      0.00381187     -0.01735831
     8.13900000      0.42804393      0.27377406      0.29818201      0.09541558      0.00486082      0.00367530     -0.01750171
     8.15900000      0.42761226      0.27369013      0.29869760      0.09550007      0.00493858      0.00357482     -0.01765227
     8.17900000      0.42717676      0.27360692      0.29921631      0.09558000      0.00498931      0.00350939     -0.01780139
     8.19900000      0.42673923      0.27352268      0.29973809      0.09565453      0.00501253      0.00347701     -0.01794115
     8.21900000      0.42630127      0.27343592      0.30026280      0.09572224      0.00500809      0.00347353     -0.01806488
     8.23900000      0.42586471      0.27334541      0.30078989      0.09578167      0.00497601      0.00349337     -0.01816672
     8.25900000      0.42543147      0.27324965      0.30131890      0.09583203      0.00491647      0.00353017     -0.01824238
     8.27900000      0.42500284      0.27314779      0.30184936      0.09587144      0.00483029      0.00357689     -0.01829007
     8.29900000      0.42458050      0.27303873      0.30238077      0.09589845      0.00471875      0.00362670     -0.01830902
     8.31900000      0.42416649      0.27292113      0.30291236      0.09591067      0.00458391      0.00367240     -0.01830038
     8.33900000      0.42376167      0.27279459      0.30344375      0.09590646      0.00442808      0.00370915     -0.01826720
     8.35900000      0.42336783      0.27265790      0.30397427      0.09588406      0.00425448      0.00373235     -0.01821430
     8.37900000      0.42298564      0.27251064      0.30450371      0.09584184      0.00406709      0.00373991     -0.01814651
     8.39900000      0.42261580      0.27235247      0.30503172      0.09577881      0.00386991      0.00373162     -0.01806860
     8.41900000      0.42225902      0.27218297      0.30555801      0.09569448      0.00366641      0.00370776     -0.01798528
     8.43900000      0.42191536      0.27200202      0.30608261      0.09558939      0.00346183      0.00367113     -0.01789919
     8.45900000      0.42158509      0.27180948      0.30660544      0.09546406      0.00326023      0.00362457     -0.01781334
     8.47900000      0.42126786      0.27160580      0.30712632      0.09532052      0.00306565      0.00357040     -0.01772838
     8.49900000      0.42096315      0.27139156      0.30764529      0.09516107      0.00288182      0.00351182     -0.01764393
     8.51900000      0.42067004      0.27116755      0.30816242      0.09498943      0.00271257      0.00345120     -0.01755879
     8.53900000      0.42038775      0.27093482      0.30867742      0.09480888      0.00256049      0.00338888     -0.01747054
     8.55900000      0.42011489      0.27069489      0.30919021      0.09462418      0.00242804      0.00332422     -0.01737817
     8.57900000      0.41985017      0.27044924      0.30970060      0.09443931      0.00231513      0.00325552     -0.01727964
     8.59900000      0.41959273      0.27019896      0.31020834      0.09425777      0.00222291      0.00317984     -0.01717539
     8.61900000      0.41934092      0.26994584      0.31071324      0.09408326      0.00215142      0.00309461     -0.01706619
     8.63900000      0.41909358      0.26969122      0.31121519      0.09391818      0.00209908      0.00299738     -0.01695450
     8.65900000      0.41884948      0.26943639      0.31171412      0.09376460      0.00206445      0.00288596     -0.01684314
     8.67900000      0.41860773      0.26918222      0.31221006      0.09362335      0.00204644      0.00276038     -0.01673576
     8.69900000      0.41836718      0.26892981      0.31270304      0.09349529      0.00204333      0.00261981     -0.01663709
     8.71900000      0.41812702      0.26867977      0.31319321      0.09337946      0.00205426      0.00246562     -0.01655094
     8.73900000      0.41788628      0.26843261      0.31368109      0.09327577      0.00207692      0.00230171     -0.01648178
     8.75900000      0.41764436      0.26818870      0.31416694      0.09318327      0.00211033      0.00213184     -0.01643216
     8.77900000      0.41740021      0.26794852      0.31465128      0.09310154      0.00215410      0.00196094     -0.01640356
     8.79900000      0.41715369      0.26771167      0.31513463      0.09302949      0.00220526      0.00179488     -0.01639643
     8.81900000      0.41690404      0.26747857      0.31561736      0.09296617      0.00226315      0.00163841     -0.01641012
     8.83900000      0.41665113      0.26724891      0.31609995      0.09291155      0.00232625      0.00149696     -0.01644192
     8.85900000      0.41639449      0.26702263      0.31658289      0.09286446      0.00239228      0.00137529     -0.01648748
     8.87900000      0.41613403      0.26679955      0.31706641      0.09282425      0.00245953      0.00127629     -0.01654197
     8.89900000      0.41586962      0.26657969      0.31755068      0.09279130      0.00252656      0.00120208     -0.01659976
     8.91900000      0.41560131      0.26636293      0.31803576      0.09276496      0.00259137      0.00115311     -0.01665552
     8.93900000      0.41532932      0.26614906      0.31852165      0.09274497      0.00265213      0.00112856     -0.01670286
     8.95900000      0.41505412      0.26593788      0.31900802      0.09273118      0.00270759      0.00112583     -0.01673684
     8.97900000      0.41477573      0.26572964      0.31949462      0.09272382      0.00275667      0.00114131     -0.01675323
     8.99900000      0.41449458      0.26552426      0.31998113      0.09272272      0.00279842      0.00117104     -0.01674819
     9.01900000      0.41421119      0.26532183      0.32046698      0.09272713      0.00283163      0.00120898     -0.01671964
     9.03900000      0.41392624      0.26512205      0.32095172      0.09273684      0.00285594      0.00124985     -0.01666623
     9.05900000      0.41364005      0.26492520      0.32143476      0.09275144      0.00287105      0.00128817     -0.01658910
     9.07900000      0.41335302      0.26473128      0.32191570      0.09276979      0.00287715      0.00131800     -0.01648882
     9.09900000      0.41306610      0.26453989      0.32239400      0.09279016      0.00287383      0.00133467     -0.01636886
     9.11900000      0.41277950      0.26435112      0.32286938      0.09281192      0.00286242      0.00133486     -0.01623317
     9.13900000      0.41249390      0.26416453      0.32334155      0.09283335      0.00284359      0.00131624     -0.01608586
     9.15900000      0.41220980      0.26397978      0.32381044      0.09285288      0.00281791      0.00127799     -0.01593266
     9.17900000      0.41192738      0.26379684      0.32427579      0.09286914      0.00278697      0.00122003     -0.01577653
     9.19900000      0.41164682      0.26361546      0.32473773      0.09288092      0.00275170      0.00114408     -0.01562139
     9.21900000      0.41136849      0.26343530      0.32519622      0.09288640      0.00271281      0.00105244     -0.01546999
     9.23900000      0.41109289      0.26325553      0.32565159      0.09288422      0.00267142      0.00094776     -0.01532310
     9.25900000      0.41081996      0.26307636      0.32610366      0.09287363      0.00262857      0.00083142     -0.01518209
     9.27900000      0.41054966      0.26289769      0.32655263      0.09285304      0.00258549      0.00070422     -0.01504549
     9.29900000      0.41028186      0.26271940      0.32699874      0.09282160      0.00254213      0.00056794     -0.01491314
     9.31900000      0.41001689      0.26254117      0.32744196      0.09277804      0.00249983      0.00042043     -0.01478433
     9.33900000      0.40975452      0.26236322      0.32788224      0.09272154      0.00245865      0.00026037     -0.01466001
     9.35900000      0.40949474      0.26218547      0.32831981      0.09265191      0.00241913      0.00008561     -0.01454140
     9.37900000      0.40923732      0.26200796      0.32875473      0.09256872      0.00238177     -0.00010573     -0.01443260
     9.39900000      0.40898265      0.26183012      0.32918722      0.09247160      0.00234681     -0.00031407     -0.01433728
     9.41900000      0.40873013      0.26165233      0.32961756      0.09236131      0.00231483     -0.00053915     -0.01426087
     9.43900000      0.40847988      0.26147389      0.33004623      0.09223794      0.00228586     -0.00077754     -0.01420822
     9.45900000      0.40823154      0.26129466      0.33047382      0.09210241      0.00226144     -0.00102487     -0.01418388
     9.47900000      0.40798514      0.26111397      0.33090089      0.09195616      0.00224267     -0.00127554     -0.01419146
     9.49900000      0.40774009      0.26093181      0.33132809      0.09180096      0.00223084     -0.00152302     -0.01423262
     9.51900000      0.40749601      0.26074776      0.33175618      0.09164006      0.00222839     -0.00176000     -0.01430691
     9.53900000      0.40725215      0.26056195      0.33218589      0.09147659      0.00223704     -0.00197925     -0.01441262
     9.55900000      0.40700787      0.26037424      0.33261791      0.09131398      0.00225759     -0.00217450     -0.01454639
     9.57900000      0.40676254      0.26018479      0.33305269      0.09115611      0.00229224     -0.00234089     -0.01470354
     9.59900000      0.40651473      0.25999450      0.33349076      0.09100699      0.00234132     -0.00247447     -0.01487833
     9.61900000      0.40626376      0.25980378      0.33393246      0.09086958      0.00240534     -0.00257328     -0.01506466
     9.63900000      0.40600862      0.25961334      0.33437804      0.09074687      0.00248416     -0.00263572     -0.01525526
     9.65900000      0.40574822      0.25942410      0.33482769      0.09064134      0.00257763     -0.00266140     -0.01544386
     9.67900000      0.40548152      0.25923741      0.33528107      0.09055503      0.00268503     -0.00265291     -0.01562339
     9.69900000      0.40520749      0.25905419      0.33573831      0.09048922      0.00280478     -0.00261181     -0.01578773
     9.71900000      0.40492575      0.25887538      0.33619889      0.09044447      0.00293606     -0.00254272     -0.01593100
     9.73900000      0.40463505      0.25870270      0.33666224      0.09042214      0.00307560     -0.00245022     -0.01604915
     9.75900000      0.40433527      0.25853690      0.33712784      0.09042151      0.00322081     -0.00234005     -0.01613827
     9.77900000      0.40402561      0.25837929      0.33759509      0.09044335      0.00336832     -0.00221789     -0.01619616
     9.79900000      0.40370636      0.25823029      0.33806337      0.09048552      0.00351489     -0.00209052     -0.01622148
     9.81900000      0.40337721      0.25809084      0.33853195      0.09054726      0.00365607     -0.00196352     -0.01621434
     9.83900000      0.40303918      0.25796072      0.33900010      0.09062550      0.00378736     -0.00184397     -0.01617514
     9.85900000      0.40269289      0.25783990      0.33946720      0.09071768      0.00390513     -0.00173730     -0.01610710
     9.87900000      0.40233880      0.25772862      0.33993256      0.09082067      0.00400497     -0.00164939     -0.01601310
     9.89900000      0.40197858      0.25762561      0.34039577      0.09093002      0.00408426     -0.00158367     -0.01589819
     9.91900000      0.40161372      0.25752982      0.34085647      0.09104157      0.00414035     -0.00154345     -0.01576761
     9.93900000      0.40124561      0.25744016      0.34131423      0.09115124      0.00417039     -0.00153065     -0.01562714
     9.95900000      0.40087608      0.25735499      0.34176892      0.09125525      0.00417418     -0.00154446     -0.01548386
     9.97900000      0.40050721      0.25727214      0.34222064      0.09134935      0.00415139     -0.00158335     -0.01534246
     9.99900000      0.40014026      0.25719044      0.34266930      0.09143057      0.00410172     -0.00164492     -0.01520773
