     0.03900000      0.99891855      0.00108798     -0.00000652      0.00116102      0.03275189     -0.00019601      0.00055573
     0.07900000      0.99565296      0.00435034     -0.00000329      0.00332775      0.06549920     -0.00046350      0.00047300
     0.11900000      0.99022997      0.00975820      0.00001183      0.00696747      0.09771404     -0.00084520      0.00025465
     0.15900000      0.98269397      0.01726379      0.00004223      0.01207683      0.12912937     -0.00131251     -0.00015531
     0.19900000      0.97310701      0.02680050      0.00009249      0.01864161      0.15947769     -0.00182781     -0.00080554
     0.23900000      0.96154890      0.03828312      0.00016799      0.02662884      0.18849626     -0.00234744     -0.00173472
     0.27900000      0.94811687      0.05160829      0.00027484      0.03598277      0.21593287     -0.00282414     -0.00297106
     0.31900000      0.93292401      0.06665635      0.00041963      0.04662112      0.24155138     -0.00321014     -0.00453240
     0.35900000      0.91609797      0.08329277      0.00060928      0.05843633      0.26513977     -0.00345829     -0.00642714
     0.39900000      0.89778005      0.10136920      0.00085075      0.07129659      0.28651303     -0.00352289     -0.00865468
     0.43900000      0.87812219      0.12072683      0.00115098      0.08505157      0.30551809     -0.00336125     -0.01120571
     0.47900000      0.85728595      0.14119748      0.00151657      0.09953751      0.32203340     -0.00293373     -0.01406352
     0.51900000      0.83543989      0.16260639      0.00195370      0.11458464      0.33597030     -0.00220463     -0.01720325
     0.55900000      0.81275711      0.18477497      0.00246793      0.13002516      0.34726984     -0.00114322     -0.02059472
     0.59900000      0.78941409      0.20752171      0.00306421      0.14569782      0.35590002      0.00027632     -0.02420153
     0.63900000      0.76558829      0.23066518      0.00374653      0.16145231      0.36185436      0.00207375     -0.02798290
     0.67900000      0.74145679      0.25402508      0.00451815      0.17715071      0.36514625      0.00426341     -0.03189340
     0.71900000      0.71719506      0.27742371      0.00538123      0.19266644      0.36580785      0.00685269     -0.03588388
     0.75900000      0.69297577      0.30068751      0.00633674      0.20788330      0.36388857      0.00984056     -0.03990415
     0.79900000      0.66896734      0.32364769      0.00738495      0.22269320      0.35945510      0.01322093     -0.04390277
     0.83900000      0.64533356      0.34614158      0.00852486      0.23699551      0.35259109      0.01698028     -0.04782851
     0.87900000      0.62223154      0.36801405      0.00975439      0.25069462      0.34339632      0.02109923     -0.05163091
     0.91900000      0.59981153      0.38911795      0.01107052      0.26369882      0.33198704      0.02555355     -0.05525999
     0.95900000      0.57821497      0.40931592      0.01246910      0.27592158      0.31849541      0.03031359     -0.05866832
     0.99900000      0.55757467      0.42848000      0.01394533      0.28728101      0.30306818      0.03534666     -0.06181028
     1.03900000      0.53801222      0.44649472      0.01549306      0.29770438      0.28586532      0.04061414     -0.06464246
     1.07900000      0.51963872      0.46325582      0.01710546      0.30712710      0.26705734      0.04607382     -0.06712298
     1.11900000      0.50255392      0.47867132      0.01877477      0.31549482      0.24682128      0.05167940     -0.06921394
     1.15900000      0.48684499      0.49266244      0.02049255      0.32276449      0.22534029      0.05738116     -0.07088170
     1.19900000      0.47258722      0.50516318      0.02224957      0.32890558      0.20280205      0.06312651     -0.07209745
     1.23900000      0.45984323      0.51612074      0.02403603      0.33389913      0.17939417      0.06886064     -0.07283711
     1.27900000      0.44866363      0.52549476      0.02584161      0.33773647      0.15530405      0.07452645     -0.07308336
     1.31900000      0.43908605      0.53325821      0.02765575      0.34041885      0.13071820      0.08006490     -0.07282706
     1.35900000      0.43113673      0.53939582      0.02946745      0.34195544      0.10582026      0.08541678     -0.07206639
     1.39900000      0.42482885      0.54390511      0.03126606      0.34236462      0.08079333      0.09052476     -0.07080826
     1.43900000      0.42016456      0.54679451      0.03304093      0.34167204      0.05581742      0.09533384     -0.06906816
     1.47900000      0.41713398      0.54808419      0.03478182      0.33991124      0.03106709      0.09979300     -0.06686827
     1.51900000      0.41571551      0.54780553      0.03647896      0.33712293      0.00671364      0.10385509     -0.06423845
     1.55900000      0.41587709      0.54599967      0.03812328      0.33335440     -0.01707869      0.10747943     -0.06121294
     1.59900000      0.41757596      0.54271770      0.03970634      0.32865955     -0.04015359      0.11063113     -0.05783094
     1.63900000      0.42075957      0.53801978      0.04122064      0.32309757     -0.06236437      0.11328186     -0.05413327
     1.67900000      0.42536594      0.53197446      0.04265958      0.31673282     -0.08357505      0.11540861     -0.05016493
     1.71900000      0.43132462      0.52465815      0.04401722      0.30963390     -0.10366229      0.11699343     -0.04597326
     1.75900000      0.43855808      0.51615303      0.04528886      0.30187307     -0.12251436      0.11802476     -0.04160768
     1.79900000      0.44698115      0.50654812      0.04647074      0.29352679     -0.14003378      0.11849691     -0.03711943
     1.83900000      0.45650383      0.49593610      0.04756007      0.28467360     -0.15613702      0.11841078     -0.03256111
     1.87900000      0.46703058      0.48441410      0.04855533      0.27539473     -0.17075670      0.11777373     -0.02798679
     1.91900000      0.47846188      0.47208216      0.04945597      0.26577200     -0.18383865      0.11659905     -0.02344883
     1.95900000      0.49069571      0.45904173      0.05026257      0.25588623     -0.19534248      0.11490670     -0.01899833
     1.99900000      0.50362775      0.44539557      0.05097667      0.24581788     -0.20523969      0.11272340     -0.01468431
     2.03900000      0.51715240      0.43124663      0.05160097      0.23564523     -0.21351273      0.11008193     -0.01055323
     2.07900000      0.53116286      0.41669811      0.05213903      0.22544549     -0.22015364      0.10701886     -0.00664804
     2.11900000      0.54555265      0.40185216      0.05259519      0.21529369     -0.22516586      0.10357615     -0.00300690
     2.15900000      0.56021552      0.38680991      0.05297457      0.20526326     -0.22856243      0.09979968      0.00033526
     2.19900000      0.57504753      0.37166936      0.05328312      0.19542392     -0.23036715      0.09573986      0.00334995
     2.23900000      0.58994544      0.35652732      0.05352722      0.18584303     -0.23061260      0.09144947      0.00601526
     2.27900000      0.60480897      0.34147735      0.05371370      0.17658303     -0.22934213      0.08698092      0.00831477
     2.31900000      0.61954119      0.32660910      0.05384969      0.16770195     -0.22660779      0.08238690      0.01023790
     2.35900000      0.63404873      0.31200874      0.05394253      0.15925232     -0.22247195      0.07771823      0.01177957
     2.39900000      0.64824268      0.29775777      0.05399957      0.15128138     -0.21700477      0.07302448      0.01293854
     2.43900000      0.66203888      0.28393285      0.05402826      0.14383050     -0.21028464      0.06835409      0.01371903
     2.47900000      0.67535912      0.27060486      0.05403602      0.13693531     -0.20239630      0.06375392      0.01412904
     2.51900000      0.68812983      0.25784023      0.05402997      0.13062643     -0.19343116      0.05926865      0.01418153
     2.55900000      0.70028410      0.24569890      0.05401702      0.12492852     -0.18348477      0.05493981      0.01389435
     2.59900000      0.71176182      0.23423443      0.05400378      0.11986067     -0.17265414      0.05080530      0.01328912
     2.63900000      0.72250842      0.22349536      0.05399621      0.11543664     -0.16103753      0.04689773      0.01239145
     2.67900000      0.73247641      0.21352348      0.05400010      0.11166425     -0.14873345      0.04324563      0.01122783
     2.71900000      0.74162380      0.20435582      0.05402039      0.10854961     -0.13583837      0.03987191      0.00982698
     2.75900000      0.74991540      0.19602292      0.05406167      0.10609714     -0.12244740      0.03679622      0.00821765
     2.79900000      0.75732218      0.18854987      0.05412795      0.10430848     -0.10865610      0.03403356      0.00642943
     2.83900000      0.76382126      0.18195620      0.05422252      0.10318294     -0.09455925      0.03159541      0.00449164
     2.87900000      0.76939582      0.17625582      0.05434836      0.10271700     -0.08025311      0.02949081      0.00243335
     2.91900000      0.77403561      0.17145669      0.05450771      0.10290324     -0.06583314      0.02772519      0.00028323
     2.95900000      0.77773595      0.16756181      0.05470228      0.10373029     -0.05139467      0.02630117     -0.00193012
     2.99900000      0.78049868      0.16456796      0.05493336      0.10518143     -0.03703251      0.02521825     -0.00417708
     3.03900000      0.78233191      0.16246656      0.05520152      0.10723574     -0.02283950      0.02447164     -0.00642920
     3.07900000      0.78324959      0.16124356      0.05550684      0.10986746     -0.00890671      0.02405261     -0.00865843
     3.11900000      0.78327119      0.16087987      0.05584893      0.11304689      0.00467727      0.02394874     -0.01083920
     3.15900000      0.78242246      0.16135068      0.05622686      0.11674055      0.01782704      0.02414437     -0.01294762
     3.19900000      0.78073388      0.16262673      0.05663936      0.12091218      0.03046299      0.02462107     -0.01496125
     3.23900000      0.77824168      0.16467371      0.05708458      0.12552240      0.04251124      0.02535853     -0.01686082
     3.27900000      0.77498583      0.16745368      0.05756048      0.13052974      0.05390502      0.02633513     -0.01862840
     3.31900000      0.77101097      0.17092432      0.05806472      0.13589023      0.06458561      0.02752824     -0.02024854
     3.35900000      0.76636481      0.17504072      0.05859446      0.14155858      0.07450251      0.02891332     -0.02170688
     3.39900000      0.76109861      0.17975468      0.05914669      0.14748726      0.08361393      0.03046431     -0.02299242
     3.43900000      0.75526603      0.18501561      0.05971835      0.15362810      0.09188490      0.03215438     -0.02409631
     3.47900000      0.74892233      0.19077158      0.06030606      0.15993260      0.09928942      0.03395561     -0.02501374
     3.51900000      0.74212488      0.19696864      0.06090647      0.16635266      0.10580707      0.03584041     -0.02574266
     3.55900000      0.73493136      0.20355248      0.06151615      0.17284263      0.11142365      0.03778163     -0.02628396
     3.59900000      0.72740127      0.21046696      0.06213178      0.17935699      0.11612883      0.03975201     -0.02664129
     3.63900000      0.71959376      0.21765622      0.06275001      0.18585263      0.11991647      0.04172584     -0.02682075
     3.67900000      0.71156872      0.22506343      0.06336788      0.19228653      0.12278464      0.04367772     -0.02683209
     3.71900000      0.70338628      0.23263125      0.06398246      0.19861767      0.12473454      0.04558412     -0.02668720
     3.75900000      0.69510587      0.24030277      0.06459135      0.20480603      0.12577225      0.04742361     -0.02640095
     3.79900000      0.68678647      0.24802124      0.06519227      0.21081234      0.12590933      0.04917663     -0.02598831
     3.83900000      0.67848651      0.25573014      0.06578334      0.21659749      0.12516438      0.05082684     -0.02546717
     3.87900000      0.67026250      0.26337448      0.06636304      0.22212552      0.12356459      0.05236058     -0.02485473
     3.91900000      0.66216885      0.27090092      0.06693021      0.22736249      0.12114577      0.05376762     -0.02416828
     3.95900000      0.65425783      0.27825819      0.06748397      0.23227720      0.11795299      0.05503999     -0.02342490
     3.99900000      0.64657831      0.28539786      0.06802386      0.23684383      0.11403900      0.05617312     -0.02264028
     4.03900000      0.63917545      0.29227484      0.06854969      0.24104054      0.10946339      0.05716524     -0.02182951
     4.07900000      0.63209055      0.29884806      0.06906140      0.24484999      0.10428896      0.05801666     -0.02100424
     4.11900000      0.62536032      0.30508045      0.06955924      0.24825997      0.09858087      0.05872924     -0.02017584
     4.15900000      0.61901775      0.31093873      0.07004352      0.25126133      0.09240197      0.05930478     -0.01935332
     4.19900000      0.61309181      0.31639342      0.07051478      0.25384804      0.08581338      0.05974604     -0.01854481
     4.23900000      0.60760723      0.32141904      0.07097369      0.25601684      0.07887300      0.06005596     -0.01776034
     4.27900000      0.60258558      0.32599329      0.07142113      0.25776534      0.07163544      0.06023800     -0.01700909
     4.31900000      0.59804448      0.33009761      0.07185791      0.25909300      0.06415342      0.06029763     -0.01630168
     4.35900000      0.59399864      0.33371594      0.07228544      0.26000058      0.05647657      0.06024258     -0.01564749
     4.39900000      0.59045890      0.33683604      0.07270505      0.26049222      0.04865508      0.06008248     -0.01505398
     4.43900000      0.58743297      0.33944879      0.07311822      0.26057570      0.04073868      0.05982696     -0.01452659
     4.47900000      0.58492587      0.34154752      0.07352661      0.26026171      0.03277771      0.05948718     -0.01406889
     4.51900000      0.58293862      0.34312961      0.07393179      0.25956575      0.02482444      0.05907440     -0.01368269
     4.55900000      0.58146917      0.34419552      0.07433532      0.25850759      0.01693167      0.05859962     -0.01336575
     4.59900000      0.58051160      0.34474964      0.07473877      0.25710962      0.00915479      0.05807248     -0.01311607
     4.63900000      0.58005646      0.34480001      0.07514351      0.25539570      0.00154978      0.05750091     -0.01292855
     4.67900000      0.58009102      0.34435802      0.07555095      0.25338974     -0.00582856      0.05689361     -0.01279784
     4.71900000      0.58059821      0.34343975      0.07596205      0.25111665     -0.01292415      0.05625663     -0.01271808
     4.75900000      0.58155799      0.34206422      0.07637779      0.24860150     -0.01968557      0.05559683     -0.01268292
     4.79900000      0.58294668      0.34025448      0.07679886      0.24586873     -0.02606570      0.05491945     -0.01268584
     4.83900000      0.58473803      0.33803608      0.07722587      0.24294360     -0.03202400      0.05422893     -0.01272108
     4.87900000      0.58690325      0.33543747      0.07765929      0.23985179     -0.03752651      0.05352882     -0.01278366
     4.91900000      0.58941189      0.33248880      0.07809932      0.23662004     -0.04254814      0.05282207     -0.01287007
     4.95900000      0.59223173      0.32922199      0.07854628      0.23327673     -0.04707363      0.05211215     -0.01297764
     4.99900000      0.59532967      0.32567001      0.07900032      0.22985068     -0.05109419      0.05140148     -0.01310493
     5.03900000      0.59867263      0.32186578      0.07946162      0.22637121     -0.05460839      0.05069305     -0.01325073
     5.07900000      0.60222741      0.31784231      0.07993029      0.22286649     -0.05761834      0.04998940     -0.01341370
     5.11900000      0.60596128      0.31363232      0.08040642      0.21936313     -0.06012928      0.04929443     -0.01359204
     5.15900000      0.60984151      0.30926842      0.08089011      0.21588674     -0.06214750      0.04861140     -0.01378367
     5.19900000      0.61383622      0.30478237      0.08138142      0.21246127     -0.06367854      0.04794376     -0.01398496
     5.23900000      0.61791336      0.30020640      0.08188025      0.20910953     -0.06472653      0.04729386     -0.01419186
     5.27900000      0.62204124      0.29557227      0.08238647      0.20585220     -0.06529429      0.04666353     -0.01440028
     5.31900000      0.62618856      0.29091162      0.08289981      0.20270873     -0.06538353      0.04605404     -0.01460600
     5.35900000      0.63032399      0.28625600      0.08342000      0.19969775     -0.06499800      0.04546607     -0.01480574
     5.39900000      0.63441644      0.28163696      0.08394661      0.19683675     -0.06414462      0.04489785     -0.01499714
     5.43900000      0.63843580      0.27708502      0.08447920      0.19414192     -0.06283539      0.04434910     -0.01517905
     5.47900000      0.64235242      0.27263030      0.08501727      0.19162801     -0.06108814      0.04381907     -0.01535196
     5.51900000      0.64613852      0.26830112      0.08556035      0.18930863     -0.05892704      0.04330783     -0.01551729
     5.55900000      0.64976819      0.26412377      0.08610804      0.18719525     -0.05638233      0.04281714     -0.01567637
     5.59900000      0.65321705      0.26012304      0.08665989      0.18529856     -0.05349109      0.04234823     -0.01582991
     5.63900000      0.65646429      0.25632023      0.08721548      0.18362696     -0.05029526      0.04190324     -0.01597809
     5.67900000      0.65949126      0.25273434      0.08777441      0.18218659     -0.04683953      0.04148399     -0.01612122
     5.71900000      0.66228268      0.24938097      0.08833634      0.18098000     -0.04317120      0.04109214     -0.01625843
     5.75900000      0.66482628      0.24627287      0.08890086      0.18000651     -0.03933663      0.04072731     -0.01638875
     5.79900000      0.66711261      0.24341962      0.08946779      0.17926135     -0.03537877      0.04038903     -0.01651126
     5.83900000      0.66913498      0.24082840      0.09003662      0.17873665     -0.03133653      0.04007494     -0.01662620
     5.87900000      0.67088907      0.23850372      0.09060717      0.17842225     -0.02724288      0.03978308     -0.01673459
     5.91900000      0.67237233      0.23644846      0.09117920      0.17830750     -0.02312443      0.03951061     -0.01683811
     5.95900000      0.67358414      0.23466343      0.09175244      0.17838126     -0.01900272      0.03925470     -0.01693888
     5.99900000      0.67452509      0.23314821      0.09232670      0.17863362     -0.01489585      0.03901312     -0.01703938
     6.03900000      0.67519670      0.23190138      0.09290191      0.17905529     -0.01081899      0.03878374     -0.01714241
     6.07900000      0.67560192      0.23092006      0.09347801      0.17963704     -0.00678597      0.03856530     -0.01725139
     6.11900000      0.67574386      0.23020111      0.09405502      0.18037032     -0.00281043      0.03835745     -0.01736980
     6.15900000      0.67562708      0.22973997      0.09463294      0.18124694      0.00109110      0.03816195     -0.01750205
     6.19900000      0.67525750      0.22953057      0.09521193      0.18225746      0.00489988      0.03798130     -0.01765176
     6.23900000      0.67464215      0.22956558      0.09579230      0.18339217      0.00859511      0.03782019     -0.01782138
     6.27900000      0.67378922      0.22983655      0.09637422      0.18464240      0.01215304      0.03768258     -0.01801210
     6.31900000      0.67270900      0.23033286      0.09695815      0.18599832      0.01554973      0.03757374     -0.01822394
     6.35900000      0.67141304      0.23104251      0.09754444      0.18744938      0.01875872      0.03749876     -0.01845650
     6.39900000      0.66991463      0.23195185      0.09813349      0.18898365      0.02175352      0.03746121     -0.01870648
     6.43900000      0.66822871      0.23304564      0.09872567      0.19058819      0.02451101      0.03746307     -0.01897041
     6.47900000      0.66637167      0.23430714      0.09932118      0.19224927      0.02701073      0.03750477     -0.01924542
     6.51900000      0.66436118      0.23571833      0.09992049      0.19395184      0.02923749      0.03758698     -0.01952784
     6.55900000      0.66221534      0.23726095      0.10052372      0.19568046      0.03118118      0.03770935     -0.01981490
     6.59900000      0.65995304      0.23891584      0.10113112      0.19742018      0.03283781      0.03787190     -0.02010338
     6.63900000      0.65759304      0.24066403      0.10174293      0.19915730      0.03420649      0.03807476     -0.02038914
     6.67900000      0.65515416      0.24248681      0.10235901      0.20087883      0.03528954      0.03831664     -0.02066899
     6.71900000      0.65265509      0.24436542      0.10297950      0.20257231      0.03609265      0.03859650     -0.02093846
     6.75900000      0.65011381      0.24628209      0.10360410      0.20422626      0.03662376      0.03891238     -0.02119295
     6.79900000      0.64754777      0.24821960      0.10423264      0.20582938      0.03689355      0.03926222     -0.02142873
     6.83900000      0.64497400      0.25016120      0.10486479      0.20737034      0.03691492      0.03964324     -0.02164100
     6.87900000      0.64240803      0.25209182      0.10550015      0.20883812      0.03670194      0.04005298     -0.02182658
     6.91900000      0.63986483      0.25399709      0.10613808      0.21022176      0.03627080      0.04048802     -0.02198069
     6.95900000      0.63735827      0.25586374      0.10677799      0.21151281      0.03563844      0.04094416     -0.02209958
     6.99900000      0.63490047      0.25768028      0.10741921      0.21270488      0.03482393      0.04141690     -0.02217953
     7.03900000      0.63250302      0.25943610      0.10806091      0.21379366      0.03384481      0.04189925     -0.02221722
     7.07900000      0.63017589      0.26112179      0.10870233      0.21477745      0.03271659      0.04238466     -0.02221018
     7.11900000      0.62792838      0.26272916      0.10934245      0.21565678      0.03145448      0.04286382     -0.02215718
     7.15900000      0.62576888      0.26425066      0.10998047      0.21643344      0.03007024      0.04332831     -0.02205810
     7.19900000      0.62370498      0.26567947      0.11061557      0.21710985      0.02857365      0.04376944     -0.02191447
     7.23900000      0.62174326      0.26700998      0.11124678      0.21768857      0.02697424      0.04417830     -0.02172873
     7.27900000      0.61989056      0.26823613      0.11187330      0.21817017      0.02527814      0.04454745     -0.02150498
     7.31900000      0.61815278      0.26935260      0.11249462      0.21855439      0.02349163      0.04487080     -0.02124910
     7.35900000      0.61653545      0.27035445      0.11311010      0.21883993      0.02162127      0.04514375     -0.02096694
     7.39900000      0.61504396      0.27123674      0.11371931      0.21902382      0.01967465      0.04536261     -0.02066521
     7.43900000      0.61368290      0.27199509      0.11432198      0.21910260      0.01766115      0.04552622     -0.02035151
     7.47900000      0.61245600      0.27262593      0.11491809      0.21907407      0.01559367      0.04563633     -0.02003314
     7.51900000      0.61136624      0.27312610      0.11550766      0.21893707      0.01348713      0.04569587     -0.01971667
     7.55900000      0.61041579      0.27349334      0.11609089      0.21869240      0.01136028      0.04570832     -0.01940640
     7.59900000      0.60960506      0.27372687      0.11666805      0.21834347      0.00923397      0.04567771     -0.01910572
     7.63900000      0.60893300      0.27382743      0.11723957      0.21789608      0.00712939      0.04560836     -0.01881707
     7.67900000      0.60839763      0.27379667      0.11780574      0.21735810      0.00506959      0.04550364     -0.01854110
     7.71900000      0.60799526      0.27363783      0.11836690      0.21673988      0.00307575      0.04536736     -0.01827929
     7.75900000      0.60772051      0.27335602      0.11892350      0.21605199      0.00116822      0.04520327     -0.01803175
     7.79900000      0.60756727      0.27295692      0.11947581      0.21530471     -0.00063375      0.04501484     -0.01779877
     7.83900000      0.60752810      0.27244781      0.12002410      0.21450816     -0.00231386      0.04480488     -0.01758086
     7.87900000      0.60759411      0.27183706      0.12056881      0.21367249     -0.00385852      0.04457687     -0.01737666
     7.91900000      0.60775656      0.27113329      0.12111014      0.21280654     -0.00525750      0.04433304     -0.01718483
     7.95900000      0.60800557      0.27034620      0.12164824      0.21191876     -0.00650586      0.04407476     -0.01700302
     7.99900000      0.60833106      0.26948581      0.12218312      0.21101669     -0.00760412      0.04380114     -0.01683023
     8.03900000      0.60872322      0.26856171      0.12271507      0.21010793     -0.00855682      0.04351222     -0.01666596
     8.07900000      0.60917301      0.26758275      0.12324424      0.20919861     -0.00937304      0.04320715     -0.01650986
     8.11900000      0.60967173      0.26655757      0.12377071      0.20829558     -0.01006627      0.04288502     -0.01636341
     8.15900000      0.61021182      0.26549350      0.12429468      0.20740479     -0.01065074      0.04254564     -0.01622863
     8.19900000      0.61078674      0.26439680      0.12481645      0.20653051     -0.01114256      0.04218956     -0.01610873
     8.23900000      0.61139063      0.26327302      0.12533634      0.20567585     -0.01155478      0.04181968     -0.01600770
     8.27900000      0.61201895      0.26212624      0.12585481      0.20484187     -0.01189735      0.04144044     -0.01592871
     8.31900000      0.61266699      0.26096056      0.12637242      0.20402947     -0.01217658      0.04105762     -0.01587337
     8.35900000      0.61333101      0.25977947      0.12688954      0.20323862     -0.01239313      0.04067677     -0.01584230
     8.39900000      0.61400644      0.25858679      0.12740676      0.20246973     -0.01254314      0.04030359     -0.01583396
     8.43900000      0.61468902      0.25738637      0.12792456      0.20172225     -0.01261748      0.03994263     -0.01584570
     8.47900000      0.61537302      0.25618362      0.12844337      0.20099728     -0.01260485      0.03959684     -0.01587410
     8.51900000      0.61605269      0.25498398      0.12896334      0.20029664     -0.01249266      0.03926778     -0.01591519
     8.55900000      0.61672116      0.25379421      0.12948465      0.19962322     -0.01226933      0.03895492     -0.01596540
     8.59900000      0.61737066      0.25262189      0.13000747      0.19898147     -0.01192620      0.03865736     -0.01602096
     8.63900000      0.61799312      0.25147514      0.13053175      0.19837743     -0.01145922      0.03837235     -0.01607984
     8.67900000      0.61858075      0.25036182      0.13105744      0.19781691     -0.01087037      0.03809753     -0.01614094
     8.71900000      0.61912566      0.24928982      0.13158449      0.19730475     -0.01016542      0.03783132     -0.01620380
     8.75900000      0.61962062      0.24826664      0.13211275      0.19684458     -0.00935523      0.03757229     -0.01626795
     8.79900000      0.62005929      0.24729850      0.13264222      0.19643927     -0.00845390      0.03732053     -0.01633370
     8.83900000      0.62043605      0.24639116      0.13317280      0.19609143     -0.00747804      0.03707764     -0.01640252
     8.87900000      0.62074695      0.24554857      0.13370445      0.19580111     -0.00644626      0.03684535     -0.01647387
     8.91900000      0.62098879      0.24477398      0.13423722      0.19556747     -0.00537874      0.03662554     -0.01654878
     8.95900000      0.62115990      0.24406889      0.13477118      0.19538864     -0.00429404      0.03641995     -0.01662611
     8.99900000      0.62125984      0.24343377      0.13530638      0.19526092     -0.00320662      0.03622913     -0.01670586
     9.03900000      0.62128877      0.24286839      0.13584284      0.19518035     -0.00212906      0.03605311     -0.01678719
     9.07900000      0.62124772      0.24237175      0.13638050      0.19514371     -0.00106992      0.03589088     -0.01686884
     9.11900000      0.62113786      0.24194252      0.13691962      0.19514761     -0.00003635      0.03574111     -0.01695019
     9.15900000      0.62096116      0.24157887      0.13745998      0.19518836      0.00096685      0.03560099     -0.01703169
     9.19900000      0.62071971      0.24127854      0.13800173      0.19526217      0.00193731      0.03546960     -0.01711438
     9.23900000      0.62041572      0.24103935      0.13854493      0.19536686      0.00287398      0.03534591     -0.01720086
     9.27900000      0.62005134      0.24085889      0.13908973      0.19550122      0.00377398      0.03523012     -0.01729355
     9.31900000      0.61962931      0.24073435      0.13963633      0.19566291      0.00463456      0.03512346     -0.01739427
     9.35900000      0.61915227      0.24066287      0.14018484      0.19585019      0.00545295      0.03502736     -0.01750332
     9.39900000      0.61862329      0.24064117      0.14073556      0.19606110      0.00622449      0.03494377     -0.01762106
     9.43900000      0.61804503      0.24066645      0.14128852      0.19629303      0.00694624      0.03487501     -0.01774529
     9.47900000      0.61742159      0.24073450      0.14184390      0.19654140      0.00761484      0.03482274     -0.01787287
     9.51900000      0.61675598      0.24084217      0.14240186      0.19680344      0.00822828      0.03478837     -0.01800112
     9.55900000      0.61605238      0.24098548      0.14296214      0.19707482      0.00878522      0.03477221     -0.01812723
     9.59900000      0.61531432      0.24116093      0.14352475      0.19735235      0.00928868      0.03477491     -0.01824819
     9.63900000      0.61454530      0.24136531      0.14408941      0.19763402      0.00974412      0.03479619     -0.01836074
     9.67900000      0.61374822      0.24159583      0.14465594      0.19791960      0.01015800      0.03483595     -0.01846259
     9.71900000      0.61292570      0.24185023      0.14522408      0.19821009      0.01053833      0.03489366     -0.01855032
     9.75900000      0.61207926      0.24212739      0.14579334      0.19850742      0.01089014      0.03496736     -0.01862189
     9.79900000      0.61121146      0.24242522      0.14636333      0.19881244      0.01121759      0.03505519     -0.01867485
     9.83900000      0.61032328      0.24274300      0.14693374      0.19912597      0.01152088      0.03515470     -0.01870709
     9.87900000      0.60941639      0.24307966      0.14750395      0.19944624      0.01179698      0.03526115     -0.01871659
     9.91900000      0.60849315      0.24343333      0.14807352      0.19976927      0.01203901      0.03536921     -0.01870422
     9.95900000      0.60755587      0.24380219      0.14864195      0.20009067      0.01223728      0.03547359     -0.01867112
     9.99900000      0.60660771      0.24418349      0.14920880      0.20040559      0.01237930      0.03556907     -0.01862079
    10.03900000      0.60565282      0.24457332      0.14977387      0.20070890      0.01245118      0.03565196     -0.01855705
    10.07900000      0.60469652      0.24496655      0.15033692      0.20099593      0.01243878      0.03571960     -0.01848541
    10.11900000      0.60374434      0.24535773      0.15089792      0.20126271      0.01232989      0.03577122     -0.01841053
    10.15900000      0.60280326      0.24573984      0.15145689      0.20150512      0.01211531      0.03580737     -0.01833585
    10.19900000      0.60188000      0.24610599      0.15201399      0.20172088      0.01179268      0.03582988     -0.01826263
    10.23900000      0.60098154      0.24644906      0.15256941      0.20190785      0.01136438      0.03584060     -0.01819146
    10.27900000      0.60011469      0.24676206      0.15312324      0.20206371      0.01083775      0.03584153     -0.01811960
    10.31900000      0.59928544      0.24703898      0.15367559      0.20218656      0.01022544      0.03583351     -0.01804511
    10.35900000      0.59849893      0.24727474      0.15422634      0.20227453      0.00954573      0.03581654     -0.01796511
    10.39900000      0.59775870      0.24746579      0.15477551      0.20232569      0.00882011      0.03579018     -0.01787615
    10.43900000      0.59706692      0.24761031      0.15532275      0.20233734      0.00807275      0.03575212     -0.01777726
    10.47900000      0.59642425      0.24770778      0.15586798      0.20230659      0.00732739      0.03570111     -0.01766839
    10.51900000      0.59582984      0.24775929      0.15641090      0.20223103      0.00660606      0.03563530     -0.01755113
    10.55900000      0.59528155      0.24776715      0.15695130      0.20211027      0.00592725      0.03555333     -0.01742781
    10.59900000      0.59477606      0.24773494      0.15748901      0.20194576      0.00530538      0.03545465     -0.01730322
    10.63900000      0.59430955      0.24766647      0.15802397      0.20174014      0.00474796      0.03534012     -0.01718149
    10.67900000      0.59387736      0.24756639      0.15855629      0.20149900      0.00425764      0.03521169     -0.01706605
    10.71900000      0.59347555      0.24743846      0.15908600      0.20122928      0.00383145      0.03507219     -0.01695839
    10.75900000      0.59310033      0.24728643      0.15961325      0.20093905      0.00346194      0.03492319     -0.01685924
    10.79900000      0.59274787      0.24711386      0.16013828      0.20063657      0.00313741      0.03476574     -0.01676868
    10.83900000      0.59241583      0.24692289      0.16066126      0.20032814      0.00284426      0.03460037     -0.01668832
    10.87900000      0.59210232      0.24671516      0.16118251      0.20001814      0.00257032      0.03442714     -0.01661903
    10.91900000      0.59180666      0.24649111      0.16170224      0.19970869      0.00230528      0.03424672     -0.01656144
    10.95900000      0.59152837      0.24625080      0.16222083      0.19940053      0.00204297      0.03406084     -0.01651582
    10.99900000      0.59126733      0.24599404      0.16273863      0.19909315      0.00178090      0.03387050     -0.01648120
    11.03900000      0.59102344      0.24572065      0.16325589      0.19878423      0.00151921      0.03367651     -0.01645730
    11.07900000      0.59079676      0.24543042      0.16377282      0.19847130      0.00126076      0.03347944     -0.01644369
    11.11900000      0.59058684      0.24512355      0.16428960      0.19815274      0.00101090      0.03328003     -0.01644060
    11.15900000      0.59039293      0.24480055      0.16480654      0.19782864      0.00077511      0.03307965     -0.01644771
    11.19900000      0.59021379      0.24446233      0.16532388      0.19750023      0.00055795      0.03288032     -0.01646578
    11.23900000      0.59004833      0.24410986      0.16584179      0.19716822      0.00036193      0.03268452     -0.01649525
    11.27900000      0.58989494      0.24374455      0.16636050      0.19683431      0.00018998      0.03249433     -0.01653626
    11.31900000      0.58975207      0.24336761      0.16688034      0.19650133      0.00004525      0.03231353     -0.01658778
    11.35900000      0.58961774      0.24298071      0.16740157      0.19617343     -0.00007167      0.03214470     -0.01664792
    11.39900000      0.58948999      0.24258563      0.16792435      0.19585452     -0.00015992      0.03199013     -0.01671387
    11.43900000      0.58936736      0.24218379      0.16844885      0.19554633     -0.00021972      0.03184996     -0.01678240
    11.47900000      0.58924736      0.24177742      0.16897521      0.19525111     -0.00025099      0.03172398     -0.01685039
    11.51900000      0.58912836      0.24136838      0.16950324      0.19496933     -0.00025392      0.03161001     -0.01691494
    11.55900000      0.58900839      0.24095860      0.17003301      0.19470051     -0.00022838      0.03150582     -0.01697389
    11.59900000      0.58888549      0.24055032      0.17056424      0.19444407     -0.00017219      0.03140791     -0.01702612
    11.63900000      0.58875757      0.24014565      0.17109678      0.19419946     -0.00008254      0.03131411     -0.01707120
    11.67900000      0.58862248      0.23974710      0.17163044      0.19396683      0.00004377      0.03122195     -0.01711022
    11.71900000      0.58847744      0.23935751      0.17216503      0.19374760      0.00021095      0.03113024     -0.01714599
    11.75900000      0.58831999      0.23897955      0.17270045      0.19354378      0.00042121      0.03103924     -0.01718112
    11.79900000      0.58814729      0.23861605      0.17323667      0.19335757      0.00067516      0.03095100     -0.01721817
    11.83900000      0.58795640      0.23826994      0.17377366      0.19319048      0.00097040      0.03086928     -0.01725751
    11.87900000      0.58774499      0.23794358      0.17431143      0.19304389      0.00130219      0.03079759     -0.01729846
    11.91900000      0.58751083      0.23763924      0.17484993      0.19291870      0.00166312      0.03073790     -0.01733839
    11.95900000      0.58725233      0.23735858      0.17538906      0.19281513      0.00204368      0.03069192     -0.01737478
    11.99900000      0.58696875      0.23710257      0.17592868      0.19273261      0.00243299      0.03065880     -0.01740334
    12.03900000      0.58665955      0.23687188      0.17646857      0.19267011      0.00282058      0.03063557     -0.01742181
    12.07900000      0.58632530      0.23666618      0.17700852      0.19262621      0.00319459      0.03061862     -0.01742892
    12.11900000      0.58596737      0.23648426      0.17754839      0.19259887      0.00354377      0.03060413     -0.01742478
    12.15900000      0.58558763      0.23632459      0.17808777      0.19258472      0.00385703      0.03058816     -0.01741073
    12.19900000      0.58518864      0.23618471      0.17862665      0.19257930      0.00412687      0.03056811     -0.01738863
    12.23900000      0.58477331      0.23606179      0.17916495      0.19257838      0.00434957      0.03054263     -0.01736132
    12.27900000      0.58434483      0.23595263      0.17970253      0.19257756      0.00452420      0.03051188     -0.01733108
    12.31900000      0.58390641      0.23585413      0.18023947      0.19257391      0.00465374      0.03047588     -0.01729860
    12.35900000      0.58346067      0.23576360      0.18077572      0.19256556      0.00474259      0.03043537     -0.01726402
    12.39900000      0.58301020      0.23567853      0.18131130      0.19255211      0.00479622      0.03039056     -0.01722613
    12.43900000      0.58255683      0.23559709      0.18184607      0.19253406      0.00482049      0.03034185     -0.01718471
    12.47900000      0.58210264      0.23551726      0.18238010      0.19251258      0.00481989      0.03029029     -0.01713923
    12.51900000      0.58164875      0.23543816      0.18291307      0.19248894      0.00479875      0.03023437     -0.01708836
    12.55900000      0.58119694      0.23535804      0.18344504      0.19246238      0.00476051      0.03017283     -0.01703213
    12.59900000      0.58074788      0.23527645      0.18397568      0.19243222      0.00470922      0.03010259     -0.01697061
    12.63900000      0.58030247      0.23519263      0.18450488      0.19239552      0.00465009      0.03002082     -0.01690545
    12.67900000      0.57986129      0.23510612      0.18503259      0.19234942      0.00458916      0.02992596     -0.01684011
    12.71900000      0.57942394      0.23501735      0.18555873      0.19229277      0.00453548      0.02981698     -0.01677929
    12.75900000      0.57899000      0.23492661      0.18608339      0.19222437      0.00449813      0.02969558     -0.01672686
    12.79900000      0.57855790      0.23483531      0.18660678      0.19214539      0.00448600      0.02956425     -0.01668677
    12.83900000      0.57812573      0.23474525      0.18712905      0.19205910      0.00450685      0.02942655     -0.01666119
    12.87900000      0.57769127      0.23465818      0.18765055      0.19197011      0.00456432      0.02928779     -0.01665083
    12.91900000      0.57725209      0.23457630      0.18817161      0.19188347      0.00465980      0.02915324     -0.01665426
    12.95900000      0.57680616      0.23450136      0.18869249      0.19180417      0.00478880      0.02902647     -0.01666878
    12.99900000      0.57635129      0.23443540      0.18921332      0.19173832      0.00494275      0.02890938     -0.01669126
    13.03900000      0.57588583      0.23437987      0.18973429      0.19169049      0.00510836      0.02880258     -0.01671901
    13.07900000      0.57541010      0.23433443      0.19025548      0.19166237      0.00527018      0.02870521     -0.01675028
    13.11900000      0.57492479      0.23429827      0.19077693      0.19165397      0.00541026      0.02861616     -0.01678254
    13.15900000      0.57443177      0.23426953      0.19129870      0.19166275      0.00551258      0.02853365     -0.01681504
    13.19900000      0.57393408      0.23424519      0.19182073      0.19168324      0.00556173      0.02845590     -0.01684707
    13.23900000      0.57343570      0.23422122      0.19234310      0.19170770      0.00554715      0.02838108     -0.01687961
    13.27900000      0.57294081      0.23419313      0.19286604      0.19172843      0.00546444      0.02830876     -0.01691373
    13.31900000      0.57245369      0.23415675      0.19338957      0.19173782      0.00531567      0.02823908     -0.01695014
    13.35900000      0.57197841      0.23410773      0.19391387      0.19172946      0.00510807      0.02817309     -0.01699007
    13.39900000      0.57151867      0.23404219      0.19443914      0.19169885      0.00485352      0.02811284     -0.01703206
    13.43900000      0.57107693      0.23395758      0.19496548      0.19164419      0.00456658      0.02806061     -0.01707512
    13.47900000      0.57065465      0.23385239      0.19549295      0.19156470      0.00426319      0.02801870     -0.01711650
    13.51900000      0.57025241      0.23372602      0.19602157      0.19146027      0.00396017      0.02798894     -0.01715114
    13.55900000      0.56986934      0.23357959      0.19655107      0.19133202      0.00367300      0.02797060     -0.01717403
    13.59900000      0.56950407      0.23341469      0.19708124      0.19118206      0.00341468      0.02796177     -0.01718159
    13.63900000      0.56915448      0.23323390      0.19761162      0.19101281      0.00319559      0.02795744     -0.01717073
    13.67900000      0.56881742      0.23304081      0.19814176      0.19082724      0.00302234      0.02795240     -0.01714195
    13.71900000      0.56849016      0.23283852      0.19867131      0.19062772      0.00289658      0.02794145     -0.01709770
    13.75900000      0.56816954      0.23263056      0.19919990      0.19041933      0.00281600      0.02792118     -0.01704225
    13.79900000      0.56785272      0.23241996      0.19972731      0.19020690      0.00277382      0.02788999     -0.01697979
    13.83900000      0.56753769      0.23220903      0.20025326      0.18999474      0.00276015      0.02784759     -0.01691419
    13.87900000      0.56722273      0.23199950      0.20077778      0.18978645      0.00276424      0.02779631     -0.01684912
    13.91900000      0.56690739      0.23179189      0.20130074      0.18958429      0.00277572      0.02773870     -0.01678471
    13.95900000      0.56659108      0.23158683      0.20182208      0.18938904      0.00278743      0.02767616     -0.01671960
    13.99900000      0.56627410      0.23138401      0.20234189      0.18920005      0.00279468      0.02760957     -0.01665195
    14.03900000      0.56595705      0.23118299      0.20285996      0.18901595      0.00279781      0.02753802     -0.01657954
    14.07900000      0.56563990      0.23098389      0.20337621      0.18883534      0.00280001      0.02745861     -0.01649990
    14.11900000      0.56532244      0.23078714      0.20389044      0.18865666      0.00280772      0.02736792     -0.01641368
    14.15900000      0.56500419      0.23059319      0.20440265      0.18847783      0.00283002      0.02726313     -0.01632269
    14.19900000      0.56468373      0.23040357      0.20491269      0.18829936      0.00287495      0.02714173     -0.01623073
    14.23900000      0.56435945      0.23021989      0.20542066      0.18812125      0.00294957      0.02700227     -0.01614322
    14.27900000      0.56402899      0.23004433      0.20592671      0.18794429      0.00305827      0.02684569     -0.01606688
    14.31900000      0.56369012      0.22987873      0.20643117      0.18777073      0.00320106      0.02667594     -0.01600615
    14.35900000      0.56334069      0.22972476      0.20693454      0.18760326      0.00337295      0.02649824     -0.01596531
    14.39900000      0.56297937      0.22958348      0.20743714      0.18744478      0.00356296      0.02631724     -0.01594525
    14.43900000      0.56260526      0.22945528      0.20793947      0.18729871      0.00375738      0.02613824     -0.01594594
    14.47900000      0.56221877      0.22933931      0.20844193      0.18716660      0.00394100      0.02596523     -0.01596520
    14.51900000      0.56182103      0.22923404      0.20894493      0.18704845      0.00409816      0.02580187     -0.01600093
    14.55900000      0.56141431      0.22913696      0.20944871      0.18694288      0.00421628      0.02564987     -0.01605051
    14.59900000      0.56100141      0.22904490      0.20995367      0.18684807      0.00428492      0.02551158     -0.01611042
    14.63900000      0.56058579      0.22895408      0.21046010      0.18676029      0.00429829      0.02538874     -0.01617853
    14.67900000      0.56017138      0.22886063      0.21096799      0.18667404      0.00425745      0.02528132     -0.01625082
    14.71900000      0.55976137      0.22876118      0.21147745      0.18658355      0.00416765      0.02519014     -0.01632427
    14.75900000      0.55935874      0.22865265      0.21198862      0.18648374      0.00403988      0.02511553     -0.01639532
    14.79900000      0.55896539      0.22853317      0.21250143      0.18637140      0.00388734      0.02505756     -0.01646083
    14.83900000      0.55858243      0.22840184      0.21301574      0.18624434      0.00372629      0.02501468     -0.01651815
    14.87900000      0.55820989      0.22825887      0.21353125      0.18610369      0.00357352      0.02498452     -0.01656405
    14.91900000      0.55784660      0.22810568      0.21404770      0.18595367      0.00344619      0.02496447     -0.01659639
    14.95900000      0.55749064      0.22794459      0.21456478      0.18579999      0.00335741      0.02495180     -0.01661340
    14.99900000      0.55713926      0.22777883      0.21508191      0.18564777      0.00331534      0.02494232     -0.01661421
    15.03900000      0.55678895      0.22761236      0.21559871      0.18550269      0.00332316      0.02493194     -0.01660068
    15.07900000      0.55643679      0.22744829      0.21611492      0.18536959      0.00337920      0.02491861     -0.01657518
    15.11900000      0.55607971      0.22729020      0.21663010      0.18525216      0.00347662      0.02490020     -0.01653988
    15.15900000      0.55571562      0.22714041      0.21714398      0.18515146      0.00360658      0.02487567     -0.01649754
    15.19900000      0.55534251      0.22700107      0.21765640      0.18506791      0.00375782      0.02484564     -0.01645101
    15.23900000      0.55495936      0.22687331      0.21816732      0.18499918      0.00391894      0.02481137     -0.01640226
    15.27900000      0.55456616      0.22675728      0.21867658      0.18494188      0.00407866      0.02477340     -0.01635239
    15.31900000      0.55416308      0.22665277      0.21918416      0.18489156      0.00422820      0.02473325     -0.01630112
    15.35900000      0.55375119      0.22655870      0.21969013      0.18484298      0.00436108      0.02469148     -0.01624733
    15.39900000      0.55333142      0.22647422      0.22019436      0.18479190      0.00447353      0.02464682     -0.01618979
    15.43900000      0.55290534      0.22639788      0.22069679      0.18473510      0.00456401      0.02459762     -0.01612767
    15.47900000      0.55247455      0.22632814      0.22119733      0.18467010      0.00463172      0.02454152     -0.01605979
    15.51900000      0.55204017      0.22626393      0.22169589      0.18459661      0.00467740      0.02447595     -0.01598731
    15.55900000      0.55160380      0.22620376      0.22219242      0.18451528      0.00470155      0.02439842     -0.01591249
    15.59900000      0.55116695      0.22614613      0.22268691      0.18442885      0.00470198      0.02430881     -0.01583805
    15.63900000      0.55073105      0.22608941      0.22317951      0.18434060      0.00467645      0.02420767     -0.01576788
    15.67900000      0.55029790      0.22603164      0.22367043      0.18425259      0.00462166      0.02409738     -0.01570571
    15.71900000      0.54986983      0.22597040      0.22415977      0.18416645      0.00453360      0.02398020     -0.01565349
    15.75900000      0.54944890      0.22590318      0.22464790      0.18408252      0.00440792      0.02385961     -0.01561263
    15.79900000      0.54903782      0.22582709      0.22513508      0.18399824      0.00424152      0.02373862     -0.01558307
    15.83900000      0.54863926      0.22573919      0.22562152      0.18390919      0.00403483      0.02361883     -0.01556214
    15.87900000      0.54825551      0.22563697      0.22610752      0.18381064      0.00379348      0.02350097     -0.01554778
    15.91900000      0.54788891      0.22551803      0.22659308      0.18369841      0.00352632      0.02338468     -0.01553734
    15.95900000      0.54754050      0.22538109      0.22707841      0.18357015      0.00324601      0.02327003     -0.01552967
    15.99900000      0.54721053      0.22522585      0.22756362      0.18342591      0.00296591      0.02315611     -0.01552346
    16.03900000      0.54689874      0.22505254      0.22804872      0.18326688      0.00270234      0.02304239     -0.01551831
    16.07900000      0.54660342      0.22486283      0.22853379      0.18309527      0.00246897      0.02292889     -0.01551514
    16.11900000      0.54632203      0.22465922      0.22901874      0.18291425      0.00227863      0.02281707     -0.01551430
    16.15900000      0.54605172      0.22444466      0.22950364      0.18272617      0.00214089      0.02270846     -0.01551577
    16.19900000      0.54578877      0.22422272      0.22998853      0.18253336      0.00206194      0.02260583     -0.01551878
    16.23900000      0.54552911      0.22399770      0.23047319      0.18233816      0.00204391      0.02250993     -0.01552125
    16.27900000      0.54526896      0.22377336      0.23095768      0.18214228      0.00208402      0.02242190     -0.01552236
    16.31900000      0.54500464      0.22355350      0.23144187      0.18194798      0.00217567      0.02234198     -0.01552019
    16.35900000      0.54473323      0.22334117      0.23192559      0.18175761      0.00230936      0.02226989     -0.01551390
    16.39900000      0.54445226      0.22313899      0.23240875      0.18157394      0.00247268      0.02220471     -0.01550174
    16.43900000      0.54416021      0.22294857      0.23289123      0.18139858      0.00265297      0.02214453     -0.01548168
    16.47900000      0.54385636      0.22277075      0.23337287      0.18123249      0.00283781      0.02208541     -0.01545323
    16.51900000      0.54354060      0.22260588      0.23385349      0.18107621      0.00301682      0.02202299     -0.01541647
    16.55900000      0.54321376      0.22245327      0.23433298      0.18093015      0.00318294      0.02195269     -0.01537353
    16.59900000      0.54287639      0.22231227      0.23481135      0.18079540      0.00333091      0.02187075     -0.01532811
    16.63900000      0.54253004      0.22218134      0.23528863      0.18067198      0.00345919      0.02177453     -0.01528408
    16.67900000      0.54217583      0.22205915      0.23576504      0.18055958      0.00356686      0.02166395     -0.01524605
    16.71900000      0.54181512      0.22194412      0.23624075      0.18045771      0.00365591      0.02153945     -0.01521840
    16.75900000      0.54144883      0.22183502      0.23671613      0.18036543      0.00372852      0.02140415     -0.01520403
    16.79900000      0.54107811      0.22173041      0.23719147      0.18027984      0.00378654      0.02126055     -0.01520322
    16.83900000      0.54070376      0.22162912      0.23766713      0.18019837      0.00383321      0.02111279     -0.01521520
    16.87900000      0.54032627      0.22153045      0.23814329      0.18011871      0.00386971      0.02096463     -0.01523954
    16.91900000      0.53994681      0.22143300      0.23862020      0.18003857      0.00389729      0.02082083     -0.01527302
    16.95900000      0.53956572      0.22133622      0.23909806      0.17995693      0.00391525      0.02068420     -0.01531264
    16.99900000      0.53918407      0.22123913      0.23957682      0.17987239      0.00392170      0.02055643     -0.01535485
    17.03900000      0.53880245      0.22114110      0.24005646      0.17978473      0.00391333      0.02043816     -0.01539726
    17.07900000      0.53842205      0.22104108      0.24053685      0.17969340      0.00388648      0.02032818     -0.01543848
    17.11900000      0.53804424      0.22093767      0.24101808      0.17959806      0.00383912      0.02022637     -0.01547888
    17.15900000      0.53767056      0.22082936      0.24150007      0.17949826      0.00377026      0.02013314     -0.01551878
    17.19900000      0.53730220      0.22071489      0.24198289      0.17939322      0.00368019      0.02005006     -0.01555859
    17.23900000      0.53694069      0.22059280      0.24246650      0.17928121      0.00357257      0.01997862     -0.01559752
    17.27900000      0.53658661      0.22046248      0.24295092      0.17916065      0.00345275      0.01991949     -0.01563396
    17.31900000      0.53624073      0.22032322      0.24343605      0.17903022      0.00332699      0.01987207     -0.01566669
    17.35900000      0.53590327      0.22017490      0.24392185      0.17889060      0.00320180      0.01983545     -0.01569413
    17.39900000      0.53557395      0.22001781      0.24440825      0.17874337      0.00308354      0.01980730     -0.01571522
    17.43900000      0.53525199      0.21985282      0.24489518      0.17859116      0.00297737      0.01978488     -0.01572969
    17.47900000      0.53493661      0.21968110      0.24538227      0.17843707      0.00288710      0.01976547     -0.01573726
    17.51900000      0.53462655      0.21950401      0.24586945      0.17828459      0.00281663      0.01974713     -0.01573782
    17.55900000      0.53432060      0.21932285      0.24635655      0.17813581      0.00276870      0.01972794     -0.01573102
    17.59900000      0.53401677      0.21913993      0.24684331      0.17799218      0.00274570      0.01970532     -0.01571731
    17.63900000      0.53371385      0.21895649      0.24732965      0.17785232      0.00274972      0.01967745     -0.01569842
    17.67900000      0.53340964      0.21877485      0.24781550      0.17771535      0.00278302      0.01964393     -0.01567656
    17.71900000      0.53310219      0.21859703      0.24830078      0.17757944      0.00284791      0.01960598     -0.01565317
    17.75900000      0.53278916      0.21842533      0.24878552      0.17744305      0.00294732      0.01956599     -0.01562908
    17.79900000      0.53246859      0.21826181      0.24926962      0.17730604      0.00308415      0.01952643     -0.01560374
    17.83900000      0.53213773      0.21810924      0.24975306      0.17716991      0.00325924      0.01948983     -0.01557485
    17.87900000      0.53179408      0.21797019      0.25023571      0.17703750      0.00347007      0.01945782     -0.01553923
    17.91900000      0.53143559      0.21784704      0.25071736      0.17691224      0.00371186      0.01943011     -0.01549348
    17.95900000      0.53106055      0.21774186      0.25119762      0.17679901      0.00397581      0.01940459     -0.01543522
    17.99900000      0.53066774      0.21765608      0.25167616      0.17670154      0.00424923      0.01937703     -0.01536338
    18.03900000      0.53025712      0.21759011      0.25215274      0.17662247      0.00451629      0.01934297     -0.01527914
    18.07900000      0.52982973      0.21754313      0.25262714      0.17656201      0.00476022      0.01929697     -0.01518507
    18.11900000      0.52938756      0.21751331      0.25309915      0.17651911      0.00496303      0.01923407     -0.01508600
    18.15900000      0.52893391      0.21749736      0.25356875      0.17649061      0.00510877      0.01915139     -0.01498912
    18.19900000      0.52847282      0.21749099      0.25403616      0.17647128      0.00518455      0.01904971     -0.01490172
    18.23900000      0.52800913      0.21748910      0.25450176      0.17645418      0.00518282      0.01893155     -0.01482944
    18.27900000      0.52754802      0.21748598      0.25496600      0.17643193      0.00510222      0.01880092     -0.01477500
    18.31900000      0.52709477      0.21747594      0.25542929      0.17639778      0.00494669      0.01866193     -0.01473926
    18.35900000      0.52665386      0.21745404      0.25589213      0.17634619      0.00472561      0.01851816     -0.01472210
    18.39900000      0.52622914      0.21741601      0.25635486      0.17627267      0.00445418      0.01837266     -0.01472128
    18.43900000      0.52582345      0.21735867      0.25681790      0.17617588      0.00414946      0.01822667     -0.01473374
    18.47900000      0.52543858      0.21727998      0.25728144      0.17605536      0.00383040      0.01808005     -0.01475643
    18.51900000      0.52507465      0.21717976      0.25774557      0.17591258      0.00351683      0.01793314     -0.01478807
    18.55900000      0.52473072      0.21705881      0.25821049      0.17575051      0.00322618      0.01778770     -0.01482817
    18.59900000      0.52440520      0.21691853      0.25867626      0.17557151      0.00297354      0.01764527     -0.01487769
    18.63900000      0.52409496      0.21676203      0.25914301      0.17538025      0.00277001      0.01750964     -0.01493653
    18.67900000      0.52379669      0.21659226      0.25961104      0.17518204      0.00262264      0.01738590     -0.01500508
    18.71900000      0.52350664      0.21641305      0.26008032      0.17498313      0.00253323      0.01727833     -0.01508211
    18.75900000      0.52322114      0.21622795      0.26055089      0.17478881      0.00249929      0.01719142     -0.01516534
    18.79900000      0.52293685      0.21604025      0.26102290      0.17460345      0.00251295      0.01712921     -0.01525060
    18.83900000      0.52265073      0.21585302      0.26149625      0.17443002      0.00256478      0.01709360     -0.01533208
    18.87900000      0.52236126      0.21566798      0.26197076      0.17426851      0.00264262      0.01708383     -0.01540395
    18.91900000      0.52206665      0.21548722      0.26244612      0.17411820      0.00273522      0.01709605     -0.01545904
    18.95900000      0.52176610      0.21531197      0.26292195      0.17397736      0.00283333      0.01712445     -0.01549141
    18.99900000      0.52145962      0.21514265      0.26339773      0.17384333      0.00292937      0.01716185     -0.01549728
    19.03900000      0.52114752      0.21497974      0.26387274      0.17371315      0.00301877      0.01719904     -0.01547400
    19.07900000      0.52083011      0.21482340      0.26434647      0.17358341      0.00309934      0.01722828     -0.01542298
    19.11900000      0.52050829      0.21467331      0.26481840      0.17345211      0.00317196      0.01724339     -0.01534747
    19.15900000      0.52018220      0.21452989      0.26528791      0.17331927      0.00323935      0.01723931     -0.01525350
    19.19900000      0.51985187      0.21439330      0.26575481      0.17318551      0.00330526      0.01721400     -0.01514820
    19.23900000      0.51951760      0.21426356      0.26621885      0.17305142      0.00337387      0.01716824     -0.01503775
    19.27900000      0.51917883      0.21414116      0.26668001      0.17291997      0.00344880      0.01710460     -0.01492837
    19.31900000      0.51883537      0.21402624      0.26713839      0.17279410      0.00353043      0.01702702     -0.01482427
    19.35900000      0.51848643      0.21391931      0.26759427      0.17267643      0.00361708      0.01693862     -0.01472838
    19.39900000      0.51813198      0.21382031      0.26804771      0.17256889      0.00370422      0.01684185     -0.01464297
    19.43900000      0.51777211      0.21372871      0.26849919      0.17247168      0.00378478      0.01674000     -0.01456845
    19.47900000      0.51740743      0.21364361      0.26894892      0.17238351      0.00384985      0.01663451     -0.01450533
    19.51900000      0.51703947      0.21356318      0.26939734      0.17230098      0.00388979      0.01652739     -0.01445333
    19.55900000      0.51666970      0.21348564      0.26984465      0.17222085      0.00389673      0.01641917     -0.01441181
    19.59900000      0.51630082      0.21340809      0.27029110      0.17213911      0.00386548      0.01631064     -0.01438008
    19.63900000      0.51593515      0.21332786      0.27073697      0.17205317      0.00379449      0.01620119     -0.01435629
    19.67900000      0.51557540      0.21324208      0.27118250      0.17196106      0.00368578      0.01609179     -0.01433987
    19.71900000      0.51522372      0.21314847      0.27162780      0.17186219      0.00354558      0.01598223     -0.01433027
    19.75900000      0.51488212      0.21304479      0.27207311      0.17175605      0.00338330      0.01587377     -0.01432725
    19.79900000      0.51455158      0.21292988      0.27251854      0.17164306      0.00320988      0.01576859     -0.01432999
    19.83900000      0.51423235      0.21280342      0.27296424      0.17152376      0.00303707      0.01566929     -0.01433771
    19.87900000      0.51392414      0.21266573      0.27341017      0.17139891      0.00287699      0.01557810     -0.01434767
    19.91900000      0.51362563      0.21251796      0.27385643      0.17126896      0.00273863      0.01549638     -0.01435693
    19.95900000      0.51333538      0.21236167      0.27430291      0.17113316      0.00262878      0.01542328     -0.01436186
    19.99900000      0.51305130      0.21219916      0.27474954      0.17099080      0.00255205      0.01535695     -0.01436035
