     0.03900000      0.99427177      0.00572823      0.00317044     -0.07514062
     0.07900000      0.97753971      0.02246029      0.01143336     -0.14589724
     0.11900000      0.95065210      0.04934790      0.02401139     -0.20937037
     0.15900000      0.91492310      0.08507690      0.03959892     -0.26281422
     0.19900000      0.87201504      0.12798496      0.05676611     -0.30430690
     0.23900000      0.82381951      0.17618049      0.07417224     -0.33277289
     0.27900000      0.77233270      0.22766730      0.09068109     -0.34791362
     0.31900000      0.71954547      0.28045453      0.10538016     -0.35008901
     0.35900000      0.66735449      0.33264551      0.11753477     -0.34017784
     0.39900000      0.61749029      0.38250971      0.12655398     -0.31947642
     0.43900000      0.57146069      0.42853931      0.13198205     -0.28962203
     0.47900000      0.53050532      0.46949468      0.13353164     -0.25252583
     0.51900000      0.49556005      0.50443995      0.13113709     -0.21028344
     0.55900000      0.46723775      0.53276225      0.12499349     -0.16506114
     0.59900000      0.44582735      0.55417265      0.11555632     -0.11896344
     0.63900000      0.43131211      0.56868789      0.10349762     -0.07391461
     0.67900000      0.42340585      0.57659415      0.08963093     -0.03156157
     0.71900000      0.42159773      0.57840227      0.07482364      0.00678032
     0.75900000      0.42520453      0.57479547      0.05991378      0.04014643
     0.79900000      0.43342424      0.56657576      0.04564086      0.06791251
     0.83900000      0.44538520      0.55461480      0.03260061      0.08975533
     0.87900000      0.46018689      0.53981311      0.02121356      0.10560945
     0.91900000      0.47693497      0.52306503      0.01171755      0.11562308
     0.95900000      0.49477213      0.50522787      0.00417690      0.12011713
     0.99900000      0.51289887      0.48710113     -0.00149103      0.11955013
     1.03900000      0.53059427      0.46940573     -0.00547660      0.11448354
     1.07900000      0.54722678      0.45277322     -0.00803633      0.10555151
     1.11900000      0.56226415      0.43773585     -0.00945929      0.09343037
     1.15900000      0.57527719      0.42472281     -0.01003501      0.07880804
     1.19900000      0.58594001      0.41405999     -0.01003309      0.06236450
     1.23900000      0.59402735      0.40597265     -0.00968885      0.04475606
     1.27900000      0.59941154      0.40058846     -0.00919545      0.02660820
     1.31900000      0.60205556      0.39794444     -0.00870459      0.00850622
     1.35900000      0.60200784      0.39799216     -0.00832785     -0.00900537
     1.39900000      0.59939510      0.40060490     -0.00814562     -0.02543473
     1.43900000      0.59441390      0.40558610     -0.00821062     -0.04034809
     1.47900000      0.58732149      0.41267851     -0.00854804     -0.05338675
     1.51900000      0.57842261      0.42157739     -0.00915268     -0.06426628
     1.55900000      0.56805924      0.43194076     -0.01000015     -0.07278731
     1.59900000      0.55659690      0.44340310     -0.01105472     -0.07883268
     1.63900000      0.54441317      0.45558683     -0.01228521     -0.08236388
     1.67900000      0.53188410      0.46811590     -0.01367702     -0.08341989
     1.71900000      0.51937547      0.48062453     -0.01523659     -0.08211774
     1.75900000      0.50722974      0.49277026     -0.01698392     -0.07864458
     1.79900000      0.49575588      0.50424412     -0.01894545     -0.07325142
     1.83900000      0.48522098      0.51477902     -0.02114531     -0.06623901
     1.87900000      0.47584474      0.52415526     -0.02359236     -0.05794350
     1.91900000      0.46779318      0.53220682     -0.02627576     -0.04872175
     1.95900000      0.46117908      0.53882092     -0.02916992     -0.03893746
     1.99900000      0.45605951      0.54394049     -0.03223946     -0.02895335
     2.03900000      0.45243868      0.54756132     -0.03544821     -0.01911915
     2.07900000      0.45026879      0.54973121     -0.03876259     -0.00975828
     2.11900000      0.44945702      0.55054298     -0.04215599     -0.00115166
     2.15900000      0.44987089      0.55012911     -0.04560293      0.00646810
     2.19900000      0.45134815      0.54865185     -0.04907565      0.01292106
     2.23900000      0.45370194      0.54629806     -0.05253106      0.01807882
     2.27900000      0.45673044      0.54326956     -0.05590921      0.02186631
     2.31900000      0.46022580      0.53977420     -0.05913769      0.02426546
     2.35900000      0.46398037      0.53601963     -0.06214354      0.02531787
     2.39900000      0.46779768      0.53220232     -0.06486945      0.02512211
     2.43900000      0.47150040      0.52849960     -0.06728887      0.02382558
     2.47900000      0.47493567      0.52506433     -0.06941346      0.02160394
     2.51900000      0.47797764      0.52202236     -0.07128758      0.01863626
     2.55900000      0.48052631      0.51947369     -0.07297052      0.01509143
     2.59900000      0.48250692      0.51749308     -0.07452262      0.01111908
     2.63900000      0.48386514      0.51613486     -0.07598805      0.00685634
     2.67900000      0.48456646      0.51543354     -0.07738272      0.00243272
     2.71900000      0.48459746      0.51540254     -0.07870182     -0.00201746
     2.75900000      0.48396385      0.51603615     -0.07993328     -0.00635557
     2.79900000      0.48269357      0.51730643     -0.08106873     -0.01044128
     2.83900000      0.48083514      0.51916486     -0.08211348     -0.01414129
     2.87900000      0.47845457      0.52154543     -0.08308790     -0.01734340
     2.91900000      0.47563402      0.52436598     -0.08402172     -0.01996659
     2.95900000      0.47246485      0.52753515     -0.08494329     -0.02196138
     2.99900000      0.46904387      0.53095613     -0.08587583     -0.02330288
     3.03900000      0.46547013      0.53452987     -0.08683928     -0.02398487
     3.07900000      0.46184301      0.53815699     -0.08785425     -0.02401458
     3.11900000      0.45825931      0.54174069     -0.08894647     -0.02341684
     3.15900000      0.45481029      0.54518971     -0.09013789     -0.02223626
     3.19900000      0.45157865      0.54842135     -0.09144172     -0.02054942
     3.23900000      0.44863343      0.55136657     -0.09285753     -0.01845735
     3.27900000      0.44602727      0.55397273     -0.09437126     -0.01607283
     3.31900000      0.44379546      0.55620454     -0.09596496     -0.01350973
     3.35900000      0.44195627      0.55804373     -0.09762540     -0.01087778
     3.39900000      0.44051289      0.55948711     -0.09934732     -0.00828166
     3.43900000      0.43945183      0.56054817     -0.10112310     -0.00581869
     3.47900000      0.43874659      0.56125341     -0.10293834     -0.00357533
     3.51900000      0.43835844      0.56164156     -0.10476820     -0.00162283
     3.55900000      0.43823968      0.56176032     -0.10657696     -0.00001146
     3.59900000      0.43833655      0.56166345     -0.10832997      0.00123688
     3.63900000      0.43859395      0.56140605     -0.11000023      0.00212255
     3.67900000      0.43895924      0.56104076     -0.11157185      0.00266839
     3.71900000      0.43938339      0.56061661     -0.11303884      0.00291227
     3.75900000      0.43982449      0.56017551     -0.11440294      0.00289787
     3.79900000      0.44024637      0.55975363     -0.11566933      0.00266666
     3.83900000      0.44061943      0.55938057     -0.11684716      0.00226050
     3.87900000      0.44092095      0.55907905     -0.11794666      0.00171625
     3.91900000      0.44113182      0.55886818     -0.11897860      0.00106414
     3.95900000      0.44123764      0.55876236     -0.11995529      0.00032250
     3.99900000      0.44122548      0.55877452     -0.12088708     -0.00049927
     4.03900000      0.44108375      0.55891625     -0.12177959     -0.00139642
     4.07900000      0.44080123      0.55919877     -0.12262835     -0.00235951
     4.11900000      0.44037007      0.55962993     -0.12342577     -0.00336290
     4.15900000      0.43978733      0.56021267     -0.12417095     -0.00436265
     4.19900000      0.43905733      0.56094267     -0.12487561     -0.00530655
     4.23900000      0.43819243      0.56180757     -0.12556029     -0.00614459
     4.27900000      0.43721186      0.56278814     -0.12624692     -0.00683448
     4.31900000      0.43614046      0.56385954     -0.12695373     -0.00734403
     4.35900000      0.43500736      0.56499264     -0.12769436     -0.00765423
     4.39900000      0.43384297      0.56615703     -0.12847958     -0.00775514
     4.43900000      0.43267925      0.56732075     -0.12932378     -0.00764846
     4.47900000      0.43154599      0.56845401     -0.13023845     -0.00735119
     4.51900000      0.43046997      0.56953003     -0.13122573     -0.00689751
     4.55900000      0.42947111      0.57052889     -0.13227278     -0.00633618
     4.59900000      0.42856188      0.57143812     -0.13335319     -0.00571932
     4.63900000      0.42774659      0.57225341     -0.13443153     -0.00509760
     4.67900000      0.42702268      0.57297732     -0.13547177     -0.00451081
     4.71900000      0.42638318      0.57361682     -0.13644810     -0.00397936
     4.75900000      0.42581948      0.57418052     -0.13735132     -0.00351168
     4.79900000      0.42532067      0.57467933     -0.13819115     -0.00311376
     4.83900000      0.42487627      0.57512373     -0.13898857     -0.00279715
     4.87900000      0.42447231      0.57552769     -0.13976366     -0.00257493
     4.91900000      0.42409424      0.57590576     -0.14052528     -0.00245533
     4.95900000      0.42372642      0.57627358     -0.14126522     -0.00243157
     4.99900000      0.42335699      0.57664301     -0.14196643     -0.00247413
     5.03900000      0.42297934      0.57702066     -0.14261272     -0.00253053
     5.07900000      0.42259612      0.57740388     -0.14320445     -0.00253814
     5.11900000      0.42221902      0.57778098     -0.14376690     -0.00244237
     5.15900000      0.42186577      0.57813423     -0.14434337     -0.00221911
     5.19900000      0.42155531      0.57844469     -0.14498314     -0.00188554
     5.23900000      0.42130002      0.57869998     -0.14572200     -0.00149529
     5.27900000      0.42110316      0.57889684     -0.14656702     -0.00112357
     5.31900000      0.42095644      0.57904356     -0.14749497     -0.00084460
     5.35900000      0.42084098      0.57915902     -0.14845983     -0.00071461
     5.39900000      0.42073215      0.57926785     -0.14940234     -0.00075908
     5.43900000      0.42060389      0.57939611     -0.15026331     -0.00097181
     5.47900000      0.42043250      0.57956750     -0.15100225     -0.00132334
     5.51900000      0.42019981      0.57980019     -0.15160263     -0.00177418
     5.55900000      0.41989450      0.58010550     -0.15207271     -0.00227770
     5.59900000      0.41951247      0.58048753     -0.15243474     -0.00278814
     5.63900000      0.41905560      0.58094440     -0.15272454     -0.00325889
     5.67900000      0.41853412      0.58146588     -0.15298177     -0.00364382
     5.71900000      0.41796336      0.58203664     -0.15324339     -0.00390374
     5.75900000      0.41736487      0.58263513     -0.15353732     -0.00400697
     5.79900000      0.41676350      0.58323650     -0.15388473     -0.00393919
     5.83900000      0.41618543      0.58381457     -0.15430041     -0.00370228
     5.87900000      0.41565473      0.58434527     -0.15479087     -0.00332079
     5.91900000      0.41518935      0.58481065     -0.15534932     -0.00283899
     5.95900000      0.41480118      0.58519882     -0.15595859     -0.00230822
     5.99900000      0.41449312      0.58550688     -0.15659819     -0.00178407
     6.03900000      0.41426038      0.58573962     -0.15725016     -0.00131572
     6.07900000      0.41409163      0.58590837     -0.15790089     -0.00094381
     6.11900000      0.41396996      0.58603004     -0.15853887     -0.00069110
     6.15900000      0.41387661      0.58612339     -0.15915446     -0.00056850
     6.19900000      0.41379203      0.58620797     -0.15973814     -0.00057484
     6.23900000      0.41369752      0.58630248     -0.16027976     -0.00069671
     6.27900000      0.41357740      0.58642260     -0.16077213     -0.00091118
     6.31900000      0.41341972      0.58658028     -0.16121277     -0.00118666
     6.35900000      0.41321825      0.58678175     -0.16160162     -0.00148839
     6.39900000      0.41297177      0.58702823     -0.16193855     -0.00177664
     6.43900000      0.41268475      0.58731525     -0.16222840     -0.00201603
     6.47900000      0.41236766      0.58763234     -0.16248431     -0.00217675
     6.51900000      0.41203323      0.58796677     -0.16272442     -0.00224033
     6.55900000      0.41169729      0.58830271     -0.16297062     -0.00219687
     6.59900000      0.41137614      0.58862386     -0.16324243     -0.00204721
     6.63900000      0.41108476      0.58891524     -0.16355600     -0.00180393
     6.67900000      0.41083567      0.58916433     -0.16391969     -0.00149082
     6.71900000      0.41063700      0.58936300     -0.16433466     -0.00114550
     6.75900000      0.41048963      0.58951037     -0.16479590     -0.00081137
     6.79900000      0.41038933      0.58961067     -0.16529641     -0.00053199
     6.83900000      0.41032453      0.58967547     -0.16582637     -0.00034494
     6.87900000      0.41027935      0.58972065     -0.16637378     -0.00027428
     6.91900000      0.41023515      0.58976485     -0.16692395     -0.00033169
     6.95900000      0.41017332      0.58982668     -0.16745806     -0.00050707
     6.99900000      0.41007764      0.58992236     -0.16795700     -0.00077567
     7.03900000      0.40993661      0.59006339     -0.16840388     -0.00110321
     7.07900000      0.40974407      0.59025593     -0.16878720     -0.00144953
     7.11900000      0.40950032      0.59049968     -0.16910512     -0.00178458
     7.15900000      0.40920751      0.59079249     -0.16935751     -0.00208879
     7.19900000      0.40887227      0.59112773     -0.16954526     -0.00234574
     7.23900000      0.40850332      0.59149668     -0.16967376     -0.00253944
     7.27900000      0.40811083      0.59188917     -0.16975721     -0.00265463
     7.31900000      0.40770777      0.59229223     -0.16981746     -0.00267501
     7.35900000      0.40730932      0.59269068     -0.16988346     -0.00259366
     7.39900000      0.40693056      0.59306944     -0.16997959     -0.00241327
     7.43900000      0.40658643      0.59341357     -0.17012276     -0.00213726
     7.47900000      0.40629090      0.59370910     -0.17032469     -0.00177176
     7.51900000      0.40605647      0.59394353     -0.17058905     -0.00132767
     7.55900000      0.40589369      0.59410631     -0.17091074     -0.00082635
     7.59900000      0.40580853      0.59419147     -0.17127490     -0.00030048
     7.63900000      0.40580230      0.59419770     -0.17166105      0.00020967
     7.67900000      0.40586883      0.59413117     -0.17204898      0.00066094
     7.71900000      0.40599669      0.59400331     -0.17242471      0.00101462
     7.75900000      0.40616823      0.59383177     -0.17278323      0.00123119
     7.79900000      0.40635955      0.59364045     -0.17312230      0.00127579
     7.83900000      0.40654299      0.59345701     -0.17343881      0.00112290
     7.87900000      0.40668765      0.59331235     -0.17372270      0.00076785
     7.91900000      0.40676479      0.59323521     -0.17396114      0.00022797
     7.95900000      0.40674893      0.59325107     -0.17414291     -0.00045239
     7.99900000      0.40662396      0.59337604     -0.17426226     -0.00120857
     8.03900000      0.40638435      0.59361565     -0.17432200     -0.00195944
     8.07900000      0.40603749      0.59396251     -0.17433718     -0.00261723
     8.11900000      0.40560362      0.59439638     -0.17433599     -0.00310236
     8.15900000      0.40511312      0.59488688     -0.17435156     -0.00335975
     8.19900000      0.40460310      0.59539690     -0.17441335     -0.00336410
     8.23900000      0.40411139      0.59588861     -0.17454093     -0.00311862
     8.27900000      0.40367358      0.59632642     -0.17474705     -0.00264972
     8.31900000      0.40332122      0.59667878     -0.17503402     -0.00200129
     8.35900000      0.40307615      0.59692385     -0.17539417     -0.00123385
     8.39900000      0.40295094      0.59704906     -0.17580979     -0.00042322
     8.43900000      0.40294648      0.59705352     -0.17625334      0.00034916
     8.47900000      0.40305099      0.59694901     -0.17669106      0.00100783
     8.51900000      0.40324200      0.59675800     -0.17709124      0.00149114
     8.55900000      0.40349032      0.59650968     -0.17742983      0.00176341
     8.59900000      0.40376248      0.59623752     -0.17769691      0.00181015
     8.63900000      0.40402536      0.59597464     -0.17789920      0.00163980
     8.67900000      0.40424779      0.59575221     -0.17805139      0.00127756
     8.71900000      0.40440305      0.59559695     -0.17817059      0.00076395
     8.75900000      0.40447291      0.59552709     -0.17827224      0.00014855
     8.79900000      0.40444510      0.59555490     -0.17836353     -0.00051925
     8.83900000      0.40431617      0.59568383     -0.17844492     -0.00118608
     8.87900000      0.40409012      0.59590988     -0.17851314     -0.00180236
     8.91900000      0.40377756      0.59622244     -0.17855959     -0.00232632
     8.95900000      0.40339518      0.59660482     -0.17857681     -0.00272318
     8.99900000      0.40296427      0.59703573     -0.17856429     -0.00296587
     9.03900000      0.40250980      0.59749020     -0.17852806     -0.00303445
     9.07900000      0.40205846      0.59794154     -0.17847778     -0.00292415
     9.11900000      0.40163689      0.59836311     -0.17843034     -0.00264547
     9.15900000      0.40126800      0.59873200     -0.17840727     -0.00222259
     9.19900000      0.40097155      0.59902845     -0.17843517     -0.00169571
     9.23900000      0.40075905      0.59924095     -0.17853788     -0.00111618
     9.27900000      0.40063466      0.59936534     -0.17872658     -0.00054077
     9.31900000      0.40059332      0.59940668     -0.17899062     -0.00001693
     9.35900000      0.40062542      0.59937458     -0.17930782      0.00042952
     9.39900000      0.40071857      0.59928143     -0.17965088      0.00079273
     9.43900000      0.40086068      0.59913932     -0.17999852      0.00107797
     9.47900000      0.40104014      0.59895986     -0.18034054      0.00128797
     9.51900000      0.40124521      0.59875479     -0.18067434      0.00141791
     9.55900000      0.40146267      0.59853733     -0.18099974      0.00145421
     9.59900000      0.40167797      0.59832203     -0.18131480      0.00138023
     9.63900000      0.40187265      0.59812735     -0.18161335      0.00117976
     9.67900000      0.40202665      0.59797335     -0.18188161      0.00084213
     9.71900000      0.40212000      0.59788000     -0.18209977      0.00036994
     9.75900000      0.40213271      0.59786729     -0.18224496     -0.00021474
     9.79900000      0.40205161      0.59794839     -0.18230213     -0.00086971
     9.83900000      0.40187030      0.59812970     -0.18226924     -0.00153410
     9.87900000      0.40159243      0.59840757     -0.18216510     -0.00213816
     9.91900000      0.40123207      0.59876793     -0.18202138     -0.00262067
     9.95900000      0.40081060      0.59918940     -0.18187355     -0.00294103
     9.99900000      0.40035472      0.59964528     -0.18174597     -0.00307839
    10.03900000      0.39989229      0.60010771     -0.18164995     -0.00302297
    10.07900000      0.39945318      0.60054682     -0.18159528     -0.00276921
    10.11900000      0.39906738      0.60093262     -0.18159230     -0.00231653
    10.15900000      0.39876412      0.60123588     -0.18164956     -0.00167529
    10.19900000      0.39857050      0.60142950     -0.18177597     -0.00086956
    10.23900000      0.39850804      0.60149196     -0.18197888      0.00005743
    10.27900000      0.39859093      0.60140907     -0.18226140      0.00104508
    10.31900000      0.39882213      0.60117787     -0.18262021      0.00200919
    10.35900000      0.39919101      0.60080899     -0.18304034      0.00285347
    10.39900000      0.39967182      0.60032818     -0.18349342      0.00348012
    10.43900000      0.40022511      0.59977489     -0.18393732      0.00380379
    10.47900000      0.40080078      0.59919922     -0.18432078      0.00377179
    10.51900000      0.40134429      0.59865571     -0.18459134      0.00337329
    10.55900000      0.40180182      0.59819818     -0.18471010      0.00264495
    10.59900000      0.40212941      0.59787059     -0.18466186      0.00166665
    10.63900000      0.40229751      0.59770249     -0.18446235      0.00054864
    10.67900000      0.40229372      0.59770628     -0.18415420     -0.00059696
    10.71900000      0.40212181      0.59787819     -0.18379347     -0.00166661
    10.75900000      0.40179904      0.59820096     -0.18343228     -0.00258045
    10.79900000      0.40135411      0.59864589     -0.18310996     -0.00328087
    10.83900000      0.40082185      0.59917815     -0.18285468     -0.00373024
    10.87900000      0.40024248      0.59975752     -0.18268870     -0.00391250
    10.91900000      0.39965570      0.60034430     -0.18262782     -0.00383002
    10.95900000      0.39909993      0.60090007     -0.18268207     -0.00350548
    10.99900000      0.39860886      0.60139114     -0.18285286     -0.00297646
    11.03900000      0.39820945      0.60179055     -0.18312795     -0.00230057
    11.07900000      0.39791899      0.60208101     -0.18348016     -0.00154633
    11.11900000      0.39774372      0.60225628     -0.18387142     -0.00078328
    11.15900000      0.39767978      0.60232022     -0.18425324     -0.00007543
    11.19900000      0.39771565      0.60228435     -0.18457936      0.00053390
    11.23900000      0.39783500      0.60216500     -0.18481389      0.00102855
    11.27900000      0.39802075      0.60197925     -0.18494563      0.00141900
    11.31900000      0.39825878      0.60174122     -0.18498773      0.00172605
    11.35900000      0.39853792      0.60146208     -0.18497110      0.00196472
    11.39900000      0.39884807      0.60115193     -0.18493010      0.00213625
    11.43900000      0.39917837      0.60082163     -0.18489026      0.00223088
    11.47900000      0.39951645      0.60048355     -0.18486312      0.00223725
    11.51900000      0.39984847      0.60015153     -0.18485212      0.00215130
    11.55900000      0.40016074      0.59983926     -0.18485645      0.00197683
    11.59900000      0.40044062      0.59955938     -0.18487631      0.00172495
    11.63900000      0.40067716      0.59932284     -0.18491264      0.00140341
    11.67900000      0.40086027      0.59913973     -0.18496262      0.00101539
    11.71900000      0.40097964      0.59902036     -0.18501807      0.00055754
    11.75900000      0.40102471      0.59897529     -0.18506607      0.00003061
    11.79900000      0.40098583      0.59901417     -0.18509084     -0.00055496
    11.83900000      0.40085565      0.59914435     -0.18507924     -0.00117022
    11.87900000      0.40063317      0.59936683     -0.18502460     -0.00177498
    11.91900000      0.40032344      0.59967656     -0.18492494     -0.00232028
    11.95900000      0.39993872      0.60006128     -0.18479319     -0.00276233
    11.99900000      0.39949732      0.60050268     -0.18464544     -0.00306693
    12.03900000      0.39902183      0.60097817     -0.18450245     -0.00321077
    12.07900000      0.39853768      0.60146232     -0.18438612     -0.00318182
    12.11900000      0.39807090      0.60192910     -0.18432092     -0.00298015
    12.15900000      0.39764697      0.60235303     -0.18432273     -0.00261911
    12.19900000      0.39728820      0.60271180     -0.18439801     -0.00211889
    12.23900000      0.39701358      0.60298642     -0.18454194     -0.00150669
    12.27900000      0.39683767      0.60316233     -0.18474231     -0.00081668
    12.31900000      0.39676959      0.60323041     -0.18497852     -0.00008211
    12.35900000      0.39681389      0.60318611     -0.18522879      0.00066782
    12.39900000      0.39697083      0.60302917     -0.18547788      0.00140590
    12.43900000      0.39723609      0.60276391     -0.18571684      0.00210191
    12.47900000      0.39760084      0.60239916     -0.18594173      0.00272030
    12.51900000      0.39805049      0.60194951     -0.18614962      0.00321761
    12.55900000      0.39856319      0.60143681     -0.18633291      0.00355379
    12.59900000      0.39911230      0.60088770     -0.18648122      0.00369463
    12.63900000      0.39966649      0.60033351     -0.18658415      0.00361821
    12.67900000      0.40019221      0.59980779     -0.18663438      0.00331346
    12.71900000      0.40065463      0.59934537     -0.18662644      0.00278382
    12.75900000      0.40102179      0.59897821     -0.18655783      0.00205486
    12.79900000      0.40126673      0.59873327     -0.18643132      0.00117806
    12.83900000      0.40137268      0.59862732     -0.18625650      0.00021883
    12.87900000      0.40133189      0.59866811     -0.18604737     -0.00075379
    12.91900000      0.40114740      0.59885260     -0.18582162     -0.00167755
    12.95900000      0.40083084      0.59916916     -0.18559340     -0.00250186
    12.99900000      0.40040015      0.59959985     -0.18537316     -0.00318439
    13.03900000      0.39987972      0.60012028     -0.18516936     -0.00368651
    13.07900000      0.39929887      0.60070113     -0.18499146     -0.00397951
    13.11900000      0.39869086      0.60130914     -0.18484944     -0.00404584
    13.15900000      0.39809030      0.60190970     -0.18475038     -0.00387917
    13.19900000      0.39753229      0.60246771     -0.18469781     -0.00348527
    13.23900000      0.39704988      0.60295012     -0.18469166     -0.00288294
    13.27900000      0.39667210      0.60332790     -0.18472704     -0.00210172
    13.31900000      0.39642281      0.60357719     -0.18479821     -0.00118186
    13.35900000      0.39631983      0.60368017     -0.18490193     -0.00017799
    13.39900000      0.39637046      0.60362954     -0.18503802      0.00084049
    13.43900000      0.39657062      0.60342938     -0.18520837      0.00179595
    13.47900000      0.39690546      0.60309454     -0.18541463      0.00261164
    13.51900000      0.39734830      0.60265170     -0.18565262      0.00321982
    13.55900000      0.39786398      0.60213602     -0.18591385      0.00356945
    13.59900000      0.39841072      0.60158928     -0.18618307      0.00363357
    13.63900000      0.39894546      0.60105454     -0.18644064      0.00341387
    13.67900000      0.39942770      0.60057230     -0.18666637      0.00294377
    13.71900000      0.39982361      0.60017639     -0.18684531      0.00227882
    13.75900000      0.40010885      0.59989115     -0.18696017      0.00148786
    13.79900000      0.40027013      0.59972987     -0.18699408      0.00064908
    13.83900000      0.40030612      0.59969388     -0.18694086     -0.00016224
    13.87900000      0.40022611      0.59977389     -0.18680081     -0.00087675
    13.91900000      0.40004936      0.59995064     -0.18658599     -0.00143536
    13.95900000      0.39980308      0.60019692     -0.18632572     -0.00180088
    13.99900000      0.39951694      0.60048306     -0.18606039     -0.00196267
    14.03900000      0.39922079      0.60077921     -0.18583749     -0.00193702
    14.07900000      0.39894009      0.60105991     -0.18569828     -0.00176908
    14.11900000      0.39869154      0.60130846     -0.18566387     -0.00151962
    14.15900000      0.39848267      0.60151733     -0.18573343     -0.00125189
    14.19900000      0.39831211      0.60168789     -0.18588564     -0.00102159
    14.23900000      0.39817082      0.60182918     -0.18608329     -0.00086338
    14.27900000      0.39804717      0.60195283     -0.18628394     -0.00078979
    14.31900000      0.39792861      0.60207139     -0.18644687     -0.00078897
    14.35900000      0.39780690      0.60219310     -0.18653981     -0.00082797
    14.39900000      0.39767933      0.60232067     -0.18655230     -0.00085776
    14.43900000      0.39755118      0.60244882     -0.18649443     -0.00082728
    14.47900000      0.39743488      0.60256512     -0.18638906     -0.00069542
    14.51900000      0.39734733      0.60265267     -0.18626624     -0.00044173
    14.55900000      0.39730743      0.60269257     -0.18615870     -0.00006904
    14.59900000      0.39733128      0.60266872     -0.18609374      0.00039756
    14.63900000      0.39742992      0.60257008     -0.18608905      0.00091589
    14.67900000      0.39760764      0.60239236     -0.18614859      0.00143317
    14.71900000      0.39785992      0.60214008     -0.18626570      0.00189798
    14.75900000      0.39817505      0.60182495     -0.18642511      0.00226287
    14.79900000      0.39853509      0.60146491     -0.18660872      0.00248831
    14.83900000      0.39891664      0.60108336     -0.18679682      0.00254310
    14.87900000      0.39929262      0.60070738     -0.18697155      0.00240687
    14.91900000      0.39963281      0.60036719     -0.18711730      0.00207053
    14.95900000      0.39990768      0.60009232     -0.18722073      0.00154485
    14.99900000      0.40009058      0.59990942     -0.18727376      0.00085690
    15.03900000      0.40016026      0.59983974     -0.18727070      0.00005104
    15.07900000      0.40010305      0.59989695     -0.18720921     -0.00081673
    15.11900000      0.39991395      0.60008605     -0.18708942     -0.00168745
    15.15900000      0.39959664      0.60040336     -0.18691072     -0.00250746
    15.19900000      0.39916266      0.60083734     -0.18667483     -0.00322424
    15.23900000      0.39863197      0.60136803     -0.18638791     -0.00378543
    15.27900000      0.39803114      0.60196886     -0.18606536     -0.00414639
    15.31900000      0.39739310      0.60260690     -0.18574171     -0.00427700
    15.35900000      0.39675337      0.60324663     -0.18546319     -0.00416872
    15.39900000      0.39614691      0.60385309     -0.18527349     -0.00384073
    15.43900000      0.39560409      0.60439591     -0.18520175     -0.00332681
    15.47900000      0.39515076      0.60484924     -0.18525919     -0.00266678
    15.51900000      0.39480542      0.60519458     -0.18543908     -0.00190036
    15.55900000      0.39458115      0.60541885     -0.18572189     -0.00106122
    15.59900000      0.39448720      0.60551280     -0.18607972     -0.00018606
    15.63900000      0.39452536      0.60547464     -0.18647866      0.00069053
    15.67900000      0.39469400      0.60530600     -0.18688273      0.00153461
    15.71900000      0.39498524      0.60501476     -0.18725850      0.00231805
    15.75900000      0.39538865      0.60461135     -0.18758175      0.00301650
    15.79900000      0.39588971      0.60411029     -0.18783989      0.00360743
    15.83900000      0.39647052      0.60352948     -0.18802561      0.00406939
    15.87900000      0.39710978      0.60289022     -0.18813886      0.00438402
    15.91900000      0.39778474      0.60221526     -0.18818184      0.00453557
    15.95900000      0.39846883      0.60153117     -0.18815644      0.00451193
    15.99900000      0.39913610      0.60086390     -0.18806659      0.00430595
    16.03900000      0.39975816      0.60024184     -0.18791241      0.00391827
    16.07900000      0.40030893      0.59969107     -0.18769310      0.00335885
    16.11900000      0.40076370      0.59923630     -0.18741420      0.00265114
    16.15900000      0.40110263      0.59889737     -0.18709187      0.00182935
    16.19900000      0.40131202      0.59868798     -0.18675200      0.00093724
    16.23900000      0.40138405      0.59861595     -0.18642844      0.00002063
    16.27900000      0.40131885      0.59868115     -0.18615792     -0.00087721
    16.31900000      0.40112257      0.59887743     -0.18596951     -0.00171303
    16.35900000      0.40080747      0.59919253     -0.18587605     -0.00244920
    16.39900000      0.40039100      0.59960900     -0.18587268     -0.00304918
    16.43900000      0.39989580      0.60010420     -0.18594311     -0.00348455
    16.47900000      0.39934924      0.60065076     -0.18606844     -0.00373434
    16.51900000      0.39877939      0.60122061     -0.18622783     -0.00378729
    16.55900000      0.39821681      0.60178319     -0.18640157     -0.00364330
    16.59900000      0.39769010      0.60230990     -0.18657196     -0.00331732
    16.63900000      0.39722480      0.60277520     -0.18672746     -0.00283399
    16.67900000      0.39684185      0.60315815     -0.18686005     -0.00223131
    16.71900000      0.39655647      0.60344353     -0.18696497     -0.00155018
    16.75900000      0.39637660      0.60362340     -0.18704236     -0.00083425
    16.79900000      0.39630482      0.60369518     -0.18709227     -0.00012422
    16.83900000      0.39633746      0.60366254     -0.18711582      0.00054586
    16.87900000      0.39646661      0.60353339     -0.18711770      0.00115185
    16.91900000      0.39668131      0.60331869     -0.18710922      0.00167937
    16.95900000      0.39696899      0.60303101     -0.18710315      0.00211606
    16.99900000      0.39731448      0.60268552     -0.18711536      0.00245057
    17.03900000      0.39770225      0.60229775     -0.18715735      0.00267022
    17.07900000      0.39811368      0.60188632     -0.18723309      0.00276788
    17.11900000      0.39853087      0.60146913     -0.18733508      0.00274564
    17.15900000      0.39893635      0.60106365     -0.18744841      0.00261613
    17.19900000      0.39931555      0.60068445     -0.18755393      0.00240032
    17.23900000      0.39965660      0.60034340     -0.18763433      0.00211233
    17.27900000      0.39994960      0.60005040     -0.18767063      0.00176394
    17.31900000      0.40018594      0.59981406     -0.18764904      0.00136463
    17.35900000      0.40035890      0.59964110     -0.18756492      0.00092113
    17.39900000      0.40046204      0.59953796     -0.18742479      0.00044123
    17.43900000      0.40049064      0.59950936     -0.18724329     -0.00006434
    17.47900000      0.40044179      0.59955821     -0.18704072     -0.00058592
    17.51900000      0.40031364      0.59968636     -0.18683202     -0.00110826
    17.55900000      0.40010811      0.59989189     -0.18662425     -0.00161751
    17.59900000      0.39982776      0.60017224     -0.18641471     -0.00209270
    17.63900000      0.39947993      0.60052007     -0.18620007     -0.00250898
    17.67900000      0.39907526      0.60092474     -0.18598330     -0.00284202
    17.71900000      0.39862811      0.60137189     -0.18577749     -0.00306786
    17.75900000      0.39815655      0.60184345     -0.18560879     -0.00317103
    17.79900000      0.39767807      0.60232193     -0.18550682     -0.00315344
    17.83900000      0.39721055      0.60278945     -0.18549347     -0.00302908
    17.87900000      0.39676895      0.60323105     -0.18557674     -0.00282078
    17.91900000      0.39636341      0.60363659     -0.18574865     -0.00255557
    17.95900000      0.39600035      0.60399965     -0.18598613     -0.00225440
    17.99900000      0.39568476      0.60431524     -0.18625255     -0.00192554
    18.03900000      0.39542132      0.60457868     -0.18651026     -0.00156305
    18.07900000      0.39521607      0.60478393     -0.18672960     -0.00114666
    18.11900000      0.39507946      0.60492054     -0.18689648     -0.00065127
    18.15900000      0.39502491      0.60497509     -0.18701652     -0.00005222
    18.19900000      0.39506924      0.60493076     -0.18710785      0.00065841
    18.23900000      0.39522872      0.60477128     -0.18719612      0.00147346
    18.27900000      0.39551720      0.60448280     -0.18730747      0.00236154
    18.31900000      0.39594193      0.60405807     -0.18745836      0.00327097
    18.35900000      0.39650151      0.60349849     -0.18765421      0.00413482
    18.39900000      0.39718307      0.60281693     -0.18788711      0.00488142
    18.43900000      0.39796425      0.60203575     -0.18813942      0.00543987
    18.47900000      0.39881114      0.60118886     -0.18838350      0.00574756
    18.51900000      0.39968256      0.60031744     -0.18859099      0.00575525
    18.55900000      0.40053034      0.59946966     -0.18873147      0.00543444
    18.59900000      0.40130490      0.59869510     -0.18878336      0.00478244
    18.63900000      0.40195714      0.59804286     -0.18873486      0.00382101
    18.67900000      0.40244397      0.59755603     -0.18858286      0.00259776
    18.71900000      0.40273108      0.59726892     -0.18833355      0.00118627
    18.75900000      0.40279672      0.59720328     -0.18800117     -0.00032765
    18.79900000      0.40263203      0.59736797     -0.18760417     -0.00185360
    18.83900000      0.40224199      0.59775801     -0.18716323     -0.00329983
    18.87900000      0.40164574      0.59835426     -0.18670039     -0.00457562
    18.91900000      0.40087473      0.59912527     -0.18623829     -0.00560133
    18.95900000      0.39997214      0.60002786     -0.18579818     -0.00631301
    18.99900000      0.39898866      0.60101134     -0.18539771     -0.00667024
    19.03900000      0.39797874      0.60202126     -0.18505639     -0.00666147
    19.07900000      0.39699741      0.60300259     -0.18479626     -0.00630092
    19.11900000      0.39609455      0.60390545     -0.18463881     -0.00562874
    19.15900000      0.39531272      0.60468728     -0.18460423     -0.00470650
    19.19900000      0.39468396      0.60531604     -0.18470602     -0.00361589
    19.23900000      0.39422645      0.60577355     -0.18494339     -0.00244886
    19.27900000      0.39394471      0.60605529     -0.18529476     -0.00129850
    19.31900000      0.39383019      0.60616981     -0.18571921     -0.00023986
    19.35900000      0.39386507      0.60613493     -0.18616688      0.00067829
    19.39900000      0.39402677      0.60597323     -0.18658927      0.00144360
    19.43900000      0.39429333      0.60570667     -0.18695348      0.00207224
    19.47900000      0.39464618      0.60535382     -0.18724598      0.00259468
    19.51900000      0.39507183      0.60492817     -0.18746481      0.00304196
    19.55900000      0.39556069      0.60443931     -0.18761326      0.00343391
    19.59900000      0.39610515      0.60389485     -0.18769482      0.00378369
    19.63900000      0.39669974      0.60330026     -0.18771283      0.00409367
    19.67900000      0.39733766      0.60266234     -0.18767686      0.00435493
    19.71900000      0.39800984      0.60199016     -0.18760300      0.00454573
    19.75900000      0.39870360      0.60129640     -0.18750662      0.00463489
    19.79900000      0.39940099      0.60059901     -0.18740252      0.00458906
    19.83900000      0.40007968      0.59992032     -0.18730646      0.00437919
    19.87900000      0.40071250      0.59928750     -0.18723316      0.00398258
    19.91900000      0.40127036      0.59872964     -0.18719409      0.00338295
    19.95900000      0.40172241      0.59827759     -0.18719089      0.00257768
    19.99900000      0.40203793      0.59796207     -0.18721182      0.00157566
