       0.024500       0.999476       0.000524       0.000058       0.022897
       0.049500       0.997844       0.002156       0.000844       0.046356
       0.074500       0.995111       0.004889       0.002165       0.069628
       0.099500       0.991288       0.008712       0.004005       0.092621
       0.124500       0.986390       0.013610       0.006338       0.115248
       0.149500       0.980437       0.019563       0.009138       0.137426
       0.174500       0.973451       0.026549       0.012377       0.159080
       0.199500       0.965459       0.034541       0.016025       0.180138
       0.224500       0.956490       0.043510       0.020055       0.200536
       0.249500       0.946577       0.053424       0.024444       0.220214
       0.274500       0.935754       0.064246       0.029169       0.239114
       0.299500       0.924061       0.075939       0.034207       0.257184
       0.324500       0.911538       0.088462       0.039536       0.274374
       0.349500       0.898226       0.101774       0.045133       0.290638
       0.374500       0.884170       0.115830       0.050969       0.305931
       0.399500       0.869418       0.130582       0.057011       0.320214
       0.424500       0.854018       0.145982       0.063224       0.333449
       0.449500       0.838019       0.161981       0.069567       0.345606
       0.474500       0.821474       0.178526       0.075995       0.356657
       0.499500       0.804434       0.195566       0.082462       0.366580
       0.524500       0.786954       0.213046       0.088924       0.375360
       0.549500       0.769088       0.230912       0.095336       0.382983
       0.574500       0.750890       0.249110       0.101658       0.389442
       0.599500       0.732415       0.267585       0.107854       0.394735
       0.624500       0.713718       0.286282       0.113890       0.398860
       0.649500       0.694855       0.305146       0.119738       0.401820
       0.674500       0.675879       0.324121       0.125373       0.403620
       0.699500       0.656846       0.343155       0.130769       0.404267
       0.724500       0.637809       0.362191       0.135903       0.403773
       0.749500       0.618822       0.381178       0.140749       0.402151
       0.774500       0.599937       0.400063       0.145281       0.399420
       0.799500       0.581207       0.418793       0.149467       0.395601
       0.824500       0.562682       0.437318       0.153279       0.390722
       0.849500       0.544412       0.455589       0.156683       0.384813
       0.874500       0.526443       0.473557       0.159648       0.377909
       0.899500       0.508822       0.491178       0.162146       0.370050
       0.924500       0.491593       0.508407       0.164150       0.361278
       0.949500       0.474798       0.525203       0.165640       0.351640
       0.974500       0.458476       0.541524       0.166602       0.341182
       0.999500       0.442665       0.557335       0.167027       0.329956
       1.024500       0.427400       0.572600       0.166914       0.318012
       1.049500       0.412714       0.587286       0.166263       0.305405
       1.074500       0.398636       0.601364       0.165080       0.292189
       1.099500       0.385194       0.614806       0.163374       0.278421
       1.124500       0.372412       0.627588       0.161153       0.264157
       1.149500       0.360313       0.639687       0.158426       0.249460
       1.174500       0.348915       0.651085       0.155202       0.234388
       1.199500       0.338235       0.661765       0.151492       0.219007
       1.224500       0.328286       0.671715       0.147305       0.203378
       1.249500       0.319077       0.680923       0.142655       0.187566
       1.274500       0.310616       0.689384       0.137554       0.171635
       1.299500       0.302907       0.697093       0.132019       0.155647
       1.324500       0.295951       0.704049       0.126071       0.139664
       1.349500       0.289748       0.710253       0.119732       0.123745
       1.374500       0.284291       0.715709       0.113029       0.107947
       1.399500       0.279574       0.720426       0.105991       0.092327
       1.424500       0.275589       0.724411       0.098650       0.076936
       1.449500       0.272322       0.727679       0.091038       0.061825
       1.474500       0.269759       0.730241       0.083188       0.047042
       1.499500       0.267884       0.732117       0.075134       0.032634
       1.524500       0.266678       0.733323       0.066907       0.018642
       1.549500       0.266120       0.733880       0.058541       0.005107
       1.574500       0.266189       0.733811       0.050063      -0.007935
       1.599500       0.266859       0.733141       0.041505      -0.020452
       1.624500       0.268107       0.731893       0.032894      -0.032415
       1.649500       0.269904       0.730096       0.024260      -0.043799
       1.674500       0.272224       0.727776       0.015629      -0.054586
       1.699500       0.275038       0.724963       0.007029      -0.064760
       1.724500       0.278316       0.721685      -0.001516      -0.074309
       1.749500       0.282029       0.717972      -0.009982      -0.083225
       1.774500       0.286147       0.713854      -0.018348      -0.091501
       1.799500       0.290639       0.709361      -0.026596      -0.099134
       1.824500       0.295476       0.704524      -0.034711      -0.106122
       1.849500       0.300627       0.699373      -0.042682      -0.112463
       1.874500       0.306062       0.693938      -0.050500      -0.118158
       1.899500       0.311750       0.688251      -0.058159      -0.123209
       1.924500       0.317660       0.682340      -0.065654      -0.127618
       1.949500       0.323763       0.676237      -0.072982      -0.131391
       1.974500       0.330029       0.669971      -0.080141      -0.134535
       1.999500       0.336429       0.663571      -0.087128      -0.137060
       2.024500       0.342933       0.657067      -0.093939      -0.138982
       2.049500       0.349514       0.650486      -0.100571      -0.140317
       2.074500       0.356144       0.643856      -0.107019      -0.141086
       2.099500       0.362798       0.637203      -0.113282      -0.141311
       2.124500       0.369449       0.630551      -0.119355      -0.141014
       2.149500       0.376076       0.623925      -0.125237      -0.140219
       2.174500       0.382653       0.617347      -0.130928      -0.138949
       2.199500       0.389160       0.610841      -0.136431      -0.137224
       2.224500       0.395575       0.604426      -0.141753      -0.135062
       2.249500       0.401878       0.598122      -0.146900      -0.132477
       2.274500       0.408049       0.591951      -0.151882      -0.129483
       2.299500       0.414071       0.585930      -0.156709      -0.126089
       2.324500       0.419923       0.580077      -0.161394      -0.122304
       2.349500       0.425588       0.574413      -0.165943      -0.118135
       2.374500       0.431047       0.568953      -0.170367      -0.113593
       2.399500       0.436284       0.563716      -0.174669      -0.108688
       2.424500       0.441282       0.558719      -0.178853      -0.103435
       2.449500       0.446024       0.553976      -0.182917      -0.097853
       2.474500       0.450496       0.549504      -0.186859      -0.091966
       2.499500       0.454684       0.545316      -0.190675      -0.085801
       2.524500       0.458576       0.541424      -0.194358      -0.079389
       2.549500       0.462160       0.537840      -0.197901      -0.072763
       2.574500       0.465428       0.534572      -0.201298      -0.065957
       2.599500       0.468372       0.531628      -0.204544      -0.059005
       2.624500       0.470986       0.529014      -0.207634      -0.051937
       2.649500       0.473264       0.526736      -0.210565      -0.044782
       2.674500       0.475204       0.524796      -0.213335      -0.037561
       2.699500       0.476802       0.523198      -0.215944      -0.030295
       2.724500       0.478058       0.521943      -0.218393      -0.022997
       2.749500       0.478969       0.521032      -0.220681      -0.015680
       2.774500       0.479535       0.520465      -0.222809      -0.008353
       2.799500       0.479756       0.520244      -0.224776      -0.001026
       2.824500       0.479632       0.520369      -0.226581       0.006291
       2.849500       0.479163       0.520837      -0.228221       0.013583
       2.874500       0.478353       0.521648      -0.229695       0.020834
       2.899500       0.477202       0.522799      -0.231002       0.028020
       2.924500       0.475714       0.524286      -0.232140       0.035116
       2.949500       0.473895       0.526105      -0.233110       0.042094
       2.974500       0.471751       0.528250      -0.233916       0.048920
       2.999500       0.469289       0.530711      -0.234562       0.055564
       3.024500       0.466519       0.533481      -0.235055       0.061994
       3.049500       0.463452       0.536548      -0.235403       0.068181
       3.074500       0.460100       0.539901      -0.235617       0.074100
       3.099500       0.456475       0.543525      -0.235704       0.079728
       3.124500       0.452593       0.547408      -0.235676       0.085048
       3.149500       0.448467       0.551533      -0.235541       0.090048
       3.174500       0.444114       0.555886      -0.235308       0.094718
       3.199500       0.439549       0.560452      -0.234983       0.099052
       3.224500       0.434787       0.565213      -0.234573       0.103045
       3.249500       0.429846       0.570155      -0.234086       0.106695
       3.274500       0.424740       0.575260      -0.233529       0.110000
       3.299500       0.419487       0.580513      -0.232910       0.112957
       3.324500       0.414104       0.585897      -0.232237       0.115564
       3.349500       0.408605       0.591395      -0.231521       0.117819
       3.374500       0.403009       0.596992      -0.230772       0.119721
       3.399500       0.397331       0.602669      -0.230001       0.121270
       3.424500       0.391589       0.608412      -0.229219       0.122466
       3.449500       0.385798       0.614202      -0.228439       0.123312
       3.474500       0.379976       0.620024      -0.227670       0.123813
       3.499500       0.374139       0.625862      -0.226924       0.123977
       3.524500       0.368301       0.631699      -0.226210       0.123813
       3.549500       0.362479       0.637522      -0.225538       0.123332
       3.574500       0.356686       0.643314      -0.224915       0.122545
       3.599500       0.350938       0.649063      -0.224351       0.121463
       3.624500       0.345247       0.654753      -0.223853       0.120097
       3.649500       0.339627       0.660373      -0.223430       0.118455
       3.674500       0.334091       0.665910      -0.223090       0.116544
       3.699500       0.328651       0.671349      -0.222841       0.114370
       3.724500       0.323319       0.676681      -0.222691       0.111937
       3.749500       0.318109       0.681892      -0.222649       0.109250
       3.774500       0.313030       0.686970      -0.222721       0.106312
       3.799500       0.308096       0.691904      -0.222915       0.103130
       3.824500       0.303318       0.696683      -0.223237       0.099716
       3.849500       0.298705       0.701295      -0.223692       0.096083
       3.874500       0.294268       0.705732      -0.224281       0.092252
       3.899500       0.290016       0.709984      -0.225007       0.088246
       3.924500       0.285956       0.714044      -0.225867       0.084096
       3.949500       0.282095       0.717905      -0.226858       0.079833
       3.974500       0.278436       0.721564      -0.227975       0.075490
       3.999500       0.274983       0.725017      -0.229212       0.071099
       4.024500       0.271738       0.728263      -0.230560       0.066690
       4.049500       0.268700       0.731300      -0.232015       0.062289
       4.074500       0.265869       0.734132      -0.233568       0.057916
       4.099500       0.263243       0.736758      -0.235216       0.053585
       4.124500       0.260819       0.739181      -0.236953       0.049307
       4.149500       0.258596       0.741404      -0.238776       0.045083
       4.174500       0.256571       0.743429      -0.240683       0.040913
       4.199500       0.254741       0.745259      -0.242672       0.036793
       4.224500       0.253104       0.746896      -0.244740       0.032716
       4.249500       0.251658       0.748342      -0.246883       0.028677
       4.274500       0.250402       0.749599      -0.249099       0.024674
       4.299500       0.249333       0.750668      -0.251384       0.020709
       4.324500       0.248450       0.751551      -0.253733       0.016788
       4.349500       0.247750       0.752250      -0.256141       0.012922
       4.374500       0.247231       0.752769      -0.258602       0.009129
       4.399500       0.246889       0.753112      -0.261111       0.005429
       4.424500       0.246718       0.753283      -0.263661       0.001846
       4.449500       0.246713       0.753288      -0.266246      -0.001598
       4.474500       0.246866       0.753135      -0.268861      -0.004879
       4.499500       0.247169       0.752831      -0.271498      -0.007978
       4.524500       0.247614       0.752386      -0.274153      -0.010881
       4.549500       0.248191       0.751809      -0.276820      -0.013579
       4.574500       0.248890       0.751110      -0.279492      -0.016066
       4.599500       0.249702       0.750299      -0.282164      -0.018344
       4.624500       0.250615       0.749385      -0.284829      -0.020418
       4.649500       0.251622       0.748378      -0.287480      -0.022296
       4.674500       0.252713       0.747287      -0.290111      -0.023987
       4.699500       0.253879       0.746121      -0.292714      -0.025498
       4.724500       0.255113       0.744888      -0.295283      -0.026838
       4.749500       0.256405       0.743595      -0.297813      -0.028009
       4.774500       0.257749       0.742251      -0.300300      -0.029013
       4.799500       0.259136       0.740864      -0.302737      -0.029848
       4.824500       0.260558       0.739442      -0.305123      -0.030510
       4.849500       0.262008       0.737993      -0.307454      -0.030994
       4.874500       0.263476       0.736525      -0.309728      -0.031297
       4.899500       0.264954       0.735047      -0.311942      -0.031418
       4.924500       0.266433       0.733567      -0.314094      -0.031358
       4.949500       0.267905       0.732095      -0.316182      -0.031124
       4.974500       0.269363       0.730638      -0.318204      -0.030726
       4.999500       0.270798       0.729203      -0.320158      -0.030180
       5.024500       0.272204       0.727796      -0.322042      -0.029504
       5.049500       0.273576       0.726425      -0.323855      -0.028718
       5.074500       0.274908       0.725092      -0.325596      -0.027842
       5.099500       0.276198       0.723803      -0.327264      -0.026894
       5.124500       0.277441       0.722559      -0.328861      -0.025890
       5.149500       0.278636       0.721364      -0.330387      -0.024840
       5.174500       0.279781       0.720219      -0.331844      -0.023747
       5.199500       0.280873       0.719127      -0.333236      -0.022611
       5.224500       0.281910       0.718090      -0.334564      -0.021425
       5.249500       0.282891       0.717110      -0.335834      -0.020177
       5.274500       0.283810       0.716190      -0.337046      -0.018855
       5.299500       0.284666       0.715335      -0.338203      -0.017445
       5.324500       0.285452       0.714548      -0.339308      -0.015936
       5.349500       0.286165       0.713835      -0.340360      -0.014320
       5.374500       0.286800       0.713201      -0.341360      -0.012595
       5.399500       0.287350       0.712650      -0.342308      -0.010761
       5.424500       0.287812       0.712188      -0.343204      -0.008829
       5.449500       0.288181       0.711820      -0.344046      -0.006812
       5.474500       0.288453       0.711548      -0.344836      -0.004728
       5.499500       0.288626       0.711375      -0.345572      -0.002597
       5.524500       0.288697       0.711303      -0.346257      -0.000441
       5.549500       0.288667       0.711333      -0.346891       0.001717
       5.574500       0.288536       0.711465      -0.347476       0.003858
       5.599500       0.288304       0.711696      -0.348014       0.005963
       5.624500       0.287975       0.712026      -0.348509       0.008018
       5.649500       0.287550       0.712451      -0.348962       0.010013
       5.674500       0.287032       0.712968      -0.349377       0.011940
       5.699500       0.286426       0.713575      -0.349756       0.013794
       5.724500       0.285734       0.714267      -0.350102       0.015574
       5.749500       0.284960       0.715041      -0.350418       0.017276
       5.774500       0.284107       0.715893      -0.350705       0.018900
       5.799500       0.283180       0.716820      -0.350966       0.020443
       5.824500       0.282183       0.717818      -0.351202       0.021903
       5.849500       0.281118       0.718882      -0.351414       0.023278
       5.874500       0.279991       0.720010      -0.351604       0.024565
       5.899500       0.278805       0.721195      -0.351774       0.025762
       5.924500       0.277565       0.722435      -0.351925       0.026870
       5.949500       0.276275       0.723726      -0.352061       0.027894
       5.974500       0.274938       0.725062      -0.352183       0.028839
       5.999500       0.273559       0.726442      -0.352294       0.029717
       6.024500       0.272139       0.727861      -0.352394       0.030538
       6.049500       0.270682       0.729318      -0.352484       0.031316
       6.074500       0.269190       0.730811      -0.352564       0.032064
       6.099500       0.267662       0.732339      -0.352635       0.032792
       6.124500       0.266100       0.733900      -0.352694       0.033507
       6.149500       0.264505       0.735495      -0.352743       0.034210
       6.174500       0.262877       0.737123      -0.352780       0.034895
       6.199500       0.261218       0.738783      -0.352806       0.035553
       6.224500       0.259528       0.740472      -0.352821       0.036168
       6.249500       0.257811       0.742189      -0.352827       0.036718
       6.274500       0.256070       0.743930      -0.352827       0.037183
       6.299500       0.254310       0.745691      -0.352823       0.037541
       6.324500       0.252535       0.747465      -0.352820       0.037773
       6.349500       0.250753       0.749247      -0.352824       0.037863
       6.374500       0.248970       0.751030      -0.352838       0.037803
       6.399500       0.247194       0.752806      -0.352868       0.037592
       6.424500       0.245431       0.754570      -0.352918       0.037237
       6.449500       0.243688       0.756313      -0.352991       0.036750
       6.474500       0.241970       0.758030      -0.353088       0.036149
       6.499500       0.240283       0.759717      -0.353210       0.035458
       6.524500       0.238631       0.761370      -0.353357       0.034698
       6.549500       0.237015       0.762985      -0.353529       0.033891
       6.574500       0.235438       0.764562      -0.353724       0.033053
       6.599500       0.233901       0.766099      -0.353942       0.032198
       6.624500       0.232405       0.767596      -0.354183       0.031329
       6.649500       0.230950       0.769051      -0.354446       0.030444
       6.674500       0.229537       0.770464      -0.354732       0.029538
       6.699500       0.228167       0.771833      -0.355041       0.028596
       6.724500       0.226843       0.773157      -0.355376       0.027607
       6.749500       0.225567       0.774433      -0.355736       0.026556
       6.774500       0.224343       0.775658      -0.356125       0.025434
       6.799500       0.223172       0.776828      -0.356543       0.024236
       6.824500       0.222060       0.777940      -0.356992       0.022966
       6.849500       0.221010       0.778991      -0.357471       0.021633
       6.874500       0.220023       0.779978      -0.357980       0.020254
       6.899500       0.219102       0.780899      -0.358519       0.018853
       6.924500       0.218247       0.781754      -0.359087       0.017456
       6.949500       0.217457       0.782544      -0.359680       0.016093
       6.974500       0.216729       0.783271      -0.360298       0.014790
       6.999500       0.216062       0.783939      -0.360938       0.013570
       7.024500       0.215449       0.784551      -0.361596       0.012450
       7.049500       0.214887       0.785113      -0.362269       0.011439
       7.074500       0.214370       0.785631      -0.362954       0.010537
       7.099500       0.213893       0.786108      -0.363647       0.009733
       7.124500       0.213452       0.786549      -0.364345       0.009013
       7.149500       0.213043       0.786958      -0.365045       0.008354
       7.174500       0.212664       0.787336      -0.365745       0.007730
       7.199500       0.212314       0.787686      -0.366443       0.007117
       7.224500       0.211994       0.788007      -0.367137       0.006491
       7.249500       0.211703       0.788297      -0.367828       0.005833
       7.274500       0.211445       0.788556      -0.368514       0.005131
       7.299500       0.211221       0.788780      -0.369198       0.004378
       7.324500       0.211033       0.788967      -0.369880       0.003575
       7.349500       0.210885       0.789116      -0.370560       0.002728
       7.374500       0.210777       0.789224      -0.371242       0.001848
       7.399500       0.210711       0.789290      -0.371928       0.000952
       7.424500       0.210687       0.789314      -0.372618       0.000055
       7.449500       0.210705       0.789295      -0.373314      -0.000826
       7.474500       0.210764       0.789236      -0.374018      -0.001675
       7.499500       0.210862       0.789138      -0.374730      -0.002480
       7.524500       0.210997       0.789003      -0.375449      -0.003232
       7.549500       0.211166       0.788835      -0.376175      -0.003923
       7.574500       0.211366       0.788635      -0.376905      -0.004549
       7.599500       0.211593       0.788407      -0.377639      -0.005108
       7.624500       0.211846       0.788155      -0.378373      -0.005597
       7.649500       0.212120       0.787881      -0.379106      -0.006015
       7.674500       0.212411       0.787589      -0.379836      -0.006357
       7.699500       0.212717       0.787283      -0.380561      -0.006620
       7.724500       0.213034       0.786967      -0.381279      -0.006797
       7.749500       0.213356       0.786644      -0.381988      -0.006884
       7.774500       0.213681       0.786320      -0.382686      -0.006874
       7.799500       0.214002       0.785998      -0.383371      -0.006766
       7.824500       0.214317       0.785684      -0.384039      -0.006558
       7.849500       0.214619       0.785382      -0.384686      -0.006253
       7.874500       0.214904       0.785096      -0.385311      -0.005860
       7.899500       0.215170       0.784831      -0.385908      -0.005391
       7.924500       0.215411       0.784589      -0.386474      -0.004860
       7.949500       0.215627       0.784374      -0.387007      -0.004289
       7.974500       0.215815       0.784185      -0.387506      -0.003696
       7.999500       0.215975       0.784025      -0.387970      -0.003103
       8.024500       0.216108       0.783893      -0.388401      -0.002527
       8.049500       0.216214       0.783787      -0.388800      -0.001984
       8.074500       0.216295       0.783705      -0.389172      -0.001483
       8.099500       0.216354       0.783646      -0.389519      -0.001030
       8.124500       0.216393       0.783607      -0.389846      -0.000623
       8.149500       0.216414       0.783587      -0.390157      -0.000257
       8.174500       0.216418       0.783583      -0.390456       0.000077
       8.199500       0.216407       0.783594      -0.390744       0.000390
       8.224500       0.216381       0.783619      -0.391022       0.000695
       8.249500       0.216341       0.783659      -0.391293       0.001001
       8.274500       0.216287       0.783714      -0.391554       0.001316
       8.299500       0.216217       0.783783      -0.391806       0.001642
       8.324500       0.216132       0.783869      -0.392048       0.001980
       8.349500       0.216030       0.783970      -0.392280       0.002325
       8.374500       0.215913       0.784088      -0.392502       0.002670
       8.399500       0.215779       0.784222      -0.392715       0.003008
       8.424500       0.215630       0.784371      -0.392921       0.003332
       8.449500       0.215465       0.784535      -0.393121       0.003639
       8.474500       0.215287       0.784713      -0.393319       0.003925
       8.499500       0.215096       0.784905      -0.393515       0.004196
       8.524500       0.214892       0.785109      -0.393711       0.004459
       8.549500       0.214676       0.785325      -0.393907       0.004723
       8.574500       0.214447       0.785554      -0.394104       0.005002
       8.599500       0.214204       0.785797      -0.394300       0.005308
       8.624500       0.213946       0.786055      -0.394492       0.005653
       8.649500       0.213671       0.786330      -0.394677       0.006045
       8.674500       0.213376       0.786625      -0.394853       0.006485
       8.699500       0.213059       0.786942      -0.395016       0.006971
       8.724500       0.212718       0.787282      -0.395162       0.007495
       8.749500       0.212352       0.787648      -0.395290       0.008043
       8.774500       0.211960       0.788040      -0.395399       0.008598
       8.799500       0.211542       0.788458      -0.395490       0.009140
       8.824500       0.211100       0.788901      -0.395564       0.009651
       8.849500       0.210634       0.789367      -0.395623       0.010113
       8.874500       0.210148       0.789853      -0.395672       0.010515
       8.899500       0.209644       0.790356      -0.395714       0.010850
       8.924500       0.209127       0.790874      -0.395752       0.011117
       8.949500       0.208598       0.791403      -0.395790       0.011321
       8.974500       0.208061       0.791940      -0.395829       0.011475
       8.999500       0.207517       0.792483      -0.395870       0.011593
       9.024500       0.206969       0.793032      -0.395913       0.011689
       9.049500       0.206416       0.793584      -0.395959       0.011780
       9.074500       0.205859       0.794142      -0.396006       0.011877
       9.099500       0.205297       0.794704      -0.396052       0.011987
       9.124500       0.204729       0.795271      -0.396097       0.012108
       9.149500       0.204156       0.795845      -0.396139       0.012235
       9.174500       0.203577       0.796424      -0.396180       0.012353
       9.199500       0.202993       0.797008      -0.396218       0.012443
       9.224500       0.202405       0.797595      -0.396256       0.012484
       9.249500       0.201818       0.798183      -0.396295       0.012452
       9.274500       0.201234       0.798767      -0.396339       0.012328
       9.299500       0.200658       0.799343      -0.396389       0.012095
       9.324500       0.200096       0.799905      -0.396450       0.011747
       9.349500       0.199553       0.800448      -0.396524       0.011284
       9.374500       0.199034       0.800966      -0.396615       0.010717
       9.399500       0.198545       0.801456      -0.396724       0.010065
       9.424500       0.198087       0.801914      -0.396855       0.009357
       9.449500       0.197663       0.802337      -0.397008       0.008626
       9.474500       0.197274       0.802726      -0.397184       0.007906
       9.499500       0.196918       0.803083      -0.397382       0.007232
       9.524500       0.196591       0.803409      -0.397600       0.006636
       9.549500       0.196291       0.803710      -0.397835       0.006143
       9.574500       0.196011       0.803990      -0.398082       0.005768
       9.599500       0.195745       0.804255      -0.398337       0.005519
       9.624500       0.195489       0.804512      -0.398593       0.005393
       9.649500       0.195236       0.804765      -0.398845       0.005379
       9.674500       0.194981       0.805020      -0.399088       0.005458
       9.699500       0.194720       0.805280      -0.399318       0.005607
       9.724500       0.194452       0.805549      -0.399534       0.005800
       9.749500       0.194173       0.805827      -0.399732       0.006011
       9.774500       0.193885       0.806115      -0.399912       0.006216
       9.799500       0.193588       0.806412      -0.400077       0.006393
       9.824500       0.193284       0.806717      -0.400226       0.006527
       9.849500       0.192974       0.807026      -0.400362       0.006606
       9.874500       0.192662       0.807338      -0.400488       0.006622
       9.899500       0.192351       0.807649      -0.400606       0.006572
       9.924500       0.192044       0.807956      -0.400719       0.006455
       9.949500       0.191744       0.808256      -0.400831       0.006274
       9.974500       0.191454       0.808547      -0.400944       0.006032
       9.999500       0.191177       0.808824      -0.401060       0.005732
      10.024500       0.190915       0.809086      -0.401184       0.005379
      10.049500       0.190671       0.809330      -0.401316       0.004976
      10.074500       0.190447       0.809554      -0.401459       0.004528
      10.099500       0.190245       0.809756      -0.401615       0.004042
      10.124500       0.190066       0.809934      -0.401785       0.003523
      10.149500       0.189913       0.810087      -0.401969       0.002981
      10.174500       0.189786       0.810215      -0.402168       0.002425
      10.199500       0.189685       0.810316      -0.402381       0.001869
      10.224500       0.189610       0.810391      -0.402609       0.001324
      10.249500       0.189560       0.810441      -0.402849       0.000805
      10.274500       0.189533       0.810467      -0.403101       0.000325
      10.299500       0.189528       0.810472      -0.403364      -0.000105
      10.324500       0.189542       0.810459      -0.403635      -0.000475
      10.349500       0.189572       0.810429      -0.403913      -0.000780
      10.374500       0.189615       0.810386      -0.404194      -0.001019
      10.399500       0.189667       0.810334      -0.404477      -0.001195
      10.424500       0.189726       0.810274      -0.404758      -0.001316
      10.449500       0.189790       0.810210      -0.405037      -0.001392
      10.474500       0.189857       0.810144      -0.405312      -0.001434
      10.499500       0.189925       0.810076      -0.405582      -0.001457
      10.524500       0.189994       0.810007      -0.405847      -0.001468
      10.549500       0.190063       0.809937      -0.406106      -0.001477
      10.574500       0.190133       0.809868      -0.406359      -0.001486
      10.599500       0.190203       0.809797      -0.406607      -0.001494
      10.624500       0.190274       0.809727      -0.406848      -0.001495
      10.649500       0.190344       0.809657      -0.407083      -0.001479
      10.674500       0.190413       0.809588      -0.407311      -0.001435
      10.699500       0.190478       0.809522      -0.407530      -0.001350
      10.724500       0.190539       0.809462      -0.407740      -0.001213
      10.749500       0.190592       0.809409      -0.407939      -0.001018
      10.774500       0.190634       0.809367      -0.408125      -0.000760
      10.799500       0.190662       0.809338      -0.408296      -0.000445
      10.824500       0.190675       0.809326      -0.408451      -0.000082
      10.849500       0.190670       0.809331      -0.408588       0.000314
      10.874500       0.190645       0.809355      -0.408708       0.000721
      10.899500       0.190602       0.809399      -0.408810       0.001118
      10.924500       0.190540       0.809460      -0.408897       0.001482
      10.949500       0.190463       0.809538      -0.408971       0.001795
      10.974500       0.190372       0.809628      -0.409035       0.002041
      10.999500       0.190272       0.809729      -0.409093       0.002212
      11.024500       0.190165       0.809835      -0.409149       0.002308
      11.049500       0.190056       0.809945      -0.409203       0.002334
      11.074500       0.189946       0.810054      -0.409260       0.002303
      11.099500       0.189839       0.810161      -0.409320       0.002231
      11.124500       0.189736       0.810264      -0.409383       0.002137
      11.149500       0.189638       0.810363      -0.409450       0.002040
      11.174500       0.189544       0.810457      -0.409519       0.001956
      11.199500       0.189453       0.810547      -0.409591       0.001897
      11.224500       0.189365       0.810636      -0.409663       0.001866
      11.249500       0.189277       0.810724      -0.409734       0.001864
      11.274500       0.189189       0.810812      -0.409805       0.001881
      11.299500       0.189100       0.810901      -0.409875       0.001906
      11.324500       0.189009       0.810991      -0.409944       0.001923
      11.349500       0.188919       0.811082      -0.410013       0.001915
      11.374500       0.188830       0.811171      -0.410085       0.001867
      11.399500       0.188744       0.811257      -0.410160       0.001770
      11.424500       0.188664       0.811337      -0.410241       0.001620
      11.449500       0.188592       0.811409      -0.410331       0.001418
      11.474500       0.188531       0.811470      -0.410432       0.001174
      11.499500       0.188482       0.811519      -0.410546       0.000906
      11.524500       0.188446       0.811555      -0.410672       0.000633
      11.549500       0.188422       0.811579      -0.410810       0.000380
      11.574500       0.188409       0.811592      -0.410960       0.000172
      11.599500       0.188405       0.811596      -0.411120       0.000028
      11.624500       0.188405       0.811596      -0.411285      -0.000031
      11.649500       0.188406       0.811595      -0.411453       0.000004
      11.674500       0.188403       0.811598      -0.411619       0.000138
      11.699500       0.188392       0.811609      -0.411780       0.000367
      11.724500       0.188367       0.811633      -0.411931       0.000680
      11.749500       0.188326       0.811674      -0.412069       0.001062
      11.774500       0.188266       0.811734      -0.412190       0.001493
      11.799500       0.188185       0.811815      -0.412295       0.001951
      11.824500       0.188083       0.811918      -0.412382       0.002416
      11.849500       0.187958       0.812043      -0.412453       0.002870
      11.874500       0.187812       0.812188      -0.412509       0.003302
      11.899500       0.187647       0.812353      -0.412552       0.003702
      11.924500       0.187464       0.812537      -0.412585       0.004069
      11.949500       0.187264       0.812736      -0.412609       0.004404
      11.974500       0.187050       0.812951      -0.412625       0.004710
      11.999500       0.186821       0.813180      -0.412635       0.004993
      12.024500       0.186580       0.813421      -0.412638       0.005257
      12.049500       0.186326       0.813675      -0.412634       0.005504
      12.074500       0.186061       0.813939      -0.412623       0.005733
      12.099500       0.185786       0.814214      -0.412603       0.005937
      12.124500       0.185502       0.814498      -0.412576       0.006109
      12.149500       0.185212       0.814789      -0.412543       0.006235
      12.174500       0.184916       0.815085      -0.412505       0.006301
      12.199500       0.184619       0.815382      -0.412465       0.006295
      12.224500       0.184324       0.815676      -0.412426       0.006205
      12.249500       0.184036       0.815965      -0.412393       0.006023
      12.274500       0.183758       0.816242      -0.412370       0.005747
      12.299500       0.183496       0.816505      -0.412361       0.005382
      12.324500       0.183252       0.816748      -0.412368       0.004937
      12.349500       0.183032       0.816969      -0.412395       0.004426
      12.374500       0.182836       0.817164      -0.412442       0.003869
      12.399500       0.182668       0.817333      -0.412510       0.003288
      12.424500       0.182526       0.817474      -0.412596       0.002706
      12.449500       0.182412       0.817588      -0.412699       0.002146
      12.474500       0.182324       0.817677      -0.412816       0.001627
      12.499500       0.182258       0.817743      -0.412944       0.001166
      12.524500       0.182213       0.817788      -0.413080       0.000776
      12.549500       0.182184       0.817817      -0.413222       0.000465
      12.574500       0.182167       0.817833      -0.413367       0.000236
      12.599500       0.182160       0.817840      -0.413512       0.000090
      12.624500       0.182158       0.817843      -0.413655       0.000026
      12.649500       0.182156       0.817844      -0.413794       0.000040
      12.674500       0.182153       0.817848      -0.413927       0.000128
      12.699500       0.182143       0.817857      -0.414050       0.000284
      12.724500       0.182125       0.817876      -0.414162       0.000504
      12.749500       0.182095       0.817906      -0.414260       0.000781
      12.774500       0.182051       0.817950      -0.414341       0.001109
      12.799500       0.181990       0.818011      -0.414403       0.001478
      12.824500       0.181911       0.818090      -0.414442       0.001877
      12.849500       0.181813       0.818188      -0.414458       0.002292
      12.874500       0.181695       0.818306      -0.414451       0.002707
      12.899500       0.181558       0.818443      -0.414421       0.003102
      12.924500       0.181403       0.818597      -0.414370       0.003458
      12.949500       0.181233       0.818768      -0.414302       0.003754
      12.974500       0.181051       0.818950      -0.414221       0.003973
      12.999500       0.180860       0.819140      -0.414132       0.004099
      13.024500       0.180666       0.819335      -0.414041       0.004122
      13.049500       0.180473       0.819527      -0.413952       0.004040
      13.074500       0.180287       0.819714      -0.413871       0.003856
      13.099500       0.180112       0.819889      -0.413802       0.003582
      13.124500       0.179951       0.820050      -0.413748       0.003237
      13.149500       0.179807       0.820193      -0.413710       0.002846
      13.174500       0.179683       0.820318      -0.413689       0.002436
      13.199500       0.179578       0.820423      -0.413685       0.002037
      13.224500       0.179490       0.820510      -0.413695       0.001676
      13.249500       0.179419       0.820582      -0.413717       0.001375
      13.274500       0.179360       0.820641      -0.413748       0.001149
      13.299500       0.179309       0.820691      -0.413783       0.001005
      13.324500       0.179264       0.820737      -0.413821       0.000938
      13.349500       0.179220       0.820781      -0.413859       0.000935
      13.374500       0.179175       0.820826      -0.413895       0.000977
      13.399500       0.179128       0.820873      -0.413928       0.001035
      13.424500       0.179078       0.820923      -0.413958       0.001081
      13.449500       0.179026       0.820974      -0.413987       0.001085
      13.474500       0.178976       0.821024      -0.414018       0.001022
      13.499500       0.178931       0.821069      -0.414053       0.000871
      13.524500       0.178896       0.821105      -0.414096       0.000624
      13.549500       0.178874       0.821126      -0.414153       0.000279
      13.574500       0.178871       0.821130      -0.414228      -0.000154
      13.599500       0.178890       0.821111      -0.414323      -0.000656
      13.624500       0.178933       0.821067      -0.414441      -0.001201
      13.649500       0.179003       0.820997      -0.414584      -0.001759
      13.674500       0.179099       0.820902      -0.414750      -0.002297
      13.699500       0.179219       0.820782      -0.414937      -0.002785
      13.724500       0.179360       0.820640      -0.415144      -0.003198
      13.749500       0.179519       0.820482      -0.415365      -0.003515
      13.774500       0.179690       0.820311      -0.415596      -0.003727
      13.799500       0.179868       0.820132      -0.415833      -0.003831
      13.824500       0.180049       0.819952      -0.416072      -0.003832
      13.849500       0.180228       0.819773      -0.416308      -0.003741
      13.874500       0.180400       0.819600      -0.416538      -0.003576
      13.899500       0.180564       0.819437      -0.416760      -0.003352
      13.924500       0.180715       0.819285      -0.416971      -0.003088
      13.949500       0.180854       0.819146      -0.417171      -0.002798
      13.974500       0.180979       0.819022      -0.417359      -0.002490
      13.999500       0.181089       0.818912      -0.417534      -0.002170
      14.024500       0.181183       0.818817      -0.417694      -0.001838
      14.049500       0.181261       0.818739      -0.417837      -0.001491
      14.074500       0.181323       0.818677      -0.417962      -0.001123
      14.099500       0.181367       0.818634      -0.418067      -0.000729
      14.124500       0.181391       0.818609      -0.418150      -0.000306
      14.149500       0.181395       0.818605      -0.418208       0.000149
      14.174500       0.181377       0.818624      -0.418242       0.000630
      14.199500       0.181336       0.818665      -0.418250       0.001130
      14.224500       0.181270       0.818730      -0.418234       0.001638
      14.249500       0.181181       0.818819      -0.418194       0.002137
      14.274500       0.181069       0.818931      -0.418132       0.002610
      14.299500       0.180936       0.819064      -0.418051       0.003040
      14.324500       0.180784       0.819217      -0.417953       0.003410
      14.349500       0.180616       0.819385      -0.417843       0.003710
      14.374500       0.180436       0.819565      -0.417726       0.003930
      14.399500       0.180247       0.819754      -0.417605       0.004069
      14.424500       0.180054       0.819947      -0.417484       0.004128
      14.449500       0.179859       0.820141      -0.417366       0.004113
      14.474500       0.179667       0.820334      -0.417256       0.004034
      14.499500       0.179480       0.820521      -0.417153       0.003902
      14.524500       0.179300       0.820700      -0.417061       0.003727
      14.549500       0.179129       0.820871      -0.416980       0.003519
      14.574500       0.178969       0.821032      -0.416908       0.003285
      14.599500       0.178820       0.821180      -0.416848       0.003029
      14.624500       0.178684       0.821317      -0.416797       0.002752
      14.649500       0.178561       0.821439      -0.416756       0.002453
      14.674500       0.178453       0.821547      -0.416725       0.002129
      14.699500       0.178361       0.821639      -0.416705       0.001777
      14.724500       0.178286       0.821714      -0.416697       0.001395
      14.749500       0.178230       0.821770      -0.416704       0.000984
      14.774500       0.178194       0.821807      -0.416726       0.000549
      14.799500       0.178179       0.821822      -0.416766       0.000097
      14.824500       0.178185       0.821816      -0.416824      -0.000357
      14.849500       0.178212       0.821788      -0.416901      -0.000799
      14.874500       0.178260       0.821741      -0.416995      -0.001212
      14.899500       0.178326       0.821675      -0.417105      -0.001576
      14.924500       0.178407       0.821593      -0.417229      -0.001876
      14.949500       0.178501       0.821499      -0.417364      -0.002099
      14.974500       0.178604       0.821397      -0.417505      -0.002234
      14.999500       0.178710       0.821290      -0.417649      -0.002277
      15.024500       0.178817       0.821184      -0.417793      -0.002229
      15.049500       0.178919       0.821082      -0.417931      -0.002097
      15.074500       0.179013       0.820988      -0.418060      -0.001889
      15.099500       0.179096       0.820905      -0.418178      -0.001618
      15.124500       0.179165       0.820836      -0.418282      -0.001297
      15.149500       0.179217       0.820783      -0.418370      -0.000940
      15.174500       0.179253       0.820748      -0.418442      -0.000558
      15.199500       0.179270       0.820731      -0.418499      -0.000158
      15.224500       0.179267       0.820733      -0.418539       0.000255
      15.249500       0.179246       0.820755      -0.418564       0.000679
      15.274500       0.179203       0.820797      -0.418572       0.001113
      15.299500       0.179141       0.820860      -0.418564       0.001557
      15.324500       0.179057       0.820944      -0.418538       0.002010
      15.349500       0.178951       0.821050      -0.418496       0.002469
      15.374500       0.178824       0.821177      -0.418436       0.002926
      15.399500       0.178676       0.821325      -0.418360       0.003370
      15.424500       0.178507       0.821494      -0.418271       0.003785
      15.449500       0.178320       0.821681      -0.418169       0.004152
      15.474500       0.178117       0.821884      -0.418059       0.004451
      15.499500       0.177902       0.822099      -0.417944       0.004661
      15.524500       0.177679       0.822321      -0.417829       0.004764
      15.549500       0.177455       0.822546      -0.417716       0.004747
      15.574500       0.177234       0.822766      -0.417611       0.004602
      15.599500       0.177023       0.822977      -0.417519       0.004330
      15.624500       0.176828       0.823173      -0.417443       0.003942
      15.649500       0.176653       0.823347      -0.417385       0.003457
      15.674500       0.176503       0.823497      -0.417350       0.002899
      15.699500       0.176381       0.823620      -0.417336       0.002300
      15.724500       0.176287       0.823714      -0.417344       0.001691
      15.749500       0.176221       0.823779      -0.417372       0.001105
      15.774500       0.176182       0.823818      -0.417417       0.000569
      15.799500       0.176166       0.823834      -0.417477       0.000105
      15.824500       0.176171       0.823830      -0.417548      -0.000274
      15.849500       0.176191       0.823810      -0.417626      -0.000565
      15.874500       0.176223       0.823778      -0.417707      -0.000772
      15.899500       0.176263       0.823738      -0.417790      -0.000908
      15.924500       0.176307       0.823693      -0.417870      -0.000992
      15.949500       0.176356       0.823645      -0.417948      -0.001048
      15.974500       0.176406       0.823594      -0.418024      -0.001098
      15.999500       0.176459       0.823541      -0.418098      -0.001162
      16.024500       0.176516       0.823484      -0.418174      -0.001255
      16.049500       0.176578       0.823422      -0.418252      -0.001385
      16.074500       0.176647       0.823353      -0.418337      -0.001551
      16.099500       0.176725       0.823276      -0.418430      -0.001745
      16.124500       0.176812       0.823189      -0.418531      -0.001952
      16.149500       0.176908       0.823092      -0.418641      -0.002152
      16.174500       0.177014       0.822986      -0.418757      -0.002326
      16.199500       0.177127       0.822874      -0.418878      -0.002453
      16.224500       0.177244       0.822756      -0.418999      -0.002518
      16.249500       0.177363       0.822638      -0.419118      -0.002508
      16.274500       0.177479       0.822521      -0.419231      -0.002421
      16.299500       0.177590       0.822411      -0.419334      -0.002260
      16.324500       0.177691       0.822309      -0.419423      -0.002035
      16.349500       0.177781       0.822220      -0.419498      -0.001764
      16.374500       0.177857       0.822144      -0.419558      -0.001465
      16.399500       0.177919       0.822082      -0.419601      -0.001160
      16.424500       0.177966       0.822034      -0.419631      -0.000869
      16.449500       0.178001       0.821999      -0.419649      -0.000609
      16.474500       0.178024       0.821976      -0.419658      -0.000388
      16.499500       0.178038       0.821962      -0.419662      -0.000214
      16.524500       0.178045       0.821955      -0.419664      -0.000082
      16.549500       0.178047       0.821954      -0.419666       0.000015
      16.574500       0.178044       0.821956      -0.419669       0.000090
      16.599500       0.178038       0.821962      -0.419673       0.000158
      16.624500       0.178029       0.821971      -0.419679       0.000235
      16.649500       0.178016       0.821985      -0.419684       0.000335
      16.674500       0.177997       0.822004      -0.419686       0.000472
      16.699500       0.177971       0.822030      -0.419681       0.000651
      16.724500       0.177935       0.822066      -0.419668       0.000876
      16.749500       0.177888       0.822113      -0.419644       0.001144
      16.774500       0.177827       0.822174      -0.419606       0.001450
      16.799500       0.177750       0.822250      -0.419555       0.001783
      16.824500       0.177658       0.822342      -0.419489       0.002131
      16.849500       0.177550       0.822451      -0.419410       0.002480
      16.874500       0.177425       0.822576      -0.419319       0.002816
      16.899500       0.177285       0.822716      -0.419219       0.003127
      16.924500       0.177131       0.822870      -0.419111       0.003400
      16.949500       0.176965       0.823035      -0.418999       0.003627
      16.974500       0.176790       0.823210      -0.418885       0.003800
      16.999500       0.176608       0.823392      -0.418772       0.003911
      17.024500       0.176423       0.823578      -0.418661       0.003954
      17.049500       0.176237       0.823764      -0.418556       0.003924
      17.074500       0.176054       0.823946      -0.418457       0.003814
      17.099500       0.175879       0.824122      -0.418369       0.003617
      17.124500       0.175715       0.824286      -0.418292       0.003329
      17.149500       0.175567       0.824434      -0.418231       0.002944
      17.174500       0.175439       0.824561      -0.418186       0.002462
      17.199500       0.175336       0.824664      -0.418162       0.001883
      17.224500       0.175263       0.824737      -0.418162       0.001216
      17.249500       0.175223       0.824778      -0.418186       0.000474
      17.274500       0.175219       0.824781      -0.418237      -0.000325
      17.299500       0.175254       0.824746      -0.418316      -0.001155
      17.324500       0.175328       0.824672      -0.418423      -0.001986
      17.349500       0.175440       0.824560      -0.418556      -0.002785
      17.374500       0.175589       0.824411      -0.418714      -0.003518
      17.399500       0.175770       0.824230      -0.418895      -0.004154
      17.424500       0.175979       0.824022      -0.419097      -0.004664
      17.449500       0.176207       0.823793      -0.419314      -0.005025
      17.474500       0.176450       0.823551      -0.419544      -0.005225
      17.499500       0.176697       0.823303      -0.419781      -0.005258
      17.524500       0.176942       0.823058      -0.420021      -0.005129
      17.549500       0.177178       0.822822      -0.420256      -0.004852
      17.574500       0.177398       0.822603      -0.420482      -0.004449
      17.599500       0.177596       0.822405      -0.420692      -0.003945
      17.624500       0.177768       0.822232      -0.420882      -0.003370
      17.649500       0.177912       0.822088      -0.421048      -0.002752
      17.674500       0.178027       0.821973      -0.421185      -0.002119
      17.699500       0.178112       0.821888      -0.421293      -0.001491
      17.724500       0.178168       0.821833      -0.421370      -0.000884
      17.749500       0.178196       0.821805      -0.421417      -0.000305
      17.774500       0.178197       0.821803      -0.421434       0.000243
      17.799500       0.178173       0.821827      -0.421422       0.000763
      17.824500       0.178126       0.821875      -0.421384       0.001263
      17.849500       0.178055       0.821946      -0.421321       0.001749
      17.874500       0.177961       0.822040      -0.421234       0.002229
      17.899500       0.177845       0.822156      -0.421125       0.002706
      17.924500       0.177706       0.822295      -0.420995       0.003181
      17.949500       0.177545       0.822455      -0.420845       0.003647
      17.974500       0.177363       0.822638      -0.420677       0.004094
      17.999500       0.177160       0.822841      -0.420492       0.004507
      18.024500       0.176939       0.823062      -0.420292       0.004870
      18.049500       0.176702       0.823298      -0.420079       0.005165
      18.074500       0.176453       0.823547      -0.419857       0.005377
      18.099500       0.176197       0.823803      -0.419631       0.005494
      18.124500       0.175937       0.824063      -0.419405       0.005511
      18.149500       0.175679       0.824321      -0.419184       0.005429
      18.174500       0.175427       0.824573      -0.418972       0.005256
      18.199500       0.175185       0.824815      -0.418775       0.005005
      18.224500       0.174957       0.825043      -0.418595       0.004696
      18.249500       0.174744       0.825257      -0.418435       0.004348
      18.274500       0.174547       0.825453      -0.418295       0.003982
      18.299500       0.174368       0.825632      -0.418176       0.003614
      18.324500       0.174207       0.825793      -0.418077       0.003256
      18.349500       0.174061       0.825939      -0.417996       0.002915
      18.374500       0.173932       0.826068      -0.417932       0.002588
      18.399500       0.173817       0.826183      -0.417884       0.002270
      18.424500       0.173718       0.826282      -0.417851       0.001946
      18.449500       0.173634       0.826366      -0.417832       0.001602
      18.474500       0.173568       0.826432      -0.417829       0.001220
      18.499500       0.173520       0.826480      -0.417841       0.000789
      18.524500       0.173494       0.826506      -0.417872       0.000297
      18.549500       0.173493       0.826507      -0.417922      -0.000257
      18.574500       0.173519       0.826480      -0.417994      -0.000868
      18.599500       0.173576       0.826424      -0.418089      -0.001522
      18.624500       0.173663       0.826337      -0.418208      -0.002199
      18.649500       0.173783       0.826217      -0.418351      -0.002871
      18.674500       0.173933       0.826067      -0.418519      -0.003508
      18.699500       0.174112       0.825888      -0.418710      -0.004081
      18.724500       0.174316       0.825684      -0.418919      -0.004561
      18.749500       0.174540       0.825460      -0.419145      -0.004925
      18.774500       0.174778       0.825222      -0.419381      -0.005157
      18.799500       0.175024       0.824976      -0.419624      -0.005249
      18.824500       0.175270       0.824729      -0.419866      -0.005202
      18.849500       0.175512       0.824488      -0.420102      -0.005023
      18.874500       0.175742       0.824258      -0.420328      -0.004729
      18.899500       0.175956       0.824044      -0.420539      -0.004341
      18.924500       0.176150       0.823850      -0.420730      -0.003881
      18.949500       0.176321       0.823679      -0.420901      -0.003374
      18.974500       0.176467       0.823533      -0.421048      -0.002843
      18.999500       0.176589       0.823411      -0.421171      -0.002308
      19.024500       0.176685       0.823315      -0.421270      -0.001785
      19.049500       0.176757       0.823243      -0.421345      -0.001284
      19.074500       0.176806       0.823194      -0.421399      -0.000812
      19.099500       0.176834       0.823166      -0.421432      -0.000374
      19.124500       0.176842       0.823158      -0.421447       0.000032
      19.149500       0.176832       0.823168      -0.421445       0.000406
      19.174500       0.176804       0.823196      -0.421429       0.000749
      19.199500       0.176762       0.823239      -0.421401       0.001064
      19.224500       0.176705       0.823296      -0.421362       0.001351
      19.249500       0.176635       0.823365      -0.421313       0.001609
      19.274500       0.176553       0.823447      -0.421257       0.001839
      19.299500       0.176462       0.823538      -0.421193       0.002038
      19.324500       0.176362       0.823638      -0.421124       0.002206
      19.349500       0.176255       0.823746      -0.421051       0.002344
      19.374500       0.176142       0.823859      -0.420973       0.002456
      19.399500       0.176024       0.823977      -0.420890       0.002545
      19.424500       0.175902       0.824098      -0.420804       0.002620
      19.449500       0.175777       0.824223      -0.420714       0.002688
      19.474500       0.175649       0.824352      -0.420620       0.002756
      19.499500       0.175517       0.824483      -0.420520       0.002831
      19.524500       0.175382       0.824618      -0.420417       0.002917
      19.549500       0.175242       0.824758      -0.420308       0.003014
      19.574500       0.175098       0.824903      -0.420195       0.003118
      19.599500       0.174948       0.825052      -0.420078       0.003221
      19.624500       0.174794       0.825206      -0.419959       0.003313
      19.649500       0.174637       0.825364      -0.419837       0.003378
      19.674500       0.174477       0.825523      -0.419716       0.003402
      19.699500       0.174317       0.825683      -0.419597       0.003371
      19.724500       0.174160       0.825840      -0.419482       0.003273
      19.749500       0.174010       0.825990      -0.419375       0.003100
      19.774500       0.173869       0.826131      -0.419279       0.002850
      19.799500       0.173742       0.826258      -0.419195       0.002527
      19.824500       0.173632       0.826368      -0.419127       0.002142
      19.849500       0.173541       0.826459      -0.419075       0.001710
      19.874500       0.173472       0.826528      -0.419042       0.001251
      19.899500       0.173424       0.826576      -0.419027       0.000785
      19.924500       0.173397       0.826603      -0.419030       0.000334
      19.949500       0.173392       0.826608      -0.419052      -0.000085
      19.974500       0.173405       0.826595      -0.419090      -0.000460
      19.999500       0.173434       0.826566      -0.419143      -0.000784
