       0.024500       0.999531       0.000466       0.000002      -0.000185      -0.021698      -0.000510       0.000166
       0.049500       0.998205       0.001786       0.000009       0.000725      -0.042302      -0.000544       0.000199
       0.074500       0.996027       0.003954       0.000019       0.002208      -0.062756      -0.000626       0.000258
       0.099500       0.993005       0.006961       0.000034       0.004264      -0.082992      -0.000752       0.000356
       0.124500       0.989150       0.010796       0.000054       0.006889      -0.102941      -0.000918       0.000509
       0.149500       0.984474       0.015447       0.000080       0.010079      -0.122537      -0.001119       0.000728
       0.174500       0.978994       0.020894       0.000112       0.013826      -0.141718      -0.001346       0.001027
       0.199500       0.972728       0.027120       0.000153       0.018118      -0.160425      -0.001591       0.001416
       0.224500       0.965697       0.034101       0.000203       0.022940      -0.178602      -0.001845       0.001904
       0.249500       0.957925       0.041813       0.000263       0.028273      -0.196199      -0.002095       0.002501
       0.274500       0.949435       0.050230       0.000335       0.034096      -0.213169      -0.002332       0.003211
       0.299500       0.940257       0.059324       0.000420       0.040384      -0.229467      -0.002543       0.004041
       0.324500       0.930417       0.069063       0.000521       0.047113      -0.245055      -0.002717       0.004992
       0.349500       0.919947       0.079416       0.000638       0.054257      -0.259892      -0.002843       0.006067
       0.374500       0.908878       0.090349       0.000773       0.061792      -0.273945      -0.002910       0.007266
       0.399500       0.897244       0.101828       0.000928       0.069692      -0.287178      -0.002909       0.008588
       0.424500       0.885080       0.113816       0.001104       0.077934      -0.299558      -0.002830       0.010031
       0.449500       0.872421       0.126276       0.001304       0.086497      -0.311057      -0.002665       0.011594
       0.474500       0.859304       0.139168       0.001528       0.095358      -0.321643      -0.002405       0.013273
       0.499500       0.845769       0.152454       0.001778       0.104496      -0.331292      -0.002042       0.015065
       0.524500       0.831854       0.166091       0.002056       0.113888      -0.339978      -0.001567       0.016965
       0.549500       0.817600       0.180039       0.002362       0.123510      -0.347679      -0.000972       0.018969
       0.574500       0.803048       0.194254       0.002699       0.133336      -0.354378      -0.000250       0.021071
       0.599500       0.788240       0.208694       0.003067       0.143337      -0.360060       0.000608       0.023262
       0.624500       0.773218       0.223315       0.003468       0.153483      -0.364712       0.001608       0.025535
       0.649500       0.758025       0.238073       0.003902       0.163741      -0.368328       0.002757       0.027878
       0.674500       0.742705       0.252925       0.004371       0.174078      -0.370904       0.004059       0.030281
       0.699500       0.727299       0.267826       0.004875       0.184459      -0.372438       0.005519       0.032730
       0.724500       0.711852       0.282734       0.005415       0.194852      -0.372935       0.007139       0.035212
       0.749500       0.696406       0.297605       0.005990       0.205224      -0.372400       0.008921       0.037713
       0.774500       0.681003       0.312396       0.006602       0.215545      -0.370840       0.010863       0.040218
       0.799500       0.665686       0.327065       0.007249       0.225787      -0.368267       0.012965       0.042712
       0.824500       0.650496       0.341571       0.007933       0.235922      -0.364692       0.015223       0.045181
       0.849500       0.635475       0.355874       0.008652       0.245926      -0.360128       0.017630       0.047611
       0.874500       0.620662       0.369933       0.009405       0.255774      -0.354591       0.020183       0.049988
       0.899500       0.606098       0.383709       0.010193       0.265443      -0.348098       0.022873       0.052300
       0.924500       0.591822       0.397165       0.011013       0.274907      -0.340672       0.025693       0.054535
       0.949500       0.577871       0.410263       0.011866       0.284142      -0.332334       0.028636       0.056679
       0.974500       0.564283       0.422968       0.012750       0.293120      -0.323114       0.031691       0.058722
       0.999500       0.551092       0.435246       0.013662       0.301815      -0.313041       0.034851       0.060652
       1.024500       0.538335       0.447063       0.014603       0.310198      -0.302151       0.038105       0.062457
       1.049500       0.526042       0.458389       0.015569       0.318240      -0.290484       0.041444       0.064126
       1.074500       0.514246       0.469195       0.016560       0.325915      -0.278079       0.044856       0.065650
       1.099500       0.502975       0.479452       0.017573       0.333196      -0.264982       0.048331       0.067018
       1.124500       0.492258       0.489136       0.018607       0.340061      -0.251239       0.051857       0.068221
       1.149500       0.482119       0.498224       0.019658       0.346490      -0.236896       0.055420       0.069251
       1.174500       0.472583       0.506694       0.020724       0.352466      -0.222000       0.059008       0.070100
       1.199500       0.463670       0.514527       0.021803       0.357978      -0.206599       0.062606       0.070762
       1.224500       0.455401       0.521706       0.022893       0.363015      -0.190738       0.066199       0.071232
       1.249500       0.447794       0.528215       0.023991       0.367570      -0.174465       0.069773       0.071508
       1.274500       0.440864       0.534042       0.025094       0.371637      -0.157827       0.073311       0.071586
       1.299500       0.434626       0.539175       0.026199       0.375213      -0.140871       0.076798       0.071465
       1.324500       0.429090       0.543605       0.027305       0.378292      -0.123646       0.080220       0.071144
       1.349500       0.424268       0.547325       0.028407       0.380874      -0.106203       0.083560       0.070626
       1.374500       0.420167       0.550330       0.029504       0.382955      -0.088594       0.086805       0.069910
       1.399500       0.416791       0.552616       0.030593       0.384534      -0.070874       0.089938       0.069000
       1.424500       0.414146       0.554184       0.031671       0.385611      -0.053100       0.092947       0.067898
       1.449500       0.412231       0.555034       0.032735       0.386188      -0.035330       0.095818       0.066608
       1.474500       0.411045       0.555172       0.033784       0.386269      -0.017621       0.098537       0.065136
       1.499500       0.410584       0.554603       0.034814       0.385860      -0.000031       0.101092       0.063487
       1.524500       0.410842       0.553335       0.035824       0.384972       0.017385       0.103472       0.061668
       1.549500       0.411810       0.551381       0.036810       0.383615       0.034574       0.105666       0.059687
       1.574500       0.413479       0.548751       0.037770       0.381803       0.051488       0.107667       0.057554
       1.599500       0.415836       0.545461       0.038703       0.379549       0.068084       0.109465       0.055278
       1.624500       0.418866       0.541527       0.039607       0.376869       0.084322       0.111053       0.052870
       1.649500       0.422555       0.536966       0.040479       0.373778       0.100165       0.112427       0.050341
       1.674500       0.426885       0.531796       0.041319       0.370291       0.115581       0.113579       0.047703
       1.699500       0.431838       0.526038       0.042124       0.366423       0.130538       0.114505       0.044967
       1.724500       0.437395       0.519713       0.042893       0.362191       0.145007       0.115202       0.042147
       1.749500       0.443534       0.512841       0.043625       0.357612       0.158956       0.115666       0.039256
       1.774500       0.450234       0.505447       0.044319       0.352704       0.172355       0.115894       0.036307
       1.799500       0.457472       0.497555       0.044974       0.347488       0.185173       0.115885       0.033315
       1.824500       0.465222       0.489189       0.045589       0.341986       0.197376       0.115637       0.030292
       1.849500       0.473459       0.480376       0.046165       0.336225       0.208933       0.115152       0.027254
       1.874500       0.482156       0.471144       0.046700       0.330229       0.219812       0.114432       0.024214
       1.899500       0.491284       0.461521       0.047195       0.324029       0.229985       0.113479       0.021186
       1.924500       0.500814       0.451536       0.047650       0.317651       0.239425       0.112298       0.018184
       1.949500       0.510715       0.441221       0.048064       0.311125       0.248110       0.110894       0.015221
       1.974500       0.520957       0.430604       0.048439       0.304476       0.256025       0.109276       0.012311
       1.999500       0.531506       0.419719       0.048775       0.297731       0.263159       0.107452       0.009466
       2.024500       0.542331       0.408596       0.049073       0.290911       0.269505       0.105432       0.006699
       2.049500       0.553400       0.397267       0.049333       0.284035       0.275064       0.103228       0.004021
       2.074500       0.564681       0.385762       0.049557       0.277121       0.279839       0.100851       0.001443
       2.099500       0.576142       0.374113       0.049746       0.270184       0.283837       0.098312      -0.001025
       2.124500       0.587750       0.362350       0.049901       0.263237       0.287067       0.095624      -0.003375
       2.149500       0.599475       0.350501       0.050024       0.256296       0.289539       0.092800      -0.005598
       2.174500       0.611286       0.338598       0.050116       0.249376       0.291264       0.089851      -0.007686
       2.199500       0.623153       0.326668       0.050179       0.242496       0.292249       0.086791      -0.009632
       2.224500       0.635046       0.314739       0.050216       0.235676       0.292505       0.083633      -0.011429
       2.249500       0.646934       0.302840       0.050227       0.228939       0.292038       0.080390      -0.013072
       2.274500       0.658789       0.290998       0.050214       0.222310       0.290855       0.077077      -0.014555
       2.299500       0.670581       0.279239       0.050180       0.215818       0.288965       0.073708      -0.015876
       2.324500       0.682282       0.267591       0.050127       0.209488       0.286376       0.070297      -0.017031
       2.349500       0.693864       0.256079       0.050057       0.203347       0.283099       0.066859      -0.018019
       2.374500       0.705298       0.244731       0.049972       0.197418       0.279147       0.063408      -0.018841
       2.399500       0.716557       0.233569       0.049874       0.191720       0.274539       0.059958      -0.019498
       2.424500       0.727616       0.222620       0.049765       0.186269       0.269295       0.056522      -0.019991
       2.449500       0.738448       0.211906       0.049647       0.181076       0.263441       0.053114      -0.020325
       2.474500       0.749029       0.201450       0.049522       0.176148       0.257005       0.049746      -0.020500
       2.499500       0.759336       0.191272       0.049392       0.171489       0.250018       0.046429      -0.020523
       2.524500       0.769348       0.181394       0.049259       0.167099       0.242513       0.043174      -0.020395
       2.549500       0.779043       0.171832       0.049125       0.162980       0.234524       0.039992      -0.020122
       2.574500       0.788403       0.162605       0.048992       0.159130       0.226087       0.036894      -0.019708
       2.599500       0.797411       0.153728       0.048862       0.155550       0.217236       0.033888      -0.019156
       2.624500       0.806049       0.145216       0.048735       0.152245       0.208003       0.030984      -0.018473
       2.649500       0.814303       0.137082       0.048616       0.149219       0.198420       0.028190      -0.017664
       2.674500       0.822159       0.129338       0.048503       0.146481       0.188517       0.025515      -0.016736
       2.699500       0.829605       0.121995       0.048401       0.144041       0.178322       0.022966      -0.015698
       2.724500       0.836630       0.115062       0.048309       0.141910       0.167862       0.020550      -0.014558
       2.749500       0.843222       0.108550       0.048229       0.140099       0.157164       0.018271      -0.013326
       2.774500       0.849373       0.102465       0.048163       0.138618       0.146254       0.016135      -0.012011
       2.799500       0.855074       0.096816       0.048111       0.137477       0.135159       0.014145      -0.010624
       2.824500       0.860319       0.091608       0.048074       0.136679       0.123906       0.012304      -0.009174
       2.849500       0.865101       0.086846       0.048053       0.136228       0.112524       0.010613      -0.007671
       2.874500       0.869417       0.082534       0.048050       0.136124       0.101043       0.009073      -0.006124
       2.899500       0.873261       0.078676       0.048064       0.136364       0.089494       0.007684      -0.004539
       2.924500       0.876633       0.075272       0.048096       0.136944       0.077911       0.006446      -0.002925
       2.949500       0.879532       0.072323       0.048146       0.137856       0.066328       0.005360      -0.001289
       2.974500       0.881957       0.069828       0.048215       0.139093       0.054779       0.004424       0.000362
       2.999500       0.883912       0.067785       0.048304       0.140648       0.043300       0.003636       0.002023
       3.024500       0.885399       0.066190       0.048411       0.142512       0.031924       0.002997       0.003686
       3.049500       0.886424       0.065038       0.048538       0.144677       0.020684       0.002502       0.005346
       3.074500       0.886992       0.064324       0.048685       0.147134       0.009611       0.002151       0.006995
       3.099500       0.887111       0.064039       0.048851       0.149875      -0.001263       0.001939       0.008628
       3.124500       0.886790       0.064175       0.049036       0.152892      -0.011912       0.001863       0.010237
       3.149500       0.886037       0.064723       0.049241       0.156177      -0.022310       0.001918       0.011819
       3.174500       0.884864       0.065672       0.049465       0.159718      -0.032432       0.002099       0.013365
       3.199500       0.883283       0.067011       0.049708       0.163507      -0.042255       0.002399       0.014870
       3.224500       0.881305       0.068727       0.049969       0.167531      -0.051759       0.002811       0.016330
       3.249500       0.878944       0.070809       0.050248       0.171777      -0.060923       0.003327       0.017739
       3.274500       0.876215       0.073242       0.050544       0.176231      -0.069730       0.003939       0.019093
       3.299500       0.873132       0.076012       0.050858       0.180878      -0.078162       0.004640       0.020389
       3.324500       0.869710       0.079103       0.051187       0.185703      -0.086204       0.005421       0.021624
       3.349500       0.865967       0.082502       0.051533       0.190690      -0.093842       0.006275       0.022795
       3.374500       0.861918       0.086190       0.051893       0.195821      -0.101062       0.007195       0.023902
       3.399500       0.857580       0.090153       0.052267       0.201082      -0.107853       0.008175       0.024942
       3.424500       0.852973       0.094372       0.052656       0.206456      -0.114204       0.009207       0.025915
       3.449500       0.848113       0.098831       0.053057       0.211928      -0.120107       0.010286       0.026821
       3.474500       0.843019       0.103512       0.053470       0.217482      -0.125553       0.011405       0.027658
       3.499500       0.837710       0.108397       0.053894       0.223103      -0.130536       0.012558       0.028426
       3.524500       0.832204       0.113467       0.054330       0.228775      -0.135050       0.013739       0.029126
       3.549500       0.826522       0.118704       0.054775       0.234484      -0.139093       0.014940       0.029756
       3.574500       0.820681       0.124090       0.055229       0.240214      -0.142659       0.016156       0.030319
       3.599500       0.814703       0.129605       0.055692       0.245950      -0.145745       0.017380       0.030815
       3.624500       0.808606       0.135232       0.056163       0.251677      -0.148349       0.018604       0.031248
       3.649500       0.802410       0.140950       0.056641       0.257382      -0.150469       0.019822       0.031620
       3.674500       0.796135       0.146741       0.057125       0.263050      -0.152101       0.021028       0.031935
       3.699500       0.789801       0.152584       0.057616       0.268669      -0.153244       0.022217       0.032198
       3.724500       0.783428       0.158462       0.058111       0.274224      -0.153896       0.023384       0.032412
       3.749500       0.777035       0.164353       0.058612       0.279704      -0.154058       0.024523       0.032582
       3.774500       0.770644       0.170239       0.059118       0.285096      -0.153731       0.025633       0.032712
       3.799500       0.764274       0.176100       0.059627       0.290387      -0.152920       0.026710       0.032807
       3.824500       0.757944       0.181916       0.060141       0.295564      -0.151633       0.027750       0.032869
       3.849500       0.751674       0.187669       0.060658       0.300611      -0.149881       0.028753       0.032904
       3.874500       0.745483       0.193339       0.061179       0.305515      -0.147681       0.029716       0.032913
       3.899500       0.739388       0.198910       0.061703       0.310260      -0.145054       0.030636       0.032901
       3.924500       0.733406       0.204364       0.062230       0.314831      -0.142024       0.031513       0.032870
       3.949500       0.727554       0.209686       0.062761       0.319213      -0.138619       0.032345       0.032825
       3.974500       0.721846       0.214861       0.063294       0.323392      -0.134871       0.033130       0.032768
       3.999500       0.716295       0.219875       0.063831       0.327356      -0.130811       0.033868       0.032704
       4.024500       0.710914       0.224717       0.064370       0.331095      -0.126470       0.034558       0.032635
       4.049500       0.705714       0.229374       0.064913       0.334603      -0.121876       0.035201       0.032565
       4.074500       0.700704       0.233839       0.065458       0.337875      -0.117054       0.035798       0.032496
       4.099500       0.695893       0.238100       0.066007       0.340910      -0.112024       0.036349       0.032431
       4.124500       0.691291       0.242151       0.066559       0.343708      -0.106802       0.036856       0.032372
       4.149500       0.686903       0.245983       0.067115       0.346272      -0.101398       0.037320       0.032320
       4.174500       0.682738       0.249589       0.067674       0.348604      -0.095819       0.037742       0.032278
       4.199500       0.678802       0.252961       0.068237       0.350708      -0.090070       0.038124       0.032246
       4.224500       0.675104       0.256093       0.068804       0.352588      -0.084154       0.038468       0.032225
       4.249500       0.671648       0.258977       0.069375       0.354246      -0.078075       0.038777       0.032217
       4.274500       0.668443       0.261607       0.069951       0.355682      -0.071842       0.039051       0.032221
       4.299500       0.665494       0.263976       0.070531       0.356898      -0.065466       0.039294       0.032238
       4.324500       0.662806       0.266079       0.071116       0.357892      -0.058963       0.039506       0.032267
       4.349500       0.660385       0.267910       0.071705       0.358665      -0.052356       0.039692       0.032309
       4.374500       0.658235       0.269466       0.072300       0.359214      -0.045670       0.039851       0.032362
       4.399500       0.656357       0.270744       0.072900       0.359539      -0.038936       0.039987       0.032426
       4.424500       0.654754       0.271742       0.073505       0.359642      -0.032187       0.040101       0.032500
       4.449500       0.653425       0.272461       0.074116       0.359526      -0.025457       0.040195       0.032584
       4.474500       0.652368       0.272901       0.074732       0.359194      -0.018778       0.040270       0.032676
       4.499500       0.651582       0.273065       0.075353       0.358653      -0.012182       0.040329       0.032775
       4.524500       0.651063       0.272958       0.075980       0.357911      -0.005694       0.040373       0.032880
       4.549500       0.650804       0.272583       0.076613       0.356978       0.000662       0.040402       0.032989
       4.574500       0.650802       0.271948       0.077251       0.355863       0.006870       0.040419       0.033101
       4.599500       0.651048       0.271058       0.077895       0.354576       0.012917       0.040423       0.033214
       4.624500       0.651538       0.269919       0.078544       0.353128       0.018793       0.040414       0.033326
       4.649500       0.652262       0.268540       0.079199       0.351528       0.024491       0.040394       0.033438
       4.674500       0.653215       0.266928       0.079858       0.349786       0.030008       0.040363       0.033548
       4.699500       0.654388       0.265090       0.080523       0.347908       0.035337       0.040321       0.033655
       4.724500       0.655774       0.263034       0.081192       0.345905       0.040473       0.040269       0.033758
       4.749500       0.657365       0.260769       0.081867       0.343784       0.045408       0.040209       0.033856
       4.774500       0.659153       0.258303       0.082546       0.341554       0.050132       0.040140       0.033946
       4.799500       0.661128       0.255645       0.083229       0.339224       0.054634       0.040063       0.034027
       4.824500       0.663281       0.252804       0.083916       0.336803       0.058901       0.039979       0.034096
       4.849500       0.665602       0.249792       0.084607       0.334304       0.062922       0.039886       0.034152
       4.874500       0.668082       0.246618       0.085301       0.331737       0.066686       0.039786       0.034193
       4.899500       0.670709       0.243293       0.085999       0.329112       0.070184       0.039677       0.034217
       4.924500       0.673472       0.239830       0.086699       0.326442       0.073411       0.039560       0.034222
       4.949500       0.676361       0.236238       0.087402       0.323736       0.076364       0.039435       0.034209
       4.974500       0.679364       0.232531       0.088106       0.321004       0.079044       0.039301       0.034175
       4.999500       0.682470       0.228719       0.088812       0.318254       0.081456       0.039159       0.034121
       5.024500       0.685668       0.224814       0.089519       0.315495       0.083603       0.039007       0.034047
       5.049500       0.688947       0.220827       0.090227       0.312732       0.085495       0.038845       0.033952
       5.074500       0.692298       0.216768       0.090935       0.309971       0.087139       0.038673       0.033839
       5.099500       0.695710       0.212648       0.091642       0.307217       0.088542       0.038489       0.033708
       5.124500       0.699174       0.208478       0.092350       0.304475       0.089708       0.038294       0.033559
       5.149500       0.702679       0.204266       0.093056       0.301752       0.090642       0.038086       0.033395
       5.174500       0.706217       0.200022       0.093762       0.299054       0.091343       0.037864       0.033215
       5.199500       0.709778       0.195758       0.094466       0.296389       0.091809       0.037629       0.033021
       5.224500       0.713351       0.191482       0.095168       0.293765       0.092037       0.037380       0.032814
       5.249500       0.716929       0.187204       0.095868       0.291192       0.092023       0.037115       0.032594
       5.274500       0.720499       0.182936       0.096566       0.288680       0.091761       0.036834       0.032363
       5.299500       0.724053       0.178687       0.097261       0.286239       0.091248       0.036536       0.032122
       5.324500       0.727580       0.174468       0.097953       0.283876       0.090482       0.036220       0.031874
       5.349500       0.731069       0.170289       0.098643       0.281599       0.089464       0.035887       0.031621
       5.374500       0.734511       0.166161       0.099329       0.279414       0.088197       0.035536       0.031366
       5.399500       0.737895       0.162095       0.100012       0.277326       0.086686       0.035169       0.031111
       5.424500       0.741211       0.158099       0.100691       0.275338       0.084943       0.034787       0.030859
       5.449500       0.744451       0.154184       0.101367       0.273455       0.082979       0.034392       0.030613
       5.474500       0.747605       0.150357       0.102039       0.271677       0.080810       0.033987       0.030374
       5.499500       0.750666       0.146628       0.102707       0.270008       0.078451       0.033574       0.030145
       5.524500       0.753626       0.143003       0.103372       0.268449       0.075921       0.033155       0.029924
       5.549500       0.756479       0.139488       0.104034       0.267001       0.073236       0.032732       0.029714
       5.574500       0.759218       0.136091       0.104692       0.265664       0.070414       0.032306       0.029513
       5.599500       0.761839       0.132816       0.105347       0.264439       0.067471       0.031879       0.029322
       5.624500       0.764337       0.129667       0.105998       0.263327       0.064421       0.031451       0.029141
       5.649500       0.766707       0.126648       0.106646       0.262328       0.061276       0.031022       0.028968
       5.674500       0.768947       0.123764       0.107290       0.261442       0.058048       0.030593       0.028806
       5.699500       0.771052       0.121017       0.107932       0.260669       0.054748       0.030164       0.028655
       5.724500       0.773021       0.118410       0.108570       0.260009       0.051387       0.029734       0.028515
       5.749500       0.774851       0.115944       0.109205       0.259461       0.047973       0.029304       0.028390
       5.774500       0.776541       0.113622       0.109838       0.259025       0.044519       0.028876       0.028282
       5.799500       0.778088       0.111446       0.110468       0.258699       0.041033       0.028451       0.028192
       5.824500       0.779492       0.109414       0.111095       0.258481       0.037527       0.028032       0.028121
       5.849500       0.780752       0.107529       0.111720       0.258369       0.034011       0.027622       0.028072
       5.874500       0.781869       0.105789       0.112343       0.258362       0.030494       0.027224       0.028045
       5.899500       0.782842       0.104195       0.112964       0.258458       0.026984       0.026841       0.028038
       5.924500       0.783671       0.102746       0.113584       0.258653       0.023488       0.026476       0.028052
       5.949500       0.784359       0.101440       0.114202       0.258947       0.020012       0.026132       0.028084
       5.974500       0.784905       0.100277       0.114819       0.259338       0.016560       0.025809       0.028133
       5.999500       0.785311       0.099255       0.115436       0.259824       0.013133       0.025508       0.028198
       6.024500       0.785577       0.098373       0.116051       0.260403       0.009734       0.025231       0.028278
       6.049500       0.785706       0.097630       0.116666       0.261073       0.006365       0.024978       0.028371
       6.074500       0.785698       0.097023       0.117280       0.261832       0.003027       0.024748       0.028477
       6.099500       0.785555       0.096553       0.117894       0.262678      -0.000277       0.024541       0.028595
       6.124500       0.785278       0.096216       0.118507       0.263608      -0.003543       0.024357       0.028724
       6.149500       0.784869       0.096011       0.119121       0.264619      -0.006763       0.024195       0.028865
       6.174500       0.784331       0.095936       0.119734       0.265706      -0.009930       0.024057       0.029017
       6.199500       0.783665       0.095989       0.120347       0.266867      -0.013030       0.023943       0.029181
       6.224500       0.782876       0.096165       0.120961       0.268096      -0.016049       0.023852       0.029355
       6.249500       0.781966       0.096461       0.121574       0.269390      -0.018973       0.023785       0.029540
       6.274500       0.780939       0.096874       0.122188       0.270745      -0.021783       0.023744       0.029734
       6.299500       0.779802       0.097397       0.122803       0.272155      -0.024465       0.023728       0.029934
       6.324500       0.778559       0.098025       0.123418       0.273616      -0.027003       0.023738       0.030141
       6.349500       0.777217       0.098751       0.124033       0.275123      -0.029387       0.023774       0.030350
       6.374500       0.775782       0.099570       0.124650       0.276671      -0.031607       0.023838       0.030561
       6.399500       0.774261       0.100474       0.125267       0.278255      -0.033662       0.023928       0.030771
       6.424500       0.772660       0.101456       0.125885       0.279870      -0.035549       0.024045       0.030978
       6.449500       0.770987       0.102510       0.126504       0.281509      -0.037274       0.024188       0.031180
       6.474500       0.769248       0.103629       0.127124       0.283167      -0.038843       0.024358       0.031373
       6.499500       0.767450       0.104807       0.127744       0.284839      -0.040262       0.024553       0.031558
       6.524500       0.765598       0.106038       0.128366       0.286518      -0.041542       0.024773       0.031730
       6.549500       0.763697       0.107317       0.128987       0.288199      -0.042688       0.025015       0.031891
       6.574500       0.761754       0.108638       0.129609       0.289875      -0.043709       0.025279       0.032037
       6.599500       0.759773       0.109997       0.130232       0.291543      -0.044606       0.025562       0.032168
       6.624500       0.757759       0.111389       0.130854       0.293196      -0.045382       0.025863       0.032285
       6.649500       0.755717       0.112808       0.131476       0.294833      -0.046035       0.026181       0.032386
       6.674500       0.753653       0.114251       0.132098       0.296448      -0.046559       0.026512       0.032470
       6.699500       0.751571       0.115711       0.132719       0.298040      -0.046950       0.026857       0.032538
       6.724500       0.749478       0.117184       0.133339       0.299605      -0.047201       0.027213       0.032588
       6.749500       0.747379       0.118664       0.133958       0.301141      -0.047307       0.027577       0.032619
       6.774500       0.745280       0.120145       0.134577       0.302645      -0.047264       0.027948       0.032630
       6.799500       0.743187       0.121620       0.135194       0.304115      -0.047071       0.028322       0.032621
       6.824500       0.741107       0.123085       0.135809       0.305547      -0.046732       0.028697       0.032590
       6.849500       0.739045       0.124534       0.136422       0.306939      -0.046253       0.029070       0.032538
       6.874500       0.737006       0.125961       0.137034       0.308289      -0.045645       0.029437       0.032463
       6.899500       0.734996       0.127362       0.137644       0.309593      -0.044922       0.029796       0.032368
       6.924500       0.733018       0.128732       0.138251       0.310850      -0.044099       0.030145       0.032252
       6.949500       0.731077       0.130069       0.138855       0.312057      -0.043194       0.030481       0.032116
       6.974500       0.729176       0.131369       0.139457       0.313211      -0.042223       0.030804       0.031962
       6.999500       0.727316       0.132630       0.140056       0.314310      -0.041201       0.031111       0.031791
       7.024500       0.725500       0.133850       0.140651       0.315353      -0.040138       0.031402       0.031605
       7.049500       0.723730       0.135029       0.141243       0.316339      -0.039043       0.031676       0.031404
       7.074500       0.722005       0.136164       0.141832       0.317267      -0.037918       0.031934       0.031189
       7.099500       0.720329       0.137256       0.142416       0.318138      -0.036761       0.032176       0.030961
       7.124500       0.718701       0.138303       0.142997       0.318954      -0.035569       0.032401       0.030721
       7.149500       0.717124       0.139303       0.143574       0.319715      -0.034332       0.032609       0.030468
       7.174500       0.715600       0.140255       0.144147       0.320423      -0.033042       0.032801       0.030202
       7.199500       0.714130       0.141156       0.144715       0.321081      -0.031688       0.032975       0.029925
       7.224500       0.712718       0.142004       0.145279       0.321688      -0.030260       0.033130       0.029636
       7.249500       0.711367       0.142795       0.145839       0.322246      -0.028753       0.033265       0.029339
       7.274500       0.710080       0.143527       0.146394       0.322755      -0.027161       0.033380       0.029033
       7.299500       0.708861       0.144196       0.146944       0.323214      -0.025485       0.033472       0.028720
       7.324500       0.707712       0.144798       0.147491       0.323620      -0.023728       0.033541       0.028402
       7.349500       0.706638       0.145331       0.148032       0.323972      -0.021897       0.033585       0.028079
       7.374500       0.705640       0.145792       0.148569       0.324267      -0.020004       0.033603       0.027754
       7.399500       0.704721       0.146178       0.149102       0.324502      -0.018061       0.033593       0.027428
       7.424500       0.703883       0.146488       0.149631       0.324676      -0.016082       0.033553       0.027102
       7.449500       0.703126       0.146720       0.150155       0.324787      -0.014084       0.033483       0.026779
       7.474500       0.702451       0.146874       0.150675       0.324836      -0.012079       0.033383       0.026460
       7.499500       0.701859       0.146951       0.151192       0.324822      -0.010081       0.033255       0.026150
       7.524500       0.701349       0.146949       0.151704       0.324748      -0.008102       0.033100       0.025848
       7.549500       0.700919       0.146870       0.152213       0.324615      -0.006152       0.032921       0.025555
       7.574500       0.700568       0.146716       0.152718       0.324427      -0.004239       0.032719       0.025273
       7.599500       0.700294       0.146488       0.153219       0.324186      -0.002370       0.032498       0.025001
       7.624500       0.700097       0.146187       0.153718       0.323896      -0.000552       0.032259       0.024739
       7.649500       0.699972       0.145816       0.154213       0.323561       0.001207       0.032004       0.024486
       7.674500       0.699919       0.145378       0.154705       0.323184       0.002904       0.031734       0.024241
       7.699500       0.699933       0.144874       0.155195       0.322769       0.004530       0.031449       0.024005
       7.724500       0.700012       0.144308       0.155681       0.322319       0.006081       0.031151       0.023778
       7.749500       0.700154       0.143682       0.156165       0.321838       0.007551       0.030839       0.023561
       7.774500       0.700354       0.143001       0.156646       0.321329       0.008936       0.030513       0.023354
       7.799500       0.700609       0.142268       0.157125       0.320795       0.010234       0.030173       0.023159
       7.824500       0.700915       0.141485       0.157602       0.320238       0.011443       0.029821       0.022977
       7.849500       0.701269       0.140656       0.158076       0.319664       0.012565       0.029458       0.022809
       7.874500       0.701667       0.139786       0.158549       0.319074       0.013604       0.029085       0.022658
       7.899500       0.702106       0.138876       0.159020       0.318472       0.014565       0.028704       0.022522
       7.924500       0.702583       0.137930       0.159489       0.317861       0.015456       0.028317       0.022403
       7.949500       0.703094       0.136949       0.159958       0.317242       0.016286       0.027927       0.022300
       7.974500       0.703639       0.135937       0.160425       0.316617       0.017063       0.027536       0.022211
       7.999500       0.704215       0.134896       0.160891       0.315988       0.017794       0.027144       0.022135
       8.024500       0.704819       0.133825       0.161357       0.315353       0.018486       0.026753       0.022069
       8.049500       0.705451       0.132728       0.161822       0.314715       0.019145       0.026362       0.022014
       8.074500       0.706109       0.131605       0.162288       0.314073       0.019772       0.025970       0.021969
       8.099500       0.706792       0.130457       0.162752       0.313427       0.020366       0.025577       0.021934
       8.124500       0.707498       0.129286       0.163217       0.312778       0.020924       0.025182       0.021909
       8.149500       0.708226       0.128093       0.163682       0.312127       0.021441       0.024786       0.021897
       8.174500       0.708974       0.126880       0.164148       0.311475       0.021910       0.024388       0.021898
       8.199500       0.709740       0.125648       0.164613       0.310824       0.022323       0.023990       0.021915
       8.224500       0.710522       0.124400       0.165080       0.310175       0.022674       0.023593       0.021948
       8.249500       0.711316       0.123139       0.165547       0.309529       0.022957       0.023199       0.021998
       8.274500       0.712120       0.121866       0.166015       0.308889       0.023168       0.022810       0.022063
       8.299500       0.712931       0.120585       0.166485       0.308255       0.023305       0.022429       0.022143
       8.324500       0.713747       0.119299       0.166956       0.307628       0.023368       0.022057       0.022237
       8.349500       0.714563       0.118010       0.167429       0.307009       0.023361       0.021695       0.022342
       8.374500       0.715377       0.116721       0.167903       0.306398       0.023285       0.021344       0.022456
       8.399500       0.716186       0.115435       0.168380       0.305795       0.023145       0.021006       0.022576
       8.424500       0.716988       0.114154       0.168859       0.305202       0.022944       0.020680       0.022700
       8.449500       0.717781       0.112881       0.169339       0.304619       0.022685       0.020366       0.022824
       8.474500       0.718561       0.111619       0.169822       0.304047       0.022370       0.020065       0.022946
       8.499500       0.719327       0.110368       0.170307       0.303490       0.021998       0.019776       0.023066
       8.524500       0.720076       0.109132       0.170793       0.302948       0.021568       0.019498       0.023182
       8.549500       0.720806       0.107914       0.171282       0.302426       0.021076       0.019231       0.023294
       8.574500       0.721514       0.106716       0.171772       0.301927       0.020519       0.018976       0.023403
       8.599500       0.722197       0.105541       0.172264       0.301453       0.019894       0.018731       0.023509
       8.624500       0.722854       0.104391       0.172757       0.301008       0.019197       0.018497       0.023614
       8.649500       0.723479       0.103270       0.173252       0.300594       0.018429       0.018275       0.023718
       8.674500       0.724072       0.102181       0.173749       0.300214       0.017591       0.018063       0.023823
       8.699500       0.724629       0.101126       0.174247       0.299869       0.016688       0.017863       0.023929
       8.724500       0.725147       0.100108       0.174746       0.299560       0.015728       0.017673       0.024037
       8.749500       0.725625       0.099130       0.175247       0.299287       0.014720       0.017494       0.024146
       8.774500       0.726060       0.098192       0.175750       0.299050       0.013674       0.017324       0.024256
       8.799500       0.726452       0.097296       0.176253       0.298849       0.012604       0.017164       0.024368
       8.824500       0.726799       0.096444       0.176759       0.298682       0.011520       0.017011       0.024480
       8.849500       0.727102       0.095634       0.177266       0.298550       0.010434       0.016867       0.024593
       8.874500       0.727360       0.094868       0.177774       0.298450       0.009354       0.016729       0.024706
       8.899500       0.727574       0.094144       0.178284       0.298381       0.008286       0.016599       0.024819
       8.924500       0.727744       0.093463       0.178795       0.298342       0.007231       0.016475       0.024931
       8.949500       0.727871       0.092823       0.179307       0.298334       0.006188       0.016359       0.025043
       8.974500       0.727956       0.092225       0.179821       0.298355       0.005155       0.016249       0.025153
       8.999500       0.727998       0.091667       0.180336       0.298406       0.004124       0.016148       0.025261
       9.024500       0.727998       0.091151       0.180853       0.298486       0.003091       0.016055       0.025368
       9.049500       0.727955       0.090676       0.181371       0.298596       0.002051       0.015971       0.025473
       9.074500       0.727869       0.090242       0.181890       0.298736       0.001000       0.015897       0.025576
       9.099500       0.727740       0.089851       0.182411       0.298904      -0.000061       0.015833       0.025678
       9.124500       0.727567       0.089503       0.182932       0.299101      -0.001128       0.015781       0.025778
       9.149500       0.727350       0.089196       0.183455       0.299323      -0.002194       0.015741       0.025876
       9.174500       0.727089       0.088933       0.183979       0.299570      -0.003248       0.015713       0.025971
       9.199500       0.726786       0.088711       0.184505       0.299840      -0.004277       0.015698       0.026062
       9.224500       0.726441       0.088529       0.185031       0.300131      -0.005268       0.015696       0.026148
       9.249500       0.726057       0.088387       0.185558       0.300441      -0.006206       0.015706       0.026229
       9.274500       0.725635       0.088280       0.186087       0.300768      -0.007078       0.015727       0.026302
       9.299500       0.725179       0.088207       0.186616       0.301110      -0.007876       0.015758       0.026367
       9.324500       0.724691       0.088165       0.187146       0.301466      -0.008594       0.015796       0.026423
       9.349500       0.724176       0.088150       0.187676       0.301832      -0.009231       0.015841       0.026470
       9.374500       0.723636       0.088158       0.188207       0.302206      -0.009792       0.015889       0.026508
       9.399500       0.723075       0.088189       0.188739       0.302586      -0.010285       0.015940       0.026537
       9.424500       0.722494       0.088238       0.189270       0.302968      -0.010725       0.015991       0.026557
       9.449500       0.721896       0.088304       0.189802       0.303352      -0.011125       0.016044       0.026568
       9.474500       0.721282       0.088386       0.190334       0.303733      -0.011504       0.016095       0.026570
       9.499500       0.720653       0.088483       0.190866       0.304112      -0.011878       0.016146       0.026564
       9.524500       0.720008       0.088596       0.191397       0.304488      -0.012261       0.016195       0.026549
       9.549500       0.719347       0.088726       0.191928       0.304861      -0.012666       0.016243       0.026526
       9.574500       0.718669       0.088874       0.192459       0.305231      -0.013099       0.016288       0.026496
       9.599500       0.717973       0.089040       0.192989       0.305600      -0.013562       0.016331       0.026457
       9.624500       0.717257       0.089227       0.193518       0.305969      -0.014053       0.016370       0.026411
       9.649500       0.716521       0.089435       0.194046       0.306340      -0.014566       0.016404       0.026359
       9.674500       0.715763       0.089666       0.194573       0.306713      -0.015089       0.016432       0.026300
       9.699500       0.714984       0.089919       0.195099       0.307090      -0.015611       0.016452       0.026236
       9.724500       0.714184       0.090194       0.195624       0.307472      -0.016118       0.016463       0.026169
       9.749500       0.713364       0.090491       0.196147       0.307859      -0.016595       0.016465       0.026100
       9.774500       0.712526       0.090807       0.196669       0.308253      -0.017029       0.016455       0.026031
       9.799500       0.711671       0.091142       0.197189       0.308652      -0.017409       0.016436       0.025962
       9.824500       0.710802       0.091491       0.197709       0.309056      -0.017726       0.016406       0.025894
       9.849500       0.709921       0.091854       0.198227       0.309464      -0.017974       0.016368       0.025829
       9.874500       0.709032       0.092226       0.198744       0.309874      -0.018148       0.016323       0.025767
       9.899500       0.708137       0.092605       0.199260       0.310283      -0.018246       0.016273       0.025706
       9.924500       0.707240       0.092987       0.199775       0.310689      -0.018268       0.016219       0.025649
       9.949500       0.706344       0.093369       0.200289       0.311088      -0.018215       0.016162       0.025593
       9.974500       0.705452       0.093748       0.200802       0.311477      -0.018089       0.016103       0.025539
       9.999500       0.704567       0.094121       0.201314       0.311853      -0.017891       0.016043       0.025486
      10.024500       0.703691       0.094486       0.201825       0.312213      -0.017625       0.015980       0.025437
      10.049500       0.702827       0.094839       0.202336       0.312556      -0.017296       0.015916       0.025391
      10.074500       0.701979       0.095177       0.202846       0.312879      -0.016907       0.015851       0.025350
      10.099500       0.701148       0.095499       0.203355       0.313182      -0.016465       0.015784       0.025315
      10.124500       0.700336       0.095802       0.203863       0.313464      -0.015976       0.015716       0.025287
      10.149500       0.699546       0.096085       0.204371       0.313725      -0.015447       0.015648       0.025267
      10.174500       0.698778       0.096345       0.204879       0.313965      -0.014886       0.015580       0.025255
      10.199500       0.698034       0.096582       0.205386       0.314184      -0.014302       0.015513       0.025251
      10.224500       0.697314       0.096794       0.205894       0.314382      -0.013705       0.015446       0.025255
      10.249500       0.696620       0.096981       0.206401       0.314559      -0.013102       0.015381       0.025267
      10.274500       0.695951       0.097143       0.206908       0.314716      -0.012502       0.015318       0.025288
      10.299500       0.695306       0.097280       0.207416       0.314853      -0.011911       0.015258       0.025315
      10.324500       0.694685       0.097393       0.207924       0.314969      -0.011335       0.015201       0.025349
      10.349500       0.694088       0.097482       0.208432       0.315065      -0.010776       0.015149       0.025388
      10.374500       0.693514       0.097547       0.208941       0.315141      -0.010235       0.015103       0.025429
      10.399500       0.692962       0.097590       0.209450       0.315198      -0.009711       0.015063       0.025472
      10.424500       0.692431       0.097610       0.209960       0.315237      -0.009198       0.015030       0.025515
      10.449500       0.691922       0.097609       0.210471       0.315257      -0.008694       0.015004       0.025554
      10.474500       0.691433       0.097587       0.210982       0.315261      -0.008193       0.014985       0.025589
      10.499500       0.690965       0.097544       0.211493       0.315247      -0.007689       0.014972       0.025618
      10.524500       0.690518       0.097479       0.212005       0.315217      -0.007179       0.014964       0.025639
      10.549500       0.690093       0.097393       0.212517       0.315172      -0.006662       0.014960       0.025651
      10.574500       0.689688       0.097285       0.213029       0.315111      -0.006139       0.014959       0.025653
      10.599500       0.689306       0.097156       0.213541       0.315034      -0.005613       0.014958       0.025646
      10.624500       0.688945       0.097005       0.214052       0.314944      -0.005088       0.014957       0.025628
      10.649500       0.688606       0.096833       0.214564       0.314839      -0.004573       0.014954       0.025601
      10.674500       0.688287       0.096640       0.215075       0.314722      -0.004076       0.014949       0.025565
      10.699500       0.687989       0.096428       0.215586       0.314593      -0.003602       0.014942       0.025521
      10.724500       0.687709       0.096198       0.216096       0.314454      -0.003160       0.014931       0.025469
      10.749500       0.687447       0.095950       0.216605       0.314305      -0.002752       0.014918       0.025409
      10.774500       0.687201       0.095688       0.217113       0.314147      -0.002379       0.014903       0.025343
      10.799500       0.686969       0.095412       0.217620       0.313981      -0.002040       0.014884       0.025271
      10.824500       0.686751       0.095124       0.218127       0.313807      -0.001730       0.014863       0.025192
      10.849500       0.686546       0.094824       0.218632       0.313627      -0.001440       0.014838       0.025107
      10.874500       0.686352       0.094514       0.219136       0.313438      -0.001162       0.014808       0.025016
      10.899500       0.686169       0.094195       0.219639       0.313242      -0.000888       0.014771       0.024920
      10.924500       0.685998       0.093865       0.220140       0.313037      -0.000608       0.014727       0.024819
      10.949500       0.685838       0.093524       0.220640       0.312825      -0.000316       0.014673       0.024715
      10.974500       0.685691       0.093173       0.221138       0.312605      -0.000007       0.014609       0.024608
      10.999500       0.685557       0.092811       0.221635       0.312377       0.000319       0.014532       0.024502
      11.024500       0.685436       0.092436       0.222130       0.312142       0.000661       0.014444       0.024397
      11.049500       0.685330       0.092048       0.222624       0.311900       0.001015       0.014343       0.024294
      11.074500       0.685239       0.091647       0.223117       0.311653       0.001374       0.014231       0.024195
      11.099500       0.685162       0.091232       0.223608       0.311400       0.001727       0.014109       0.024101
      11.124500       0.685099       0.090805       0.224098       0.311142       0.002067       0.013976       0.024012
      11.149500       0.685050       0.090365       0.224587       0.310881       0.002384       0.013835       0.023927
      11.174500       0.685013       0.089914       0.225076       0.310615       0.002671       0.013687       0.023847
      11.199500       0.684987       0.089453       0.225563       0.310347       0.002922       0.013533       0.023770
      11.224500       0.684970       0.088983       0.226049       0.310076       0.003136       0.013373       0.023696
      11.249500       0.684962       0.088507       0.226534       0.309803       0.003313       0.013209       0.023624
      11.274500       0.684960       0.088024       0.227018       0.309528       0.003457       0.013042       0.023556
      11.299500       0.684963       0.087538       0.227501       0.309252       0.003575       0.012871       0.023491
      11.324500       0.684971       0.087048       0.227983       0.308974       0.003674       0.012698       0.023429
      11.349500       0.684983       0.086554       0.228465       0.308695       0.003761       0.012523       0.023372
      11.374500       0.684998       0.086059       0.228946       0.308415       0.003843       0.012348       0.023321
      11.399500       0.685016       0.085560       0.229426       0.308134       0.003925       0.012173       0.023275
      11.424500       0.685038       0.085059       0.229905       0.307852       0.004008       0.012000       0.023236
      11.449500       0.685063       0.084555       0.230384       0.307570       0.004093       0.011829       0.023204
      11.474500       0.685092       0.084047       0.230863       0.307288       0.004176       0.011661       0.023178
      11.499500       0.685124       0.083537       0.231341       0.307006       0.004251       0.011497       0.023159
      11.524500       0.685159       0.083024       0.231819       0.306725       0.004309       0.011337       0.023144
      11.549500       0.685195       0.082510       0.232297       0.306446       0.004340       0.011182       0.023134
      11.574500       0.685232       0.081995       0.232775       0.306169       0.004333       0.011031       0.023128
      11.599500       0.685268       0.081481       0.233253       0.305896       0.004279       0.010884       0.023123
      11.624500       0.685300       0.080971       0.233731       0.305627       0.004167       0.010742       0.023118
      11.649500       0.685327       0.080467       0.234209       0.305366       0.003994       0.010603       0.023113
      11.674500       0.685345       0.079971       0.234686       0.305115       0.003756       0.010469       0.023107
      11.699500       0.685352       0.079487       0.235163       0.304876       0.003455       0.010337       0.023099
      11.724500       0.685345       0.079016       0.235640       0.304650       0.003097       0.010209       0.023090
      11.749500       0.685323       0.078562       0.236117       0.304441       0.002689       0.010085       0.023079
      11.774500       0.685284       0.078125       0.236594       0.304250       0.002243       0.009963       0.023066
      11.799500       0.685225       0.077707       0.237070       0.304076       0.001771       0.009843       0.023052
      11.824500       0.685147       0.077310       0.237545       0.303922       0.001282       0.009726       0.023037
      11.849500       0.685049       0.076933       0.238020       0.303786       0.000788       0.009610       0.023022
      11.874500       0.684931       0.076577       0.238495       0.303669       0.000295       0.009494       0.023008
      11.899500       0.684793       0.076241       0.238969       0.303570      -0.000189       0.009378       0.022995
      11.924500       0.684635       0.075925       0.239443       0.303488      -0.000663       0.009263       0.022984
      11.949500       0.684458       0.075629       0.239916       0.303422      -0.001126       0.009147       0.022976
      11.974500       0.684262       0.075351       0.240389       0.303373      -0.001577       0.009030       0.022972
      11.999500       0.684049       0.075092       0.240862       0.303339      -0.002018       0.008914       0.022970
      12.024500       0.683817       0.074851       0.241334       0.303321      -0.002450       0.008798       0.022972
      12.049500       0.683568       0.074628       0.241806       0.303318      -0.002873       0.008683       0.022976
      12.074500       0.683302       0.074422       0.242278       0.303331      -0.003285       0.008569       0.022982
      12.099500       0.683020       0.074232       0.242750       0.303357      -0.003683       0.008457       0.022990
      12.124500       0.682722       0.074059       0.243222       0.303398      -0.004063       0.008347       0.022999
      12.149500       0.682409       0.073900       0.243694       0.303452      -0.004418       0.008238       0.023008
      12.174500       0.682082       0.073755       0.244165       0.303516      -0.004740       0.008130       0.023018
      12.199500       0.681743       0.073623       0.244636       0.303589      -0.005023       0.008023       0.023028
      12.224500       0.681393       0.073502       0.245108       0.303668      -0.005261       0.007916       0.023038
      12.249500       0.681034       0.073389       0.245579       0.303750      -0.005449       0.007808       0.023050
      12.274500       0.680670       0.073282       0.246050       0.303833      -0.005585       0.007699       0.023064
      12.299500       0.680300       0.073180       0.246522       0.303913      -0.005671       0.007588       0.023081
      12.324500       0.679928       0.073080       0.246993       0.303989      -0.005710       0.007475       0.023102
      12.349500       0.679556       0.072981       0.247465       0.304056      -0.005709       0.007362       0.023128
      12.374500       0.679184       0.072880       0.247937       0.304115      -0.005677       0.007249       0.023160
      12.399500       0.678815       0.072778       0.248410       0.304164      -0.005623       0.007138       0.023199
      12.424500       0.678447       0.072672       0.248883       0.304203      -0.005560       0.007031       0.023243
      12.449500       0.678083       0.072563       0.249357       0.304232      -0.005499       0.006928       0.023294
      12.474500       0.677721       0.072450       0.249831       0.304254      -0.005448       0.006832       0.023349
      12.499500       0.677361       0.072335       0.250306       0.304270      -0.005416       0.006744       0.023409
      12.524500       0.677001       0.072219       0.250782       0.304280      -0.005410       0.006666       0.023471
      12.549500       0.676641       0.072102       0.251259       0.304287      -0.005435       0.006599       0.023535
      12.574500       0.676280       0.071985       0.251737       0.304291      -0.005492       0.006543       0.023596
      12.599500       0.675916       0.071871       0.252215       0.304292      -0.005582       0.006498       0.023656
      12.624500       0.675548       0.071761       0.252694       0.304293      -0.005704       0.006461       0.023710
      12.649500       0.675174       0.071655       0.253173       0.304292      -0.005857       0.006433       0.023761
      12.674500       0.674794       0.071556       0.253653       0.304291      -0.006040       0.006412       0.023806
      12.699500       0.674406       0.071464       0.254133       0.304290      -0.006251       0.006395       0.023847
      12.724500       0.674008       0.071381       0.254613       0.304291      -0.006487       0.006382       0.023884
      12.749500       0.673601       0.071307       0.255094       0.304294      -0.006747       0.006374       0.023919
      12.774500       0.673183       0.071244       0.255575       0.304303      -0.007028       0.006369       0.023950
      12.799500       0.672753       0.071193       0.256056       0.304319      -0.007323       0.006368       0.023979
      12.824500       0.672312       0.071154       0.256537       0.304343      -0.007629       0.006372       0.024005
      12.849500       0.671857       0.071127       0.257018       0.304378      -0.007936       0.006380       0.024025
      12.874500       0.671391       0.071112       0.257499       0.304424      -0.008235       0.006393       0.024038
      12.899500       0.670913       0.071109       0.257980       0.304481      -0.008516       0.006409       0.024042
      12.924500       0.670424       0.071118       0.258461       0.304550      -0.008767       0.006427       0.024036
      12.949500       0.669926       0.071136       0.258941       0.304628      -0.008978       0.006444       0.024019
      12.974500       0.669420       0.071162       0.259421       0.304714      -0.009139       0.006460       0.023991
      12.999500       0.668909       0.071194       0.259900       0.304807      -0.009242       0.006472       0.023953
      13.024500       0.668395       0.071230       0.260378       0.304902      -0.009284       0.006479       0.023907
      13.049500       0.667880       0.071267       0.260855       0.304998      -0.009264       0.006482       0.023854
      13.074500       0.667368       0.071302       0.261332       0.305091      -0.009185       0.006480       0.023796
      13.099500       0.666861       0.071334       0.261807       0.305179      -0.009056       0.006474       0.023734
      13.124500       0.666359       0.071361       0.262282       0.305260      -0.008887       0.006464       0.023670
      13.149500       0.665865       0.071381       0.262756       0.305333      -0.008692       0.006451       0.023605
      13.174500       0.665379       0.071394       0.263229       0.305396      -0.008485       0.006436       0.023539
      13.199500       0.664902       0.071399       0.263701       0.305449      -0.008281       0.006418       0.023472
      13.224500       0.664433       0.071398       0.264172       0.305495      -0.008093       0.006398       0.023405
      13.249500       0.663971       0.071389       0.264642       0.305532      -0.007932       0.006375       0.023335
      13.274500       0.663516       0.071376       0.265111       0.305563      -0.007804       0.006348       0.023264
      13.299500       0.663064       0.071360       0.265578       0.305588      -0.007712       0.006317       0.023189
      13.324500       0.662616       0.071341       0.266045       0.305608      -0.007654       0.006280       0.023111
      13.349500       0.662170       0.071322       0.266510       0.305624      -0.007622       0.006236       0.023030
      13.374500       0.661725       0.071303       0.266974       0.305637      -0.007606       0.006186       0.022945
      13.399500       0.661281       0.071284       0.267437       0.305646      -0.007592       0.006127       0.022856
      13.424500       0.660837       0.071267       0.267898       0.305652      -0.007567       0.006060       0.022766
      13.449500       0.660396       0.071249       0.268358       0.305654      -0.007515       0.005983       0.022673
      13.474500       0.659957       0.071229       0.268817       0.305653      -0.007425       0.005897       0.022580
      13.499500       0.659522       0.071206       0.269274       0.305645      -0.007287       0.005801       0.022487
      13.524500       0.659095       0.071178       0.269730       0.305632      -0.007096       0.005696       0.022397
      13.549500       0.658676       0.071142       0.270185       0.305610      -0.006851       0.005582       0.022309
      13.574500       0.658268       0.071096       0.270638       0.305579      -0.006557       0.005460       0.022226
      13.599500       0.657873       0.071038       0.271091       0.305536      -0.006221       0.005330       0.022149
      13.624500       0.657493       0.070967       0.271543       0.305480      -0.005854       0.005195       0.022078
      13.649500       0.657128       0.070881       0.271994       0.305410      -0.005471       0.005055       0.022014
      13.674500       0.656778       0.070780       0.272444       0.305324      -0.005086       0.004912       0.021956
      13.699500       0.656444       0.070664       0.272894       0.305223      -0.004715       0.004767       0.021905
      13.724500       0.656125       0.070534       0.273343       0.305106      -0.004369       0.004620       0.021860
      13.749500       0.655820       0.070391       0.273791       0.304975      -0.004060       0.004472       0.021820
      13.774500       0.655526       0.070237       0.274239       0.304831      -0.003794       0.004322       0.021786
      13.799500       0.655242       0.070073       0.274687       0.304678      -0.003575       0.004172       0.021756
      13.824500       0.654967       0.069902       0.275134       0.304517      -0.003402       0.004019       0.021731
      13.849500       0.654697       0.069724       0.275581       0.304350      -0.003271       0.003865       0.021711
      13.874500       0.654433       0.069543       0.276027       0.304180      -0.003177       0.003709       0.021696
      13.899500       0.654171       0.069358       0.276474       0.304009      -0.003113       0.003550       0.021688
      13.924500       0.653912       0.069171       0.276920       0.303840      -0.003071       0.003390       0.021686
      13.949500       0.653654       0.068982       0.277366       0.303672      -0.003045       0.003231       0.021692
      13.974500       0.653397       0.068793       0.277812       0.303507      -0.003030       0.003072       0.021706
      13.999500       0.653141       0.068603       0.278259       0.303347      -0.003023       0.002916       0.021728
      14.024500       0.652885       0.068412       0.278706       0.303191      -0.003024       0.002764       0.021757
      14.049500       0.652628       0.068221       0.279153       0.303039      -0.003033       0.002617       0.021794
      14.074500       0.652371       0.068031       0.279601       0.302892      -0.003054       0.002476       0.021838
      14.099500       0.652113       0.067840       0.280049       0.302750      -0.003090       0.002342       0.021887
      14.124500       0.651854       0.067651       0.280498       0.302611      -0.003142       0.002216       0.021942
      14.149500       0.651592       0.067463       0.280947       0.302477      -0.003212       0.002097       0.022001
      14.174500       0.651327       0.067278       0.281398       0.302347      -0.003299       0.001986       0.022063
      14.199500       0.651058       0.067096       0.281849       0.302222      -0.003401       0.001883       0.022128
      14.224500       0.650785       0.066917       0.282300       0.302103      -0.003512       0.001788       0.022195
      14.249500       0.650507       0.066742       0.282753       0.301990      -0.003626       0.001700       0.022263
      14.274500       0.650225       0.066571       0.283207       0.301884      -0.003734       0.001621       0.022331
      14.299500       0.649939       0.066402       0.283661       0.301784      -0.003830       0.001550       0.022400
      14.324500       0.649650       0.066237       0.284116       0.301691      -0.003905       0.001487       0.022467
      14.349500       0.649357       0.066073       0.284572       0.301602      -0.003954       0.001433       0.022531
      14.374500       0.649064       0.065909       0.285029       0.301516      -0.003972       0.001387       0.022592
      14.399500       0.648771       0.065745       0.285487       0.301433      -0.003958       0.001349       0.022648
      14.424500       0.648479       0.065579       0.285945       0.301350      -0.003914       0.001317       0.022698
      14.449500       0.648189       0.065409       0.286404       0.301266      -0.003842       0.001290       0.022741
      14.474500       0.647902       0.065236       0.286864       0.301180      -0.003746       0.001266       0.022777
      14.499500       0.647621       0.065058       0.287324       0.301091      -0.003631       0.001243       0.022807
      14.524500       0.647344       0.064874       0.287785       0.300998      -0.003502       0.001222       0.022831
      14.549500       0.647072       0.064684       0.288246       0.300902      -0.003365       0.001200       0.022850
      14.574500       0.646807       0.064489       0.288707       0.300802      -0.003221       0.001178       0.022865
      14.599500       0.646547       0.064287       0.289169       0.300698      -0.003073       0.001157       0.022877
      14.624500       0.646293       0.064079       0.289630       0.300590      -0.002922       0.001137       0.022885
      14.649500       0.646046       0.063864       0.290092       0.300478      -0.002767       0.001118       0.022889
      14.674500       0.645805       0.063643       0.290554       0.300361      -0.002609       0.001103       0.022890
      14.699500       0.645570       0.063416       0.291016       0.300238      -0.002448       0.001090       0.022884
      14.724500       0.645343       0.063181       0.291478       0.300107      -0.002283       0.001080       0.022871
      14.749500       0.645122       0.062941       0.291940       0.299968      -0.002117       0.001071       0.022850
      14.774500       0.644907       0.062693       0.292402       0.299819      -0.001952       0.001063       0.022820
      14.799500       0.644700       0.062440       0.292863       0.299660      -0.001792       0.001051       0.022779
      14.824500       0.644498       0.062181       0.293324       0.299491      -0.001645       0.001035       0.022728
      14.849500       0.644302       0.061917       0.293784       0.299312      -0.001516       0.001011       0.022668
      14.874500       0.644111       0.061649       0.294243       0.299124      -0.001414       0.000978       0.022601
      14.899500       0.643923       0.061378       0.294701       0.298930      -0.001344       0.000934       0.022530
      14.924500       0.643738       0.061106       0.295158       0.298730      -0.001314       0.000880       0.022455
      14.949500       0.643552       0.060835       0.295614       0.298528      -0.001326       0.000816       0.022381
      14.974500       0.643366       0.060567       0.296070       0.298326      -0.001385       0.000743       0.022307
      14.999500       0.643175       0.060303       0.296524       0.298126      -0.001488       0.000662       0.022235
      15.024500       0.642980       0.060045       0.296977       0.297930      -0.001634       0.000575       0.022167
      15.049500       0.642778       0.059796       0.297429       0.297740      -0.001820       0.000483       0.022101
      15.074500       0.642567       0.059555       0.297880       0.297557      -0.002038       0.000387       0.022039
      15.099500       0.642347       0.059325       0.298330       0.297384      -0.002285       0.000288       0.021980
      15.124500       0.642117       0.059106       0.298779       0.297221      -0.002553       0.000186       0.021924
      15.149500       0.641875       0.058900       0.299228       0.297069      -0.002837       0.000082       0.021872
      15.174500       0.641621       0.058706       0.299675       0.296928      -0.003134      -0.000025       0.021823
      15.199500       0.641355       0.058526       0.300122       0.296798      -0.003441      -0.000135       0.021778
      15.224500       0.641077       0.058358       0.300567       0.296679      -0.003756      -0.000248       0.021738
      15.249500       0.640785       0.058205       0.301012       0.296572      -0.004078      -0.000364       0.021704
      15.274500       0.640480       0.058066       0.301456       0.296475      -0.004408      -0.000481       0.021676
      15.299500       0.640162       0.057940       0.301900       0.296389      -0.004746      -0.000599       0.021655
      15.324500       0.639830       0.057830       0.302343       0.296314      -0.005090      -0.000716       0.021641
      15.349500       0.639483       0.057733       0.302786       0.296251      -0.005438      -0.000829       0.021633
      15.374500       0.639123       0.057651       0.303228       0.296199      -0.005787      -0.000936       0.021632
      15.399500       0.638749       0.057583       0.303670       0.296160      -0.006128      -0.001035       0.021635
      15.424500       0.638361       0.057529       0.304112       0.296133      -0.006456      -0.001127       0.021640
      15.449500       0.637960       0.057489       0.304553       0.296118      -0.006761      -0.001209       0.021647
      15.474500       0.637548       0.057460       0.304994       0.296114      -0.007032      -0.001284       0.021652
      15.499500       0.637126       0.057441       0.305435       0.296121      -0.007261      -0.001351       0.021656
      15.524500       0.636696       0.057430       0.305876       0.296138      -0.007437      -0.001412       0.021658
      15.549500       0.636259       0.057426       0.306317       0.296163      -0.007556      -0.001469       0.021657
      15.574500       0.635820       0.057425       0.306757       0.296194      -0.007612      -0.001523       0.021653
      15.599500       0.635379       0.057426       0.307197       0.296229      -0.007607      -0.001576       0.021646
      15.624500       0.634941       0.057425       0.307637       0.296266      -0.007544      -0.001628       0.021637
      15.649500       0.634505       0.057421       0.308076       0.296302      -0.007432      -0.001680       0.021625
      15.674500       0.634076       0.057411       0.308515       0.296335      -0.007282      -0.001734       0.021613
      15.699500       0.633653       0.057395       0.308954       0.296364      -0.007107      -0.001789       0.021598
      15.724500       0.633238       0.057371       0.309393       0.296386      -0.006922      -0.001846       0.021584
      15.749500       0.632831       0.057340       0.309831       0.296402      -0.006740      -0.001904       0.021569
      15.774500       0.632431       0.057302       0.310269       0.296410      -0.006574      -0.001964       0.021554
      15.799500       0.632037       0.057258       0.310707       0.296411      -0.006431      -0.002026       0.021540
      15.824500       0.631649       0.057209       0.311144       0.296405      -0.006316      -0.002090       0.021526
      15.849500       0.631265       0.057156       0.311581       0.296394      -0.006231      -0.002155       0.021514
      15.874500       0.630884       0.057100       0.312018       0.296378      -0.006172      -0.002221       0.021503
      15.899500       0.630505       0.057042       0.312455       0.296358      -0.006134      -0.002287       0.021494
      15.924500       0.630128       0.056983       0.312891       0.296336      -0.006106      -0.002351       0.021487
      15.949500       0.629752       0.056923       0.313327       0.296310      -0.006080      -0.002414       0.021482
      15.974500       0.629377       0.056862       0.313763       0.296283      -0.006046      -0.002474       0.021477
      15.999500       0.629005       0.056799       0.314198       0.296251      -0.005995      -0.002531       0.021473
      16.024500       0.628635       0.056734       0.314633       0.296216      -0.005923      -0.002585       0.021469
      16.049500       0.628269       0.056666       0.315068       0.296176      -0.005826      -0.002637       0.021462
      16.074500       0.627908       0.056592       0.315502       0.296130      -0.005707      -0.002688       0.021453
      16.099500       0.627552       0.056514       0.315936       0.296077      -0.005569      -0.002739       0.021441
      16.124500       0.627202       0.056430       0.316369       0.296017      -0.005420      -0.002791       0.021426
      16.149500       0.626859       0.056340       0.316802       0.295949      -0.005269      -0.002845       0.021408
      16.174500       0.626523       0.056245       0.317235       0.295873      -0.005125      -0.002902       0.021388
      16.199500       0.626192       0.056143       0.317667       0.295790      -0.004998      -0.002962       0.021366
      16.224500       0.625866       0.056038       0.318098       0.295700      -0.004896      -0.003024       0.021345
      16.249500       0.625544       0.055929       0.318529       0.295605      -0.004823      -0.003088       0.021325
      16.274500       0.625224       0.055818       0.318960       0.295506      -0.004782      -0.003152       0.021307
      16.299500       0.624906       0.055706       0.319390       0.295404      -0.004772      -0.003217       0.021292
      16.324500       0.624588       0.055595       0.319819       0.295301      -0.004788      -0.003279       0.021281
      16.349500       0.624270       0.055485       0.320248       0.295200      -0.004823      -0.003337       0.021275
      16.374500       0.623949       0.055376       0.320677       0.295102      -0.004869      -0.003391       0.021273
      16.399500       0.623628       0.055270       0.321105       0.295008      -0.004917      -0.003439       0.021274
      16.424500       0.623304       0.055165       0.321533       0.294920      -0.004957      -0.003481       0.021276
      16.449500       0.622980       0.055062       0.321961       0.294837      -0.004982      -0.003516       0.021279
      16.474500       0.622655       0.054959       0.322388       0.294758      -0.004986      -0.003545       0.021281
      16.499500       0.622331       0.054856       0.322815       0.294683      -0.004968      -0.003569       0.021280
      16.524500       0.622008       0.054751       0.323243       0.294608      -0.004927      -0.003591       0.021275
      16.549500       0.621687       0.054645       0.323670       0.294532      -0.004868      -0.003610       0.021266
      16.574500       0.621369       0.054536       0.324096       0.294451      -0.004795      -0.003628       0.021252
      16.599500       0.621055       0.054425       0.324523       0.294366      -0.004716      -0.003646       0.021233
      16.624500       0.620744       0.054310       0.324949       0.294274      -0.004639      -0.003666       0.021208
      16.649500       0.620435       0.054193       0.325374       0.294176      -0.004572      -0.003686       0.021177
      16.674500       0.620130       0.054074       0.325799       0.294073      -0.004523      -0.003709       0.021139
      16.699500       0.619826       0.053953       0.326223       0.293967      -0.004496      -0.003734       0.021095
      16.724500       0.619523       0.053833       0.326646       0.293860      -0.004493      -0.003762       0.021044
      16.749500       0.619219       0.053714       0.327069       0.293754      -0.004516      -0.003794       0.020987
      16.774500       0.618914       0.053598       0.327490       0.293653      -0.004562      -0.003829       0.020925
      16.799500       0.618607       0.053484       0.327910       0.293556      -0.004629      -0.003869       0.020858
      16.824500       0.618298       0.053375       0.328329       0.293467      -0.004710      -0.003914       0.020788
      16.849500       0.617985       0.053270       0.328747       0.293384      -0.004801      -0.003964       0.020716
      16.874500       0.617668       0.053171       0.329164       0.293308      -0.004894      -0.004020       0.020642
      16.899500       0.617347       0.053076       0.329579       0.293239      -0.004984      -0.004083       0.020567
      16.924500       0.617023       0.052986       0.329994       0.293175      -0.005065      -0.004153       0.020492
      16.949500       0.616696       0.052899       0.330407       0.293116      -0.005131      -0.004229       0.020417
      16.974500       0.616366       0.052817       0.330819       0.293061      -0.005179      -0.004311       0.020344
      16.999500       0.616035       0.052737       0.331230       0.293009      -0.005204      -0.004399       0.020272
      17.024500       0.615703       0.052658       0.331641       0.292959      -0.005201      -0.004493       0.020202
      17.049500       0.615372       0.052580       0.332050       0.292910      -0.005167      -0.004593       0.020134
      17.074500       0.615043       0.052500       0.332459       0.292861      -0.005096      -0.004699       0.020068
      17.099500       0.614718       0.052418       0.332866       0.292809      -0.004985      -0.004811       0.020005
      17.124500       0.614398       0.052331       0.333273       0.292753      -0.004830      -0.004930       0.019947
      17.149500       0.614085       0.052238       0.333680       0.292691      -0.004628      -0.005056       0.019893
      17.174500       0.613781       0.052135       0.334085       0.292619      -0.004380      -0.005186       0.019845
      17.199500       0.613488       0.052023       0.334491       0.292536      -0.004086      -0.005321       0.019804
      17.224500       0.613208       0.051898       0.334895       0.292439      -0.003754      -0.005459       0.019768
      17.249500       0.612943       0.051759       0.335300       0.292327      -0.003391      -0.005599       0.019739
      17.274500       0.612692       0.051605       0.335704       0.292201      -0.003008      -0.005740       0.019715
      17.299500       0.612458       0.051435       0.336109       0.292058      -0.002619      -0.005881       0.019698
      17.324500       0.612239       0.051250       0.336513       0.291901      -0.002238      -0.006020       0.019686
      17.349500       0.612035       0.051049       0.336917       0.291730      -0.001882      -0.006157       0.019679
      17.374500       0.611845       0.050835       0.337321       0.291548      -0.001566      -0.006292       0.019677
      17.399500       0.611667       0.050609       0.337726       0.291356      -0.001304      -0.006425       0.019680
      17.424500       0.611498       0.050372       0.338131       0.291158      -0.001108      -0.006554       0.019688
      17.449500       0.611336       0.050130       0.338536       0.290955      -0.000985      -0.006681       0.019700
      17.474500       0.611177       0.049883       0.338941       0.290752      -0.000941      -0.006805       0.019717
      17.499500       0.611019       0.049636       0.339346       0.290552      -0.000975      -0.006926       0.019738
      17.524500       0.610857       0.049392       0.339752       0.290355      -0.001082      -0.007042       0.019763
      17.549500       0.610690       0.049153       0.340158       0.290166      -0.001254      -0.007154       0.019793
      17.574500       0.610515       0.048922       0.340565       0.289986      -0.001480      -0.007261       0.019826
      17.599500       0.610329       0.048701       0.340972       0.289817      -0.001747      -0.007362       0.019864
      17.624500       0.610132       0.048490       0.341379       0.289658      -0.002041      -0.007455       0.019906
      17.649500       0.609923       0.048292       0.341787       0.289511      -0.002349      -0.007540       0.019950
      17.674500       0.609701       0.048106       0.342195       0.289377      -0.002659      -0.007617       0.019995
      17.699500       0.609466       0.047931       0.342604       0.289253      -0.002965      -0.007683       0.020041
      17.724500       0.609219       0.047769       0.343013       0.289142      -0.003259      -0.007741       0.020085
      17.749500       0.608961       0.047618       0.343423       0.289041      -0.003540      -0.007789       0.020124
      17.774500       0.608691       0.047477       0.343833       0.288951      -0.003808      -0.007830       0.020158
      17.799500       0.608410       0.047347       0.344244       0.288870      -0.004065      -0.007864       0.020184
      17.824500       0.608120       0.047227       0.344655       0.288799      -0.004314      -0.007895       0.020202
      17.849500       0.607819       0.047117       0.345066       0.288736      -0.004559      -0.007924       0.020211
      17.874500       0.607508       0.047018       0.345476       0.288682      -0.004803      -0.007953       0.020213
      17.899500       0.607187       0.046928       0.345887       0.288636      -0.005047      -0.007985       0.020208
      17.924500       0.606855       0.046848       0.346298       0.288599      -0.005293      -0.008020       0.020198
      17.949500       0.606514       0.046779       0.346708       0.288571      -0.005536      -0.008059       0.020185
      17.974500       0.606163       0.046720       0.347118       0.288553      -0.005773      -0.008103       0.020171
      17.999500       0.605803       0.046670       0.347528       0.288544      -0.005997      -0.008152       0.020156
      18.024500       0.605434       0.046630       0.347937       0.288545      -0.006199      -0.008207       0.020142
      18.049500       0.605057       0.046598       0.348347       0.288554      -0.006373      -0.008266       0.020128
      18.074500       0.604674       0.046572       0.348756       0.288570      -0.006512      -0.008330       0.020115
      18.099500       0.604285       0.046552       0.349164       0.288592      -0.006612      -0.008397       0.020103
      18.124500       0.603894       0.046534       0.349573       0.288616      -0.006669      -0.008469       0.020091
      18.149500       0.603501       0.046519       0.349981       0.288640      -0.006686      -0.008543       0.020080
      18.174500       0.603108       0.046504       0.350389       0.288663      -0.006664      -0.008620       0.020069
      18.199500       0.602717       0.046487       0.350797       0.288681      -0.006611      -0.008699       0.020058
      18.224500       0.602329       0.046468       0.351205       0.288694      -0.006533      -0.008780       0.020048
      18.249500       0.601944       0.046445       0.351613       0.288698      -0.006440      -0.008862       0.020038
      18.274500       0.601563       0.046418       0.352020       0.288695      -0.006341      -0.008943       0.020031
      18.299500       0.601186       0.046387       0.352428       0.288683      -0.006241      -0.009024       0.020025
      18.324500       0.600814       0.046353       0.352835       0.288662      -0.006146      -0.009103       0.020021
      18.349500       0.600445       0.046314       0.353242       0.288633      -0.006059      -0.009180       0.020020
      18.374500       0.600080       0.046273       0.353649       0.288596      -0.005978      -0.009254       0.020021
      18.399500       0.599718       0.046227       0.354056       0.288553      -0.005898      -0.009326       0.020025
      18.424500       0.599359       0.046179       0.354463       0.288504      -0.005813      -0.009395       0.020032
      18.449500       0.599004       0.046126       0.354871       0.288450      -0.005715      -0.009462       0.020043
      18.474500       0.598654       0.046069       0.355278       0.288391      -0.005596      -0.009526       0.020057
      18.499500       0.598309       0.046006       0.355686       0.288326      -0.005449      -0.009588       0.020074
      18.524500       0.597971       0.045936       0.356093       0.288255      -0.005272      -0.009647       0.020094
      18.549500       0.597641       0.045858       0.356502       0.288176      -0.005063      -0.009701       0.020118
      18.574500       0.597320       0.045770       0.356910       0.288087      -0.004826      -0.009752       0.020143
      18.599500       0.597010       0.045672       0.357319       0.287987      -0.004569      -0.009797       0.020170
      18.624500       0.596710       0.045563       0.357729       0.287876      -0.004300      -0.009837       0.020196
      18.649500       0.596421       0.045441       0.358139       0.287753      -0.004032      -0.009871       0.020221
      18.674500       0.596143       0.045309       0.358549       0.287620      -0.003779      -0.009899       0.020242
      18.699500       0.595875       0.045167       0.358959       0.287477      -0.003552      -0.009923       0.020259
      18.724500       0.595615       0.045015       0.359370       0.287327      -0.003363      -0.009943       0.020269
      18.749500       0.595363       0.044857       0.359781       0.287171      -0.003223      -0.009961       0.020272
      18.774500       0.595115       0.044694       0.360192       0.287012      -0.003136      -0.009978       0.020269
      18.799500       0.594869       0.044529       0.360603       0.286850      -0.003107      -0.009995       0.020259
      18.824500       0.594623       0.044364       0.361014       0.286689      -0.003135      -0.010013       0.020244
      18.849500       0.594375       0.044201       0.361425       0.286529      -0.003216      -0.010033       0.020223
      18.874500       0.594123       0.044043       0.361835       0.286371      -0.003345      -0.010054       0.020199
      18.899500       0.593864       0.043892       0.362245       0.286218      -0.003512      -0.010078       0.020170
      18.924500       0.593598       0.043749       0.362654       0.286069      -0.003708      -0.010105       0.020138
      18.949500       0.593324       0.043614       0.363063       0.285926      -0.003925      -0.010136       0.020101
      18.974500       0.593040       0.043490       0.363471       0.285789      -0.004152      -0.010171       0.020059
      18.999500       0.592747       0.043375       0.363878       0.285661      -0.004383      -0.010212       0.020014
      19.024500       0.592445       0.043271       0.364285       0.285541      -0.004610      -0.010260       0.019964
      19.049500       0.592133       0.043177       0.364691       0.285430      -0.004828      -0.010317       0.019911
      19.074500       0.591813       0.043092       0.365095       0.285329      -0.005035      -0.010382       0.019857
      19.099500       0.591485       0.043016       0.365499       0.285237      -0.005227      -0.010455       0.019802
      19.124500       0.591150       0.042949       0.365902       0.285155      -0.005403      -0.010537       0.019749
      19.149500       0.590808       0.042890       0.366304       0.285082      -0.005562      -0.010624       0.019699
      19.174500       0.590459       0.042837       0.366704       0.285016      -0.005703      -0.010715       0.019654
      19.199500       0.590106       0.042790       0.367105       0.284958      -0.005826      -0.010807       0.019615
      19.224500       0.589748       0.042749       0.367504       0.284906      -0.005928      -0.010898       0.019582
      19.249500       0.589387       0.042711       0.367903       0.284858      -0.006011      -0.010985       0.019553
      19.274500       0.589022       0.042678       0.368301       0.284815      -0.006074      -0.011067       0.019529
      19.299500       0.588656       0.042646       0.368698       0.284775      -0.006117      -0.011143       0.019508
      19.324500       0.588288       0.042617       0.369095       0.284738      -0.006142      -0.011214       0.019489
      19.349500       0.587920       0.042588       0.369492       0.284703      -0.006150      -0.011281       0.019471
      19.374500       0.587552       0.042560       0.369888       0.284671      -0.006146      -0.011347       0.019455
      19.399500       0.587185       0.042531       0.370284       0.284641      -0.006132      -0.011413       0.019442
      19.424500       0.586819       0.042502       0.370680       0.284614      -0.006113      -0.011480       0.019433
      19.449500       0.586453       0.042472       0.371075       0.284589      -0.006092      -0.011549       0.019430
      19.474500       0.586089       0.042442       0.371470       0.284567      -0.006074      -0.011620       0.019434
      19.499500       0.585725       0.042410       0.371865       0.284546      -0.006061      -0.011692       0.019446
      19.524500       0.585362       0.042378       0.372260       0.284527      -0.006053      -0.011762       0.019467
      19.549500       0.585000       0.042346       0.372655       0.284508      -0.006052      -0.011828       0.019496
      19.574500       0.584637       0.042313       0.373050       0.284488      -0.006055      -0.011888       0.019531
      19.599500       0.584275       0.042279       0.373446       0.284466      -0.006059      -0.011940       0.019569
      19.624500       0.583913       0.042245       0.373842       0.284442      -0.006058      -0.011982       0.019609
      19.649500       0.583551       0.042211       0.374239       0.284415      -0.006048      -0.012015       0.019646
      19.674500       0.583190       0.042175       0.374636       0.284385      -0.006022      -0.012038       0.019677
      19.699500       0.582830       0.042137       0.375033       0.284352      -0.005974      -0.012055       0.019700
      19.724500       0.582473       0.042096       0.375431       0.284315      -0.005899      -0.012067       0.019715
      19.749500       0.582120       0.042052       0.375829       0.284276      -0.005794      -0.012076       0.019720
      19.774500       0.581771       0.042002       0.376226       0.284233      -0.005659      -0.012085       0.019717
      19.799500       0.581429       0.041947       0.376624       0.284186      -0.005496      -0.012095       0.019707
      19.824500       0.581094       0.041884       0.377022       0.284135      -0.005309      -0.012107       0.019692
      19.849500       0.580767       0.041814       0.377419       0.284078      -0.005107      -0.012122       0.019673
      19.874500       0.580448       0.041735       0.377816       0.284014      -0.004897      -0.012139       0.019653
      19.899500       0.580138       0.041648       0.378213       0.283942      -0.004689      -0.012157       0.019631
      19.924500       0.579837       0.041553       0.378610       0.283863      -0.004492      -0.012176       0.019608
      19.949500       0.579543       0.041451       0.379006       0.283775      -0.004313      -0.012195       0.019583
      19.974500       0.579256       0.041342       0.379402       0.283679      -0.004156      -0.012215       0.019554
      19.999500       0.578975       0.041227       0.379798       0.283577      -0.004023      -0.012234       0.019519
