       0.039000       0.995776       0.004212       0.000014       0.003138      -0.064527      -0.000308       0.000009
       0.079000       0.982995       0.016934       0.000074       0.011641      -0.127408      -0.000977       0.000570
       0.119000       0.962200       0.037599       0.000208       0.025330      -0.184935      -0.001867       0.001976
       0.159000       0.934254       0.065298       0.000457       0.043400      -0.234869      -0.002660       0.004502
       0.199000       0.900290       0.098851       0.000869       0.064773      -0.275473      -0.002992       0.008261
       0.239000       0.861630       0.136885       0.001494       0.088179      -0.305591      -0.002513       0.013198
       0.279000       0.819708       0.177922       0.002378       0.112259      -0.324680      -0.000939       0.019110
       0.319000       0.775991       0.220461       0.003553       0.135694      -0.332777       0.001912       0.025672
       0.359000       0.731905       0.263060       0.005040       0.157318      -0.330423       0.006095       0.032489
       0.399000       0.688772       0.304393       0.006840       0.176204      -0.318559       0.011531       0.039138
       0.439000       0.647769       0.343299       0.008937       0.191708      -0.298411       0.018017       0.045224
       0.479000       0.609898       0.378808       0.011300       0.203461      -0.271391       0.025255       0.050424
       0.519000       0.575962       0.410157       0.013888       0.211341      -0.239006       0.032893       0.054510
       0.559000       0.546563       0.436792       0.016651       0.215428      -0.202794       0.040565       0.057356
       0.599000       0.522102       0.458368       0.019537       0.215966      -0.164263       0.047923       0.058931
       0.639000       0.502782       0.474732       0.022492       0.213326      -0.124847       0.054661       0.059289
       0.679000       0.488629       0.485909       0.025469       0.207977      -0.085851       0.060530       0.058548
       0.719000       0.479506       0.492078       0.028423       0.200451      -0.048417       0.065351       0.056878
       0.759000       0.475137       0.493551       0.031318       0.191313      -0.013497       0.069019       0.054478
       0.799000       0.475139       0.490740       0.034127       0.181128       0.018163       0.071501       0.051552
       0.839000       0.479042       0.484135       0.036830       0.170428       0.046014       0.072826       0.048300
       0.879000       0.486317       0.474275       0.039415       0.159689       0.069697       0.073071       0.044900
       0.919000       0.496401       0.461730       0.041876       0.149310       0.089016       0.072350       0.041501
       0.959000       0.508716       0.447078       0.044213       0.139617       0.103917       0.070797       0.038215
       0.999000       0.522684       0.430894       0.046429       0.130856       0.114468       0.068546       0.035127
       1.039000       0.537745       0.413731       0.048532       0.123208       0.120829       0.065732       0.032301
       1.079000       0.553363       0.396116       0.050529       0.116785       0.123244       0.062487       0.029791
       1.119000       0.569041       0.378533       0.052433       0.111646       0.122022       0.058941       0.027638
       1.159000       0.584328       0.361424       0.054256       0.107793       0.117531       0.055226       0.025870
       1.199000       0.598823       0.345175       0.056010       0.105175       0.110190       0.051461       0.024494
       1.239000       0.612183       0.330114       0.057710       0.103698       0.100449       0.047757       0.023504
       1.279000       0.624125       0.316513       0.059370       0.103240       0.088771       0.044204       0.022881
       1.319000       0.634428       0.304578       0.061002       0.103667       0.075614       0.040875       0.022595
       1.359000       0.642928       0.294463       0.062618       0.104854       0.061420       0.037827       0.022613
       1.399000       0.649518       0.286262       0.064228       0.106682       0.046609       0.035100       0.022899
       1.439000       0.654146       0.280019       0.065844       0.109049       0.031575       0.032724       0.023417
       1.479000       0.656808       0.275729       0.067471       0.111854       0.016685       0.030716       0.024132
       1.519000       0.657547       0.273343       0.069119       0.115000       0.002272       0.029082       0.025007
       1.559000       0.656447       0.272770       0.070791       0.118386      -0.011357       0.027819       0.026009
       1.599000       0.653632       0.273883       0.072494       0.121918      -0.023930       0.026912       0.027109
       1.639000       0.649256       0.276521       0.074231       0.125502      -0.035201       0.026347       0.028282
       1.679000       0.643507       0.280496       0.076005       0.129056      -0.044961       0.026110       0.029501
       1.719000       0.636594       0.285595       0.077819       0.132507      -0.053045       0.026184       0.030732
       1.759000       0.628746       0.291590       0.079674       0.135785      -0.059343       0.026545       0.031941
       1.799000       0.620200       0.298240       0.081568       0.138825      -0.063810       0.027163       0.033090
       1.839000       0.611197       0.305311       0.083502       0.141563      -0.066470       0.027999       0.034140
       1.879000       0.601967       0.312571       0.085470       0.143948      -0.067410       0.029004       0.035063
       1.919000       0.592728       0.319811       0.087470       0.145942      -0.066763       0.030129       0.035837
       1.959000       0.583678       0.326836       0.089496       0.147523      -0.064688       0.031324       0.036449
       1.999000       0.574991       0.333477       0.091542       0.148685      -0.061353       0.032545       0.036897
       2.039000       0.566821       0.339586       0.093602       0.149439      -0.056921       0.033750       0.037175
       2.079000       0.559303       0.345037       0.095670       0.149805      -0.051552       0.034899       0.037285
       2.119000       0.552546       0.349722       0.097741       0.149809      -0.045401       0.035951       0.037235
       2.159000       0.546643       0.353558       0.099808       0.149474      -0.038635       0.036876       0.037038
       2.199000       0.541660       0.356482       0.101868       0.148820      -0.031445       0.037651       0.036714
       2.239000       0.537640       0.358456       0.103914       0.147864      -0.024046       0.038262       0.036279
       2.279000       0.534593       0.359474       0.105943       0.146631      -0.016677       0.038700       0.035749
       2.319000       0.532498       0.359559       0.107953       0.145158      -0.009574       0.038959       0.035137
       2.359000       0.531307       0.358765       0.109938       0.143498      -0.002955       0.039033       0.034454
       2.399000       0.530941       0.357171       0.111898       0.141719       0.003003       0.038918       0.033719
       2.439000       0.531307       0.354875       0.113828       0.139888       0.008175       0.038616       0.032957
       2.479000       0.532293       0.351987       0.115730       0.138073       0.012493       0.038140       0.032200
       2.519000       0.533788       0.348620       0.117603       0.136330       0.015942       0.037511       0.031475
       2.559000       0.535677       0.344885       0.119448       0.134697       0.018548       0.036760       0.030802
       2.599000       0.537853       0.340889       0.121268       0.133203       0.020361       0.035915       0.030191
       2.639000       0.540216       0.336729       0.123065       0.131863       0.021440       0.034999       0.029647
       2.679000       0.542673       0.332496       0.124841       0.130683       0.021836       0.034035       0.029171
       2.719000       0.545138       0.328274       0.126598       0.129668       0.021591       0.033042       0.028769
       2.759000       0.547529       0.324142       0.128340       0.128817       0.020736       0.032046       0.028442
       2.799000       0.549767       0.320175       0.130069       0.128131       0.019296       0.031067       0.028188
       2.839000       0.551778       0.316446       0.131787       0.127613       0.017308       0.030128       0.027998
       2.879000       0.553495       0.313020       0.133496       0.127268       0.014829       0.029242       0.027863
       2.919000       0.554859       0.309955       0.135197       0.127098       0.011945       0.028417       0.027768
       2.959000       0.555824       0.307296       0.136891       0.127100       0.008769       0.027657       0.027702
       2.999000       0.556361       0.305071       0.138579       0.127267       0.005434       0.026956       0.027660
       3.039000       0.556458       0.303291       0.140261       0.127579       0.002074       0.026309       0.027641
       3.079000       0.556122       0.301951       0.141938       0.128012      -0.001186       0.025714       0.027652
       3.119000       0.555372       0.301028       0.143612       0.128532      -0.004244       0.025175       0.027700
       3.159000       0.554240       0.300488       0.145283       0.129109      -0.007030       0.024701       0.027789
       3.199000       0.552766       0.300292       0.146954       0.129716      -0.009502       0.024299       0.027914
       3.239000       0.550992       0.300393       0.148626       0.130329      -0.011639       0.023976       0.028065
       3.279000       0.548964       0.300748       0.150300       0.130929      -0.013432       0.023735       0.028228
       3.319000       0.546726       0.301309       0.151977       0.131494      -0.014881       0.023571       0.028384
       3.359000       0.544323       0.302032       0.153656       0.132005      -0.015990       0.023476       0.028516
       3.399000       0.541801       0.302875       0.155337       0.132448      -0.016766       0.023435       0.028610
       3.439000       0.539200       0.303795       0.157016       0.132816      -0.017225       0.023428       0.028658
       3.479000       0.536562       0.304755       0.158694       0.133111      -0.017384       0.023432       0.028662
       3.519000       0.533925       0.305719       0.160369       0.133342      -0.017267       0.023429       0.028633
       3.559000       0.531321       0.306651       0.162039       0.133518      -0.016894       0.023407       0.028586
       3.599000       0.528785       0.307521       0.163706       0.133645      -0.016286       0.023365       0.028533
       3.639000       0.526346       0.308298       0.165369       0.133725      -0.015454       0.023302       0.028481
       3.679000       0.524031       0.308953       0.167029       0.133754      -0.014411       0.023218       0.028435
       3.719000       0.521868       0.309459       0.168686       0.133727      -0.013164       0.023114       0.028397
       3.759000       0.519883       0.309788       0.170341       0.133637      -0.011724       0.022996       0.028372
       3.799000       0.518101       0.309916       0.171996       0.133471      -0.010112       0.022878       0.028355
       3.839000       0.516540       0.309823       0.173650       0.133220      -0.008365       0.022772       0.028335
       3.879000       0.515216       0.309494       0.175303       0.132875      -0.006544       0.022682       0.028290
       3.919000       0.514131       0.308927       0.176954       0.132436      -0.004734       0.022606       0.028202
       3.959000       0.513279       0.308133       0.178601       0.131910      -0.003033       0.022530       0.028056
       3.999000       0.512638       0.307134       0.180240       0.131312      -0.001539       0.022436       0.027843
       4.039000       0.512176       0.305968       0.181869       0.130666      -0.000337       0.022297       0.027567
       4.079000       0.511849       0.304679       0.183485       0.130008       0.000523       0.022090       0.027245
       4.119000       0.511612       0.303316       0.185086       0.129378       0.001034       0.021803       0.026906
       4.159000       0.511421       0.301921       0.186671       0.128815       0.001235       0.021436       0.026584
       4.199000       0.511241       0.300530       0.188242       0.128345       0.001204       0.021011       0.026307
       4.239000       0.511047       0.299165       0.189801       0.127977       0.001033       0.020557       0.026089
       4.279000       0.510828       0.297836       0.191350       0.127697       0.000807       0.020102       0.025926
       4.319000       0.510580       0.296543       0.192891       0.127481       0.000584       0.019664       0.025803
       4.359000       0.510305       0.295284       0.194425       0.127299       0.000381       0.019250       0.025701
       4.399000       0.510006       0.294056       0.195952       0.127128       0.000183       0.018862       0.025605
       4.439000       0.509680       0.292860       0.197474       0.126954      -0.000052       0.018498       0.025506
       4.479000       0.509321       0.291705       0.198988       0.126778      -0.000370       0.018154       0.025400
       4.519000       0.508914       0.290605       0.200495       0.126608      -0.000804       0.017825       0.025288
       4.559000       0.508443       0.289575       0.201995       0.126459      -0.001364       0.017505       0.025173
       4.599000       0.507893       0.288633       0.203488       0.126343      -0.002031       0.017190       0.025063
       4.639000       0.507252       0.287788       0.204975       0.126268      -0.002767       0.016879       0.024967
       4.679000       0.506513       0.287046       0.206455       0.126234      -0.003522       0.016579       0.024890
       4.719000       0.505678       0.286407       0.207930       0.126238      -0.004252       0.016295       0.024827
       4.759000       0.504751       0.285862       0.209401       0.126272      -0.004921       0.016032       0.024770
       4.799000       0.503742       0.285404       0.210868       0.126327      -0.005508       0.015786       0.024707
       4.839000       0.502663       0.285021       0.212330       0.126393      -0.006008       0.015547       0.024634
       4.879000       0.501525       0.284702       0.213788       0.126462      -0.006429       0.015305       0.024559
       4.919000       0.500337       0.284437       0.215241       0.126528      -0.006781       0.015062       0.024493
       4.959000       0.499108       0.284217       0.216690       0.126586      -0.007069       0.014827       0.024448
       4.999000       0.497847       0.284032       0.218136       0.126636      -0.007280       0.014615       0.024420
       5.039000       0.496566       0.283870       0.219579       0.126675      -0.007390       0.014433       0.024395
       5.079000       0.495281       0.283716       0.221018       0.126701      -0.007370       0.014279       0.024356
       5.119000       0.494010       0.283551       0.222454       0.126707      -0.007196       0.014139       0.024294
       5.159000       0.492774       0.283356       0.223885       0.126689      -0.006868       0.014001       0.024206
       5.199000       0.491592       0.283114       0.225309       0.126640      -0.006407       0.013851       0.024097
       5.239000       0.490479       0.282809       0.226728       0.126553      -0.005859       0.013681       0.023979
       5.279000       0.489441       0.282435       0.228139       0.126424      -0.005284       0.013488       0.023860
       5.319000       0.488479       0.281992       0.229545       0.126255      -0.004745       0.013274       0.023751
       5.359000       0.487583       0.281488       0.230944       0.126050      -0.004292       0.013045       0.023655
       5.399000       0.486741       0.280935       0.232339       0.125816      -0.003957       0.012807       0.023574
       5.439000       0.485935       0.280350       0.233730       0.125565      -0.003748       0.012570       0.023505
       5.479000       0.485150       0.279749       0.235117       0.125309      -0.003653       0.012340       0.023442
       5.519000       0.484373       0.279143       0.236500       0.125064      -0.003638       0.012119       0.023376
       5.559000       0.483596       0.278542       0.237879       0.124842      -0.003662       0.011905       0.023301
       5.599000       0.482816       0.277948       0.239253       0.124652      -0.003683       0.011696       0.023216
       5.639000       0.482037       0.277358       0.240621       0.124495      -0.003666       0.011487       0.023121
       5.679000       0.481266       0.276768       0.241983       0.124367      -0.003592       0.011274       0.023019
       5.719000       0.480509       0.276168       0.243339       0.124261      -0.003454       0.011055       0.022912
       5.759000       0.479776       0.275551       0.244690       0.124164      -0.003256       0.010826       0.022807
       5.799000       0.479073       0.274909       0.246034       0.124061      -0.003011       0.010591       0.022712
       5.839000       0.478406       0.274236       0.247374       0.123935      -0.002737       0.010356       0.022629
       5.879000       0.477776       0.273531       0.248710       0.123773      -0.002456       0.010134       0.022556
       5.919000       0.477183       0.272792       0.250042       0.123571      -0.002196       0.009930       0.022477
       5.959000       0.476621       0.272027       0.251369       0.123334      -0.001988       0.009736       0.022380
       5.999000       0.476083       0.271244       0.252689       0.123077      -0.001866       0.009540       0.022254
       6.039000       0.475555       0.270459       0.254002       0.122821      -0.001858       0.009325       0.022105
       6.079000       0.475021       0.269689       0.255307       0.122587      -0.001987       0.009082       0.021947
       6.119000       0.474461       0.268952       0.256603       0.122393      -0.002256       0.008814       0.021800
       6.159000       0.473859       0.268267       0.257892       0.122247      -0.002652       0.008532       0.021675
       6.199000       0.473199       0.267645       0.259173       0.122155      -0.003141       0.008247       0.021578
       6.239000       0.472473       0.267095       0.260449       0.122115      -0.003671       0.007971       0.021509
       6.279000       0.471679       0.266617       0.261721       0.122125      -0.004182       0.007709       0.021464
       6.319000       0.470824       0.266204       0.262990       0.122173      -0.004613       0.007466       0.021436
       6.359000       0.469921       0.265840       0.264257       0.122242      -0.004914       0.007241       0.021420
       6.399000       0.468989       0.265507       0.265522       0.122310      -0.005059       0.007034       0.021412
       6.439000       0.468049       0.265183       0.266786       0.122353      -0.005051       0.006848       0.021404
       6.479000       0.467120       0.264850       0.268048       0.122355      -0.004922       0.006681       0.021390
       6.519000       0.466214       0.264495       0.269309       0.122309      -0.004720       0.006531       0.021362
       6.559000       0.465338       0.264114       0.270567       0.122219      -0.004499       0.006397       0.021317
       6.599000       0.464490       0.263706       0.271821       0.122095      -0.004299       0.006273       0.021250
       6.639000       0.463667       0.263279       0.273072       0.121952      -0.004137       0.006155       0.021156
       6.679000       0.462864       0.262838       0.274317       0.121800      -0.004008       0.006031       0.021036
       6.719000       0.462077       0.262387       0.275555       0.121646      -0.003892       0.005891       0.020894
       6.759000       0.461307       0.261926       0.276786       0.121490      -0.003759       0.005729       0.020740
       6.799000       0.460557       0.261453       0.278009       0.121333      -0.003592       0.005545       0.020585
       6.839000       0.459832       0.260963       0.279224       0.121171      -0.003388       0.005344       0.020438
       6.879000       0.459136       0.260450       0.280433       0.121004      -0.003164       0.005128       0.020305
       6.919000       0.458470       0.259914       0.281635       0.120834      -0.002957       0.004902       0.020190
       6.959000       0.457828       0.259359       0.282831       0.120666      -0.002811       0.004670       0.020099
       6.999000       0.457201       0.258795       0.284022       0.120506      -0.002765       0.004438       0.020034
       7.039000       0.456573       0.258235       0.285210       0.120361      -0.002842       0.004218       0.019994
       7.079000       0.455929       0.257695       0.286395       0.120243      -0.003039       0.004023       0.019971
       7.119000       0.455255       0.257188       0.287576       0.120160      -0.003325       0.003861       0.019949
       7.159000       0.454541       0.256724       0.288754       0.120116      -0.003645       0.003729       0.019909
       7.199000       0.453789       0.256303       0.289927       0.120110      -0.003933       0.003611       0.019838
       7.239000       0.453007       0.255918       0.291095       0.120132      -0.004127       0.003490       0.019732
       7.279000       0.452209       0.255556       0.292255       0.120165      -0.004186       0.003347       0.019602
       7.319000       0.451414       0.255198       0.293408       0.120190      -0.004093       0.003173       0.019459
       7.359000       0.450641       0.254825       0.294553       0.120185      -0.003856       0.002967       0.019315
       7.399000       0.449908       0.254419       0.295692       0.120128      -0.003509       0.002730       0.019183
       7.439000       0.449226       0.253968       0.296825       0.120007      -0.003104       0.002470       0.019069
       7.479000       0.448598       0.253468       0.297954       0.119822      -0.002697       0.002199       0.018980
       7.519000       0.448020       0.252921       0.299079       0.119589      -0.002337       0.001931       0.018916
       7.559000       0.447486       0.252333       0.300201       0.119332      -0.002058       0.001678       0.018870
       7.599000       0.446982       0.251717       0.301321       0.119075      -0.001872       0.001446       0.018834
       7.639000       0.446498       0.251084       0.302439       0.118836      -0.001782       0.001235       0.018796
       7.679000       0.446019       0.250447       0.303554       0.118624      -0.001784       0.001038       0.018749
       7.719000       0.445535       0.249818       0.304667       0.118442      -0.001874       0.000846       0.018694
       7.759000       0.445034       0.249210       0.305776       0.118288      -0.002052       0.000651       0.018635
       7.799000       0.444505       0.248634       0.306881       0.118165      -0.002315       0.000452       0.018584
       7.839000       0.443937       0.248100       0.307984       0.118075      -0.002655       0.000255       0.018545
       7.879000       0.443321       0.247616       0.309083       0.118022      -0.003050       0.000070       0.018518
       7.919000       0.442652       0.247188       0.310180       0.118008      -0.003463      -0.000098       0.018499
       7.959000       0.441932       0.246813       0.311275       0.118030      -0.003850      -0.000248       0.018480
       7.999000       0.441167       0.246487       0.312367       0.118078      -0.004163      -0.000383       0.018454
       8.039000       0.440369       0.246196       0.313456       0.118141      -0.004363      -0.000511       0.018419
       8.079000       0.439555       0.245924       0.314542       0.118203      -0.004430      -0.000644       0.018376
       8.119000       0.438741       0.245655       0.315625       0.118250      -0.004363      -0.000788       0.018332
       8.159000       0.437945       0.245370       0.316705       0.118265      -0.004184      -0.000945       0.018298
       8.199000       0.437180       0.245058       0.317783       0.118236      -0.003929      -0.001103       0.018279
       8.239000       0.436451       0.244710       0.318860       0.118156      -0.003641      -0.001252       0.018268
       8.279000       0.435761       0.244325       0.319936       0.118027      -0.003361      -0.001387       0.018253
       8.319000       0.435105       0.243906       0.321010       0.117857      -0.003117      -0.001511       0.018221
       8.359000       0.434480       0.243460       0.322082       0.117663      -0.002921      -0.001633       0.018167
       8.399000       0.433877       0.242994       0.323151       0.117461      -0.002774      -0.001763       0.018095
       8.439000       0.433290       0.242515       0.324217       0.117266      -0.002667      -0.001903       0.018014
       8.479000       0.432715       0.242028       0.325279       0.117090      -0.002591      -0.002051       0.017932
       8.519000       0.432149       0.241536       0.326337       0.116936      -0.002541      -0.002201       0.017850
       8.559000       0.431588       0.241043       0.327391       0.116803      -0.002514      -0.002350       0.017765
       8.599000       0.431028       0.240552       0.328441       0.116683      -0.002516      -0.002498       0.017673
       8.639000       0.430466       0.240069       0.329487       0.116570      -0.002553      -0.002648       0.017572
       8.679000       0.429897       0.239598       0.330528       0.116459      -0.002632      -0.002803       0.017465
       8.719000       0.429315       0.239145       0.331563       0.116347      -0.002748      -0.002967       0.017355
       8.759000       0.428716       0.238714       0.332592       0.116233      -0.002891      -0.003142       0.017249
       8.799000       0.428099       0.238308       0.333616       0.116118      -0.003040      -0.003324       0.017154
       8.839000       0.427464       0.237924       0.334634       0.116005      -0.003171      -0.003502       0.017073
       8.879000       0.426816       0.237559       0.335648       0.115896      -0.003260      -0.003669       0.017001
       8.919000       0.426161       0.237205       0.336656       0.115795      -0.003294      -0.003822       0.016928
       8.959000       0.425508       0.236856       0.337659       0.115700      -0.003277      -0.003968       0.016847
       8.999000       0.424860       0.236506       0.338656       0.115610      -0.003226      -0.004122       0.016759
       9.039000       0.424222       0.236152       0.339648       0.115525      -0.003168      -0.004294       0.016676
       9.079000       0.423592       0.235795       0.340635       0.115444      -0.003127      -0.004481       0.016613
       9.119000       0.422967       0.235437       0.341618       0.115367      -0.003113      -0.004675       0.016581
       9.159000       0.422345       0.235079       0.342599       0.115294      -0.003120      -0.004857       0.016583
       9.199000       0.421722       0.234722       0.343579       0.115222      -0.003122      -0.005008       0.016610
       9.239000       0.421103       0.234361       0.344560       0.115150      -0.003085      -0.005118       0.016641
       9.279000       0.420494       0.233989       0.345540       0.115074      -0.002975      -0.005185       0.016650
       9.319000       0.419907       0.233598       0.346519       0.114990      -0.002773      -0.005224       0.016615
       9.359000       0.419353       0.233176       0.347494       0.114893      -0.002479      -0.005259       0.016524
       9.399000       0.418842       0.232717       0.348464       0.114778      -0.002121      -0.005318       0.016379
       9.439000       0.418380       0.232216       0.349427       0.114638      -0.001751      -0.005420       0.016195
       9.479000       0.417964       0.231679       0.350380       0.114470      -0.001435      -0.005576       0.015992
       9.519000       0.417583       0.231116       0.351325       0.114277      -0.001240      -0.005788       0.015791
       9.559000       0.417215       0.230548       0.352261       0.114070      -0.001217      -0.006048       0.015611
       9.599000       0.416838       0.229997       0.353189       0.113871      -0.001391      -0.006341       0.015471
       9.639000       0.416426       0.229486       0.354112       0.113709      -0.001747      -0.006649       0.015379
       9.679000       0.415957       0.229035       0.355031       0.113606      -0.002239      -0.006953       0.015340
       9.719000       0.415420       0.228656       0.355948       0.113575      -0.002799      -0.007238       0.015354
       9.759000       0.414809       0.228349       0.356866       0.113618      -0.003352      -0.007488       0.015419
       9.799000       0.414132       0.228106       0.357786       0.113723      -0.003828      -0.007685       0.015524
       9.839000       0.413401       0.227913       0.358709       0.113865      -0.004176      -0.007815       0.015652
       9.879000       0.412637       0.227750       0.359637       0.114017      -0.004366      -0.007870       0.015772
       9.919000       0.411861       0.227597       0.360567       0.114151      -0.004392      -0.007858       0.015851
       9.959000       0.411093       0.227434       0.361497       0.114245      -0.004267      -0.007800       0.015863
       9.999000       0.410352       0.227248       0.362424       0.114287      -0.004016      -0.007731       0.015793
