      0.0060     0.999368     0.000632     0.000179    -0.000027
      0.1270     0.999368     0.000632     0.000180     0.000018
      0.2479     0.999368     0.000632     0.000170     0.000062
      0.3689     0.999368     0.000632     0.000149     0.000102
      0.4898     0.999368     0.000632     0.000119     0.000136
      0.6108     0.999368     0.000632     0.000082     0.000161
      0.7317     0.999368     0.000632     0.000039     0.000176
      0.8527     0.999368     0.000632    -0.000006     0.000180
      0.9736     0.999368     0.000632    -0.000050     0.000173
      1.0945     0.999368     0.000632    -0.000092     0.000156
      1.2155     0.999368     0.000632    -0.000128     0.000128
      1.3364     0.999368     0.000632    -0.000155     0.000092
      1.4574     0.999368     0.000632    -0.000174     0.000051
      1.5783     0.999368     0.000632    -0.000181     0.000007
      1.6993     0.999368     0.000632    -0.000177    -0.000039
      1.8202     0.999368     0.000632    -0.000162    -0.000081
      1.9412     0.999368     0.000632    -0.000138    -0.000119
      2.0621     0.999368     0.000632    -0.000104    -0.000149
      2.1830     0.999368     0.000632    -0.000064    -0.000170
      2.3040     0.999368     0.000632    -0.000020    -0.000181
      2.4249     0.999368     0.000632     0.000025    -0.000180
      2.5459     0.999368     0.000632     0.000068    -0.000169
      2.6668     0.999368     0.000632     0.000108    -0.000147
      2.7878     0.999368     0.000632     0.000140    -0.000116
      2.9087     0.999368     0.000632     0.000164    -0.000077
      3.0297     0.999368     0.000632     0.000178    -0.000034
      3.1506     0.999368     0.000632     0.000180     0.000011
      3.2715     0.999368     0.000632     0.000172     0.000055
      3.3925     0.999368     0.000632     0.000152     0.000096
      3.5134     0.999368     0.000632     0.000123     0.000130
      3.6344     0.999368     0.000632     0.000087     0.000157
      3.7553     0.999368     0.000632     0.000045     0.000173
      3.8763     0.999368     0.000632     0.000000     0.000179
      3.9972     0.999368     0.000632    -0.000045     0.000173
      4.1182     0.999368     0.000632    -0.000087     0.000157
      4.2391     0.999368     0.000632    -0.000124     0.000130
      4.3600     0.999368     0.000632    -0.000153     0.000095
      4.4810     0.999368     0.000632    -0.000172     0.000055
      4.6019     0.999368     0.000632    -0.000181     0.000010
      4.7229     0.999368     0.000632    -0.000179    -0.000035
      4.8438     0.999368     0.000632    -0.000166    -0.000078
      4.9648     0.999368     0.000632    -0.000142    -0.000117
      5.0857     0.999368     0.000632    -0.000110    -0.000149
      5.2066     0.999368     0.000632    -0.000070    -0.000171
      5.3276     0.999368     0.000632    -0.000027    -0.000183
      5.4485     0.999368     0.000632     0.000018    -0.000184
      5.5695     0.999368     0.000632     0.000062    -0.000174
      5.6904     0.999368     0.000632     0.000102    -0.000154
      5.8114     0.999368     0.000632     0.000136    -0.000124
      5.9323     0.999368     0.000632     0.000161    -0.000087
      6.0533     0.999368     0.000632     0.000176    -0.000044
      6.1742     0.999368     0.000632     0.000180     0.000000
      6.2951     0.999368     0.000632     0.000172     0.000045
      6.4161     0.999368     0.000632     0.000154     0.000086
      6.5370     0.999368     0.000632     0.000127     0.000121
      6.6580     0.999368     0.000632     0.000091     0.000148
      6.7789     0.999368     0.000632     0.000050     0.000166
      6.8999     0.999368     0.000632     0.000005     0.000173
      7.0208     0.999368     0.000632    -0.000040     0.000168
      7.1418     0.999368     0.000632    -0.000083     0.000153
      7.2627     0.999368     0.000632    -0.000120     0.000127
      7.3836     0.999368     0.000632    -0.000151     0.000093
      7.5046     0.999368     0.000632    -0.000172     0.000053
      7.6255     0.999368     0.000632    -0.000182     0.000008
      7.7465     0.999368     0.000632    -0.000181    -0.000037
      7.8674     0.999368     0.000632    -0.000169    -0.000081
      7.9884     0.999368     0.000632    -0.000147    -0.000121
      8.1093     0.999368     0.000632    -0.000116    -0.000154
      8.2303     0.999368     0.000632    -0.000078    -0.000178
      8.3512     0.999368     0.000632    -0.000035    -0.000193
      8.4721     0.999368     0.000632     0.000010    -0.000196
      8.5931     0.999368     0.000632     0.000054    -0.000187
      8.7140     0.999368     0.000632     0.000095    -0.000169
      8.8350     0.999368     0.000632     0.000129    -0.000141
      8.9559     0.999368     0.000632     0.000156    -0.000105
      9.0769     0.999368     0.000632     0.000172    -0.000064
      9.1978     0.999368     0.000632     0.000177    -0.000020
      9.3188     0.999368     0.000632     0.000171     0.000024
      9.4397     0.999368     0.000632     0.000155     0.000065
      9.5606     0.999368     0.000632     0.000128     0.000101
      9.6816     0.999368     0.000632     0.000093     0.000129
      9.8025     0.999368     0.000632     0.000052     0.000147
      9.9235     0.999368     0.000632     0.000008     0.000154
     10.0444     0.999368     0.000632    -0.000038     0.000151
     10.1654     0.999368     0.000632    -0.000081     0.000136
     10.2863     0.999368     0.000632    -0.000119     0.000111
     10.4072     0.999368     0.000632    -0.000151     0.000077
     10.5282     0.999368     0.000632    -0.000173     0.000036
     10.6491     0.999368     0.000632    -0.000185    -0.000009
     10.7701     0.999368     0.000632    -0.000186    -0.000056
     10.8910     0.999368     0.000632    -0.000176    -0.000101
     11.0120     0.999368     0.000632    -0.000155    -0.000143
     11.1329     0.999368     0.000632    -0.000125    -0.000178
     11.2539     0.999368     0.000632    -0.000088    -0.000205
     11.3748     0.999368     0.000632    -0.000046    -0.000222
     11.4957     0.999368     0.000632    -0.000001    -0.000227
     11.6167     0.999368     0.000632     0.000043    -0.000222
     11.7376     0.999368     0.000632     0.000084    -0.000206
     11.8586     0.999368     0.000632     0.000120    -0.000180
     11.9795     0.999368     0.000632     0.000147    -0.000147
     12.1005     0.999368     0.000632     0.000164    -0.000108
     12.2214     0.999368     0.000632     0.000171    -0.000066
     12.3424     0.999368     0.000632     0.000166    -0.000023
     12.4633     0.999368     0.000632     0.000151     0.000017
     12.5842     0.999368     0.000632     0.000125     0.000051
     12.7052     0.999368     0.000632     0.000091     0.000078
     12.8261     0.999368     0.000632     0.000050     0.000096
     12.9471     0.999368     0.000632     0.000006     0.000103
     13.0680     0.999368     0.000632    -0.000040     0.000099
     13.1890     0.999368     0.000632    -0.000084     0.000083
     13.3099     0.999368     0.000632    -0.000123     0.000057
     13.4309     0.999368     0.000632    -0.000156     0.000022
     13.5518     0.999368     0.000632    -0.000180    -0.000020
     13.6727     0.999368     0.000632    -0.000194    -0.000067
     13.7937     0.999368     0.000632    -0.000197    -0.000116
     13.9146     0.999368     0.000632    -0.000188    -0.000165
     14.0356     0.999368     0.000632    -0.000169    -0.000209
     14.1565     0.999368     0.000632    -0.000141    -0.000248
     14.2775     0.999368     0.000632    -0.000105    -0.000279
     14.3984     0.999368     0.000632    -0.000063    -0.000300
     14.5194     0.999368     0.000632    -0.000019    -0.000311
     14.6403     0.999368     0.000632     0.000025    -0.000310
     14.7612     0.999368     0.000632     0.000066    -0.000298
     14.8822     0.999368     0.000632     0.000102    -0.000277
     15.0031     0.999368     0.000632     0.000130    -0.000248
     15.1241     0.999368     0.000632     0.000148    -0.000213
     15.2450     0.999368     0.000632     0.000156    -0.000175
     15.3660     0.999368     0.000632     0.000152    -0.000136
     15.4869     0.999368     0.000632     0.000138    -0.000100
     15.6079     0.999368     0.000632     0.000113    -0.000068
     15.7288     0.999368     0.000632     0.000079    -0.000044
     15.8497     0.999368     0.000632     0.000039    -0.000029
     15.9707     0.999368     0.000632    -0.000006    -0.000025
     16.0916     0.999368     0.000632    -0.000052    -0.000032
     16.2126     0.999368     0.000632    -0.000097    -0.000051
     16.3335     0.999367     0.000633    -0.000138    -0.000080
     16.4545     0.999367     0.000633    -0.000172    -0.000119
     16.5754     0.999367     0.000633    -0.000198    -0.000165
     16.6963     0.999367     0.000633    -0.000214    -0.000217
     16.8173     0.999367     0.000633    -0.000218    -0.000271
     16.9382     0.999368     0.000632    -0.000212    -0.000325
     17.0592     0.999368     0.000632    -0.000195    -0.000376
     17.1801     0.999368     0.000632    -0.000168    -0.000422
     17.3011     0.999368     0.000632    -0.000134    -0.000460
     17.4220     0.999368     0.000632    -0.000093    -0.000488
     17.5430     0.999368     0.000632    -0.000050    -0.000506
     17.6639     0.999368     0.000632    -0.000007    -0.000513
     17.7848     0.999368     0.000632     0.000034    -0.000510
     17.9058     0.999368     0.000632     0.000070    -0.000496
     18.0267     0.999368     0.000632     0.000099    -0.000475
     18.1477     0.999368     0.000632     0.000118    -0.000448
     18.2686     0.999368     0.000632     0.000126    -0.000417
     18.3896     0.999368     0.000632     0.000124    -0.000386
     18.5105     0.999368     0.000632     0.000110    -0.000356
     18.6315     0.999368     0.000632     0.000085    -0.000332
     18.7524     0.999368     0.000632     0.000052    -0.000314
     18.8733     0.999367     0.000633     0.000012    -0.000306
     18.9943     0.999367     0.000633    -0.000033    -0.000309
     19.1152     0.999367     0.000633    -0.000080    -0.000323
     19.2362     0.999367     0.000633    -0.000126    -0.000349
     19.3571     0.999367     0.000633    -0.000168    -0.000386
     19.4781     0.999367     0.000633    -0.000204    -0.000432
     19.5990     0.999366     0.000634    -0.000232    -0.000487
     19.7200     0.999366     0.000634    -0.000250    -0.000548
     19.8409     0.999366     0.000634    -0.000258    -0.000611
     19.9618     0.999367     0.000633    -0.000254    -0.000675
     20.0828     0.999367     0.000633    -0.000239    -0.000737
     20.2037     0.999367     0.000633    -0.000214    -0.000794
     20.3247     0.999367     0.000633    -0.000181    -0.000843
     20.4456     0.999367     0.000633    -0.000143    -0.000884
     20.5666     0.999367     0.000633    -0.000100    -0.000914
     20.6875     0.999368     0.000632    -0.000058    -0.000934
     20.8085     0.999368     0.000632    -0.000017    -0.000943
     20.9294     0.999368     0.000632     0.000019    -0.000943
     21.0503     0.999368     0.000632     0.000047    -0.000935
     21.1713     0.999368     0.000632     0.000067    -0.000920
     21.2922     0.999368     0.000632     0.000076    -0.000902
     21.4132     0.999367     0.000633     0.000074    -0.000883
     21.5341     0.999367     0.000633     0.000061    -0.000866
     21.6551     0.999367     0.000633     0.000037    -0.000854
     21.7760     0.999366     0.000634     0.000004    -0.000849
     21.8969     0.999366     0.000634    -0.000036    -0.000853
     22.0179     0.999366     0.000634    -0.000081    -0.000867
     22.1388     0.999365     0.000635    -0.000129    -0.000894
     22.2598     0.999365     0.000635    -0.000176    -0.000932
     22.3807     0.999364     0.000636    -0.000219    -0.000982
     22.5017     0.999364     0.000636    -0.000257    -0.001041
     22.6226     0.999364     0.000636    -0.000287    -0.001110
     22.7436     0.999364     0.000636    -0.000307    -0.001184
     22.8645     0.999364     0.000636    -0.000317    -0.001262
     22.9854     0.999364     0.000636    -0.000315    -0.001342
     23.1064     0.999364     0.000636    -0.000302    -0.001419
     23.2273     0.999364     0.000636    -0.000280    -0.001492
     23.3483     0.999365     0.000635    -0.000249    -0.001558
     23.4692     0.999365     0.000635    -0.000212    -0.001616
     23.5902     0.999365     0.000635    -0.000172    -0.001664
     23.7111     0.999365     0.000635    -0.000130    -0.001702
     23.8321     0.999366     0.000634    -0.000090    -0.001729
     23.9530     0.999366     0.000634    -0.000055    -0.001747
     24.0739     0.999366     0.000634    -0.000026    -0.001757
     24.1949     0.999366     0.000634    -0.000007    -0.001761
     24.3158     0.999365     0.000635     0.000003    -0.001761
     24.4368     0.999365     0.000635     0.000002    -0.001760
     24.5577     0.999364     0.000636    -0.000011    -0.001761
     24.6787     0.999364     0.000636    -0.000034    -0.001767
     24.7996     0.999363     0.000637    -0.000066    -0.001779
     24.9206     0.999362     0.000638    -0.000105    -0.001801
     25.0415     0.999361     0.000639    -0.000150    -0.001833
     25.1624     0.999360     0.000640    -0.000196    -0.001877
     25.2834     0.999360     0.000640    -0.000243    -0.001932
     25.4043     0.999359     0.000641    -0.000287    -0.001999
     25.5253     0.999358     0.000642    -0.000325    -0.002076
     25.6462     0.999358     0.000642    -0.000356    -0.002161
     25.7672     0.999358     0.000642    -0.000377    -0.002253
     25.8881     0.999357     0.000643    -0.000388    -0.002349
     26.0091     0.999357     0.000643    -0.000389    -0.002447
     26.1300     0.999358     0.000642    -0.000378    -0.002543
     26.2509     0.999358     0.000642    -0.000359    -0.002635
     26.3719     0.999358     0.000642    -0.000331    -0.002721
     26.4928     0.999358     0.000642    -0.000297    -0.002799
     26.6138     0.999358     0.000642    -0.000259    -0.002868
     26.7347     0.999359     0.000641    -0.000220    -0.002927
     26.8557     0.999359     0.000641    -0.000183    -0.002977
     26.9766     0.999359     0.000641    -0.000150    -0.003018
     27.0976     0.999357     0.000643    -0.000124    -0.003051
     27.2185     0.999356     0.000644    -0.000105    -0.003079
     27.3394     0.999354     0.000646    -0.000096    -0.003103
     27.4604     0.999353     0.000647    -0.000098    -0.003126
     27.5813     0.999351     0.000649    -0.000109    -0.003153
     27.7023     0.999349     0.000651    -0.000131    -0.003183
     27.8232     0.999348     0.000652    -0.000161    -0.003219
     27.9442     0.999345     0.000655    -0.000199    -0.003265
     28.0651     0.999344     0.000656    -0.000241    -0.003321
     28.1860     0.999343     0.000657    -0.000286    -0.003387
     28.3070     0.999341     0.000659    -0.000331    -0.003464
     28.4279     0.999339     0.000661    -0.000374    -0.003552
     28.5489     0.999338     0.000662    -0.000412    -0.003651
     28.6698     0.999335     0.000665    -0.000444    -0.003759
     28.7908     0.999334     0.000666    -0.000468    -0.003873
     28.9117     0.999333     0.000667    -0.000483    -0.003993
     29.0327     0.999330     0.000670    -0.000488    -0.004115
     29.1536     0.999330     0.000670    -0.000485    -0.004237
     29.2745     0.999329     0.000671    -0.000473    -0.004353
     29.3955     0.999329     0.000671    -0.000454    -0.004468
     29.5164     0.999326     0.000674    -0.000429    -0.004577
     29.6374     0.999321     0.000679    -0.000402    -0.004677
     29.7583     0.999320     0.000680    -0.000373    -0.004769
     29.8793     0.999313     0.000687    -0.000346    -0.004855
     30.0002     0.999307     0.000693    -0.000322    -0.004930
     30.1212     0.999293     0.000707    -0.000304    -0.005003
     30.2421     0.999284     0.000716    -0.000294    -0.005074
     30.3630     0.999266     0.000734    -0.000292    -0.005137
     30.4840     0.999247     0.000753    -0.000301    -0.005201
     30.6049     0.999233     0.000767    -0.000320    -0.005269
     30.7259     0.999210     0.000790    -0.000349    -0.005347
     30.8468     0.999187     0.000813    -0.000389    -0.005425
     30.9678     0.999170     0.000830    -0.000438    -0.005503
     31.0887     0.999144     0.000856    -0.000495    -0.005598
     31.2097     0.999116     0.000884    -0.000557    -0.005704
     31.3306     0.999081     0.000919    -0.000624    -0.005828
     31.4515     0.999047     0.000953    -0.000691    -0.005967
     31.5725     0.999019     0.000981    -0.000758    -0.006109
     31.6934     0.998966     0.001034    -0.000822    -0.006265
     31.8144     0.998920     0.001080    -0.000880    -0.006437
     31.9353     0.998861     0.001139    -0.000931    -0.006625
     32.0563     0.998797     0.001203    -0.000973    -0.006822
     32.1772     0.998738     0.001262    -0.001006    -0.007020
     32.2982     0.998671     0.001329    -0.001030    -0.007218
     32.4191     0.998582     0.001418    -0.001043    -0.007424
     32.5400     0.998484     0.001516    -0.001047    -0.007624
     32.6610     0.998405     0.001595    -0.001043    -0.007833
     32.7819     0.998289     0.001711    -0.001035    -0.008037
     32.9029     0.998158     0.001842    -0.001022    -0.008221
     33.0238     0.998031     0.001969    -0.001009    -0.008411
     33.1448     0.997896     0.002104    -0.000998    -0.008598
     33.2657     0.997754     0.002246    -0.000995    -0.008786
     33.3866     0.997571     0.002429    -0.000999    -0.008946
     33.5076     0.997373     0.002627    -0.001014    -0.009112
     33.6285     0.997149     0.002851    -0.001039    -0.009278
     33.7495     0.996883     0.003117    -0.001078    -0.009429
     33.8704     0.996635     0.003365    -0.001129    -0.009585
     33.9914     0.996324     0.003676    -0.001193    -0.009716
     34.1123     0.995993     0.004007    -0.001266    -0.009897
     34.2333     0.995681     0.004319    -0.001351    -0.010103
     34.3542     0.995278     0.004722    -0.001440    -0.010314
     34.4751     0.994883     0.005117    -0.001531    -0.010577
     34.5961     0.994450     0.005550    -0.001620    -0.010864
     34.7170     0.993977     0.006023    -0.001700    -0.011181
     34.8380     0.993439     0.006561    -0.001769    -0.011515
     34.9589     0.992858     0.007142    -0.001817    -0.011848
     35.0799     0.992236     0.007764    -0.001841    -0.012146
     35.2008     0.991601     0.008399    -0.001838    -0.012436
     35.3218     0.990853     0.009147    -0.001801    -0.012779
     35.4427     0.990127     0.009873    -0.001731    -0.013158
     35.5636     0.989274     0.010726    -0.001624    -0.013516
     35.6846     0.988352     0.011648    -0.001478    -0.013837
     35.8055     0.987383     0.012617    -0.001296    -0.014078
     35.9265     0.986436     0.013564    -0.001081    -0.014330
     36.0474     0.985342     0.014658    -0.000838    -0.014580
     36.1684     0.984173     0.015827    -0.000567    -0.014826
     36.2893     0.982951     0.017049    -0.000268    -0.014982
     36.4103     0.981696     0.018304     0.000047    -0.015157
     36.5312     0.980346     0.019654     0.000381    -0.015292
     36.6521     0.978965     0.021035     0.000729    -0.015400
     36.7731     0.977391     0.022609     0.001094    -0.015522
     36.8940     0.975648     0.024352     0.001483    -0.015664
     37.0150     0.973848     0.026152     0.001904    -0.015701
     37.1359     0.971884     0.028116     0.002366    -0.015860
     37.2569     0.969815     0.030185     0.002874    -0.015944
     37.3778     0.967654     0.032346     0.003439    -0.016076
     37.4988     0.965353     0.034647     0.004072    -0.016156
     37.6197     0.962966     0.037034     0.004781    -0.016199
     37.7406     0.960465     0.039535     0.005576    -0.016227
     37.8616     0.957947     0.042053     0.006464    -0.016420
     37.9825     0.955136     0.044864     0.007456    -0.016456
     38.1035     0.952326     0.047674     0.008559    -0.016544
     38.2244     0.949387     0.050613     0.009770    -0.016553
     38.3454     0.946378     0.053622     0.011099    -0.016499
     38.4663     0.943252     0.056748     0.012547    -0.016496
     38.5873     0.940026     0.059974     0.014109    -0.016324
     38.7082     0.936605     0.063395     0.015788    -0.016168
     38.8291     0.932802     0.067198     0.017591    -0.015939
     38.9501     0.929219     0.070781     0.019517    -0.015530
     39.0710     0.925372     0.074628     0.021549    -0.015107
     39.1920     0.921559     0.078441     0.023687    -0.014756
     39.3129     0.917374     0.082626     0.025928    -0.014268
     39.4339     0.913386     0.086614     0.028277    -0.013727
     39.5548     0.909237     0.090763     0.030715    -0.013119
     39.6757     0.905051     0.094949     0.033243    -0.012513
     39.7967     0.900600     0.099400     0.035874    -0.012051
     39.9176     0.895944     0.104056     0.038610    -0.011399
     40.0386     0.891294     0.108706     0.041457    -0.010796
     40.1595     0.886568     0.113432     0.044422    -0.010208
     40.2805     0.881707     0.118293     0.047506    -0.009574
     40.4014     0.876768     0.123232     0.050716    -0.008719
     40.5224     0.871584     0.128416     0.054062    -0.008125
     40.6433     0.866393     0.133607     0.057554    -0.007475
     40.7642     0.860957     0.139043     0.061198    -0.006630
     40.8852     0.855642     0.144358     0.065000    -0.005906
     41.0061     0.850262     0.149738     0.068953    -0.005155
     41.1271     0.844806     0.155194     0.073059    -0.004249
     41.2480     0.839466     0.160534     0.077312    -0.003596
     41.3690     0.833952     0.166048     0.081715    -0.002795
     41.4899     0.828449     0.171551     0.086260    -0.001904
     41.6109     0.822888     0.177112     0.090952    -0.001056
     41.7318     0.817441     0.182559     0.095773     0.000007
     41.8527     0.811960     0.188040     0.100716     0.001026
     41.9737     0.806613     0.193387     0.105767     0.001561
     42.0946     0.801019     0.198981     0.110921     0.002514
     42.2156     0.795411     0.204589     0.116170     0.003425
     42.3365     0.789809     0.210191     0.121507     0.004317
     42.4575     0.784299     0.215701     0.126919     0.005311
     42.5784     0.778606     0.221394     0.132385     0.006388
     42.6994     0.773067     0.226933     0.137896     0.007506
     42.8203     0.767269     0.232731     0.143449     0.008617
     42.9412     0.761598     0.238402     0.149036     0.009651
     43.0622     0.756243     0.243757     0.154630     0.010724
     43.1831     0.750961     0.249039     0.160219     0.011735
     43.3041     0.745439     0.254561     0.165794     0.012790
     43.4250     0.740041     0.259959     0.171360     0.013640
     43.5460     0.734828     0.265172     0.176907     0.014777
     43.6669     0.729666     0.270334     0.182417     0.015620
     43.7879     0.724470     0.275530     0.187885     0.016431
     43.9088     0.719218     0.280782     0.193319     0.017322
     44.0297     0.714399     0.285601     0.198710     0.018157
     44.1507     0.709478     0.290522     0.204046     0.019058
     44.2716     0.704570     0.295430     0.209334     0.019836
     44.3926     0.699571     0.300429     0.214569     0.020595
     44.5135     0.695110     0.304890     0.219740     0.021550
     44.6345     0.690381     0.309619     0.224837     0.022418
     44.7554     0.686001     0.313999     0.229865     0.023178
     44.8764     0.681790     0.318210     0.234803     0.024115
     44.9973     0.677408     0.322592     0.239642     0.025063
     45.1182     0.673458     0.326542     0.244367     0.025923
     45.2392     0.669673     0.330327     0.248952     0.026689
     45.3601     0.665714     0.334286     0.253404     0.027692
     45.4811     0.662099     0.337901     0.257706     0.028462
     45.6020     0.658604     0.341396     0.261823     0.029276
     45.7230     0.654761     0.345239     0.265771     0.030090
     45.8439     0.651433     0.348567     0.269533     0.030804
     45.9648     0.648055     0.351945     0.273091     0.031824
     46.0858     0.644502     0.355498     0.276448     0.033136
     46.2067     0.641520     0.358480     0.279585     0.034317
     46.3277     0.638250     0.361750     0.282477     0.035380
     46.4486     0.635478     0.364522     0.285123     0.036616
     46.5696     0.632615     0.367385     0.287525     0.038072
     46.6905     0.630167     0.369833     0.289678     0.039245
     46.8115     0.627825     0.372175     0.291565     0.040301
     46.9324     0.625510     0.374490     0.293198     0.041423
     47.0533     0.623448     0.376552     0.294567     0.042652
     47.1743     0.621281     0.378719     0.295664     0.043920
     47.2952     0.619275     0.380725     0.296501     0.045215
     47.4162     0.617220     0.382780     0.297072     0.046310
     47.5371     0.615473     0.384527     0.297381     0.047790
     47.6581     0.614146     0.385854     0.297443     0.049016
     47.7790     0.612804     0.387196     0.297249     0.050297
     47.9000     0.611704     0.388296     0.296811     0.051496
     48.0209     0.610535     0.389465     0.296140     0.053002
     48.1418     0.609421     0.390579     0.295224     0.054237
     48.2628     0.608575     0.391425     0.294061     0.055524
     48.3837     0.607789     0.392211     0.292656     0.056730
     48.5047     0.607398     0.392602     0.291019     0.058237
     48.6256     0.607074     0.392926     0.289159     0.059468
     48.7466     0.606948     0.393052     0.287080     0.060738
     48.8675     0.606765     0.393235     0.284774     0.062055
     48.9885     0.606994     0.393006     0.282247     0.063317
     49.1094     0.607186     0.392814     0.279508     0.064617
     49.2303     0.607618     0.392382     0.276563     0.065843
     49.3513     0.608154     0.391846     0.273414     0.067168
     49.4722     0.608722     0.391278     0.270051     0.068348
     49.5932     0.609270     0.390730     0.266466     0.069645
     49.7141     0.610352     0.389648     0.262680     0.071038
     49.8351     0.611400     0.388600     0.258699     0.072405
     49.9560     0.612439     0.387561     0.254522     0.073593
     50.0770     0.613586     0.386414     0.250153     0.074649
     50.1979     0.615074     0.384926     0.245618     0.075987
     50.3188     0.616644     0.383356     0.240930     0.076949
     50.4398     0.618388     0.381612     0.236104     0.077826
     50.5607     0.620188     0.379812     0.231149     0.078558
     50.6817     0.622005     0.377995     0.226079     0.079135
     50.8026     0.623954     0.376046     0.220903     0.079746
     50.9236     0.626319     0.373681     0.215654     0.080260
     51.0445     0.628636     0.371364     0.210344     0.080749
     51.1654     0.631068     0.368932     0.204979     0.080951
     51.2864     0.633369     0.366631     0.199565     0.081072
     51.4073     0.635715     0.364285     0.194114     0.081232
     51.5283     0.638130     0.361870     0.188635     0.081313
     51.6492     0.640600     0.359400     0.183129     0.081254
     51.7702     0.643333     0.356667     0.177612     0.081299
     51.8911     0.646151     0.353849     0.172100     0.081133
     52.0121     0.648947     0.351053     0.166605     0.080939
     52.1330     0.651846     0.348154     0.161125     0.080738
     52.2539     0.654724     0.345276     0.155665     0.080452
     52.3749     0.657548     0.342452     0.150227     0.079966
     52.4958     0.660533     0.339467     0.144816     0.079487
     52.6168     0.663592     0.336408     0.139448     0.078882
     52.7377     0.666683     0.333317     0.134128     0.078286
     52.8587     0.670040     0.329960     0.128867     0.077512
     52.9796     0.673220     0.326780     0.123672     0.076709
     53.1006     0.676102     0.323898     0.118539     0.075777
     53.2215     0.679268     0.320732     0.113464     0.074868
     53.3424     0.682479     0.317521     0.108475     0.073901
     53.4634     0.685780     0.314220     0.103578     0.072855
     53.5843     0.688992     0.311008     0.098786     0.071779
     53.7053     0.692168     0.307832     0.094101     0.070498
     53.8262     0.695097     0.304903     0.089525     0.068963
     53.9472     0.698242     0.301758     0.085063     0.067572
     54.0681     0.701343     0.298657     0.080728     0.066091
     54.1891     0.704331     0.295669     0.076520     0.064504
     54.3100     0.707333     0.292667     0.072450     0.063108
     54.4309     0.710173     0.289827     0.068511     0.061474
     54.5519     0.713005     0.286995     0.064699     0.059879
     54.6728     0.715940     0.284060     0.061028     0.058459
     54.7938     0.718671     0.281329     0.057494     0.056833
     54.9147     0.721372     0.278628     0.054092     0.055294
     55.0357     0.724136     0.275864     0.050826     0.053883
     55.1566     0.726652     0.273348     0.047690     0.052377
     55.2776     0.729250     0.270750     0.044679     0.050884
     55.3985     0.731753     0.268247     0.041800     0.049551
     55.5194     0.734054     0.265946     0.039042     0.047926
     55.6404     0.736453     0.263547     0.036404     0.046329
     55.7613     0.738816     0.261184     0.033891     0.044803
     55.8823     0.741145     0.258855     0.031501     0.043390
     56.0032     0.743418     0.256582     0.029235     0.041983
     56.1242     0.745614     0.254386     0.027093     0.040539
     56.2451     0.747586     0.252414     0.025062     0.039066
     56.3661     0.749677     0.250323     0.023147     0.037485
     56.4870     0.751554     0.248446     0.021348     0.036018
     56.6079     0.753309     0.246691     0.019651     0.034497
     56.7289     0.755030     0.244970     0.018055     0.033055
     56.8498     0.756748     0.243252     0.016563     0.031596
     56.9708     0.758423     0.241577     0.015175     0.030251
     57.0917     0.759982     0.240018     0.013888     0.028941
     57.2127     0.761462     0.238538     0.012695     0.027669
     57.3336     0.762970     0.237030     0.011600     0.026347
     57.4545     0.764340     0.235660     0.010592     0.025067
     57.5755     0.765613     0.234387     0.009668     0.023792
     57.6964     0.766786     0.233214     0.008820     0.022692
     57.8174     0.767930     0.232070     0.008039     0.021638
     57.9383     0.769057     0.230943     0.007322     0.020723
     58.0593     0.770141     0.229859     0.006664     0.019810
     58.1802     0.771179     0.228821     0.006057     0.018940
     58.3012     0.772234     0.227766     0.005495     0.018161
     58.4221     0.773157     0.226843     0.004969     0.017385
     58.5430     0.774045     0.225955     0.004471     0.016704
     58.6640     0.774859     0.225141     0.003993     0.016124
     58.7849     0.775650     0.224350     0.003530     0.015492
     58.9059     0.776386     0.223614     0.003079     0.014926
     59.0268     0.777132     0.222868     0.002641     0.014364
     59.1478     0.777793     0.222207     0.002214     0.013808
     59.2687     0.778392     0.221608     0.001795     0.013198
     59.3897     0.779029     0.220971     0.001389     0.012688
     59.5106     0.779561     0.220439     0.001003     0.012100
     59.6315     0.780112     0.219888     0.000638     0.011593
     59.7525     0.780640     0.219360     0.000302     0.011050
     59.8734     0.781071     0.218929    -0.000001     0.010534
     59.9944     0.781520     0.218480    -0.000266     0.010003
     60.1153     0.781922     0.218078    -0.000489     0.009424
     60.2363     0.782318     0.217682    -0.000666     0.008847
     60.3572     0.782751     0.217249    -0.000793     0.008300
     60.4782     0.783056     0.216944    -0.000869     0.007774
     60.5991     0.783381     0.216619    -0.000899     0.007270
     60.7200     0.783685     0.216315    -0.000884     0.006793
     60.8410     0.783940     0.216060    -0.000829     0.006369
     60.9619     0.784192     0.215808    -0.000739     0.006008
     61.0829     0.784418     0.215582    -0.000623     0.005644
     61.2038     0.784638     0.215362    -0.000490     0.005350
     61.3248     0.784877     0.215123    -0.000345     0.005121
     61.4457     0.785061     0.214939    -0.000199     0.004954
     61.5667     0.785238     0.214762    -0.000063     0.004833
     61.6876     0.785399     0.214601     0.000055     0.004756
     61.8085     0.785553     0.214447     0.000149     0.004734
     61.9295     0.785687     0.214313     0.000213     0.004725
     62.0504     0.785786     0.214214     0.000240     0.004733
     62.1714     0.785898     0.214102     0.000229     0.004738
     62.2923     0.786018     0.213982     0.000181     0.004762
     62.4133     0.786105     0.213895     0.000099     0.004767
     62.5342     0.786186     0.213814    -0.000013     0.004764
     62.6551     0.786271     0.213729    -0.000150     0.004730
     62.7761     0.786361     0.213639    -0.000303     0.004652
     62.8970     0.786440     0.213560    -0.000462     0.004528
     63.0180     0.786502     0.213498    -0.000618     0.004381
     63.1389     0.786561     0.213439    -0.000762     0.004199
     63.2599     0.786622     0.213378    -0.000885     0.003977
     63.3808     0.786678     0.213322    -0.000978     0.003747
     63.5018     0.786731     0.213269    -0.001036     0.003507
     63.6227     0.786779     0.213221    -0.001053     0.003262
     63.7436     0.786815     0.213185    -0.001029     0.003005
     63.8646     0.786855     0.213145    -0.000964     0.002749
     63.9855     0.786886     0.213114    -0.000860     0.002520
     64.1065     0.786911     0.213089    -0.000723     0.002327
     64.2274     0.786931     0.213069    -0.000561     0.002171
     64.3484     0.786945     0.213055    -0.000383     0.002056
     64.4693     0.786968     0.213032    -0.000198     0.001990
     64.5903     0.786988     0.213012    -0.000018     0.001966
     64.7112     0.787005     0.212995     0.000148     0.001986
     64.8321     0.787017     0.212983     0.000290     0.002044
     64.9531     0.787022     0.212978     0.000400     0.002128
     65.0740     0.787035     0.212965     0.000470     0.002239
     65.1950     0.787041     0.212959     0.000497     0.002355
     65.3159     0.787056     0.212944     0.000480     0.002481
     65.4369     0.787063     0.212937     0.000421     0.002597
     65.5578     0.787067     0.212933     0.000321     0.002697
     65.6788     0.787072     0.212928     0.000188     0.002761
     65.7997     0.787080     0.212920     0.000031     0.002786
     65.9206     0.787090     0.212910    -0.000141     0.002770
     66.0416     0.787094     0.212906    -0.000317     0.002712
     66.1625     0.787098     0.212902    -0.000485     0.002613
     66.2835     0.787097     0.212903    -0.000637     0.002480
     66.4044     0.787101     0.212899    -0.000760     0.002302
     66.5254     0.787104     0.212896    -0.000849     0.002103
     66.6463     0.787110     0.212890    -0.000896     0.001885
     66.7673     0.787114     0.212886    -0.000898     0.001662
     66.8882     0.787122     0.212878    -0.000856     0.001444
     67.0091     0.787126     0.212874    -0.000770     0.001243
     67.1301     0.787131     0.212869    -0.000647     0.001065
     67.2510     0.787137     0.212863    -0.000493     0.000927
     67.3720     0.787141     0.212859    -0.000318     0.000827
     67.4929     0.787144     0.212856    -0.000133     0.000772
     67.6139     0.787146     0.212854     0.000052     0.000766
     67.7348     0.787146     0.212854     0.000224     0.000802
     67.8558     0.787146     0.212854     0.000373     0.000877
     67.9767     0.787146     0.212854     0.000490     0.000988
     68.0976     0.787147     0.212853     0.000568     0.001122
     68.2186     0.787146     0.212854     0.000602     0.001269
     68.3395     0.787145     0.212855     0.000590     0.001420
     68.4605     0.787144     0.212856     0.000534     0.001562
     68.5814     0.787141     0.212859     0.000436     0.001687
     68.7024     0.787142     0.212858     0.000302     0.001779
     68.8233     0.787141     0.212859     0.000143     0.001835
     68.9442     0.787141     0.212859    -0.000033     0.001848
     69.0652     0.787141     0.212859    -0.000215     0.001817
     69.1861     0.787141     0.212859    -0.000390     0.001742
     69.3071     0.787142     0.212858    -0.000547     0.001624
     69.4280     0.787143     0.212857    -0.000677     0.001471
     69.5490     0.787144     0.212856    -0.000772     0.001288
     69.6699     0.787146     0.212854    -0.000825     0.001087
     69.7909     0.787148     0.212852    -0.000832     0.000878
     69.9118     0.787149     0.212851    -0.000794     0.000674
     70.0327     0.787151     0.212849    -0.000712     0.000484
     70.1537     0.787152     0.212848    -0.000591     0.000320
     70.2746     0.787153     0.212847    -0.000440     0.000190
     70.3956     0.787154     0.212846    -0.000266     0.000101
     70.5165     0.787154     0.212846    -0.000082     0.000058
     70.6375     0.787155     0.212845     0.000102     0.000060
     70.7584     0.787154     0.212846     0.000273     0.000108
     70.8794     0.787154     0.212846     0.000423     0.000196
     71.0003     0.787153     0.212847     0.000540     0.000318
     71.1212     0.787152     0.212848     0.000619     0.000464
     71.2422     0.787151     0.212849     0.000654     0.000624
     71.3631     0.787150     0.212850     0.000643     0.000788
     71.4841     0.787149     0.212851     0.000587     0.000943
     71.6050     0.787148     0.212852     0.000489     0.001078
     71.7260     0.787147     0.212853     0.000356     0.001184
     71.8469     0.787147     0.212853     0.000197     0.001254
     71.9679     0.787146     0.212854     0.000021     0.001281
     72.0888     0.787146     0.212854    -0.000161     0.001263
     72.2097     0.787147     0.212853    -0.000336     0.001200
     72.3307     0.787147     0.212853    -0.000495     0.001095
     72.4516     0.787148     0.212852    -0.000626     0.000954
     72.5726     0.787149     0.212851    -0.000723     0.000785
     72.6935     0.787150     0.212850    -0.000777     0.000596
     72.8145     0.787151     0.212849    -0.000787     0.000399
     72.9354     0.787152     0.212848    -0.000751     0.000205
     73.0564     0.787153     0.212847    -0.000672     0.000026
     73.1773     0.787154     0.212846    -0.000554    -0.000129
     73.2982     0.787154     0.212846    -0.000405    -0.000249
     73.4192     0.787155     0.212845    -0.000234    -0.000330
     73.5401     0.787155     0.212845    -0.000051    -0.000365
     73.6611     0.787155     0.212845     0.000131    -0.000355
     73.7820     0.787154     0.212846     0.000302    -0.000300
     73.9030     0.787154     0.212846     0.000451    -0.000205
     74.0239     0.787153     0.212847     0.000569    -0.000077
     74.1448     0.787153     0.212847     0.000649     0.000077
     74.2658     0.787152     0.212848     0.000685     0.000245
     74.3867     0.787151     0.212849     0.000675     0.000417
     74.5077     0.787150     0.212850     0.000621     0.000580
     74.6286     0.787150     0.212850     0.000526     0.000725
     74.7496     0.787149     0.212851     0.000395     0.000841
     74.8705     0.787149     0.212851     0.000237     0.000920
     74.9915     0.787149     0.212851     0.000062     0.000958
     75.1124     0.787149     0.212851    -0.000119     0.000951
     75.2333     0.787149     0.212851    -0.000295     0.000899
     75.3543     0.787149     0.212851    -0.000455     0.000804
     75.4752     0.787150     0.212850    -0.000588     0.000673
     75.5962     0.787151     0.212849    -0.000687     0.000512
     75.7171     0.787151     0.212849    -0.000744     0.000332
     75.8381     0.787152     0.212848    -0.000758     0.000143
     75.9590     0.787153     0.212847    -0.000725    -0.000043
     76.0800     0.787153     0.212847    -0.000650    -0.000216
     76.2009     0.787154     0.212846    -0.000535    -0.000366
     76.3218     0.787154     0.212846    -0.000389    -0.000482
     76.4428     0.787154     0.212846    -0.000220    -0.000558
     76.5637     0.787154     0.212846    -0.000039    -0.000591
     76.6847     0.787154     0.212846     0.000142    -0.000578
     76.8056     0.787154     0.212846     0.000314    -0.000521
     76.9266     0.787154     0.212846     0.000464    -0.000423
     77.0475     0.787153     0.212847     0.000584    -0.000291
     77.1685     0.787153     0.212847     0.000666    -0.000134
     77.2894     0.787152     0.212848     0.000706     0.000039
     77.4103     0.787152     0.212848     0.000700     0.000216
     77.5313     0.787151     0.212849     0.000649     0.000385
     77.6522     0.787151     0.212849     0.000557     0.000537
     77.7732     0.787150     0.212850     0.000428     0.000661
     77.8941     0.787150     0.212850     0.000272     0.000749
     78.0151     0.787150     0.212850     0.000098     0.000796
     78.1360     0.787150     0.212850    -0.000083     0.000798
     78.2570     0.787150     0.212850    -0.000260     0.000755
     78.3779     0.787150     0.212850    -0.000422     0.000669
     78.4988     0.787151     0.212849    -0.000558     0.000546
     78.6198     0.787151     0.212849    -0.000661     0.000393
     78.7407     0.787152     0.212848    -0.000723     0.000218
     78.8617     0.787152     0.212848    -0.000741     0.000034
     78.9826     0.787152     0.212848    -0.000714    -0.000149
     79.1036     0.787153     0.212847    -0.000643    -0.000319
     79.2245     0.787153     0.212847    -0.000533    -0.000467
     79.3455     0.787153     0.212847    -0.000391    -0.000584
     79.4664     0.787154     0.212846    -0.000224    -0.000661
     79.5873     0.787154     0.212846    -0.000045    -0.000695
     79.7083     0.787153     0.212847     0.000137    -0.000683
     79.8292     0.787153     0.212847     0.000309    -0.000627
     79.9502     0.787153     0.212847     0.000462    -0.000530
     80.0711     0.787153     0.212847     0.000585    -0.000399
     80.1921     0.787152     0.212848     0.000672    -0.000241
     80.3130     0.787152     0.212848     0.000716    -0.000066
     80.4339     0.787152     0.212848     0.000714     0.000114
     80.5549     0.787151     0.212849     0.000669     0.000287
     80.6758     0.787151     0.212849     0.000580     0.000445
     80.7968     0.787151     0.212849     0.000456     0.000575
     80.9177     0.787151     0.212849     0.000302     0.000670
     81.0387     0.787151     0.212849     0.000130     0.000724
     81.1596     0.787151     0.212849    -0.000051     0.000734
     81.2806     0.787151     0.212849    -0.000230     0.000699
     81.4015     0.787151     0.212849    -0.000394     0.000621
     81.5224     0.787151     0.212849    -0.000534     0.000504
     81.6434     0.787151     0.212849    -0.000641     0.000356
     81.7643     0.787152     0.212848    -0.000709     0.000186
     81.8853     0.787152     0.212848    -0.000733     0.000005
     82.0062     0.787152     0.212848    -0.000712    -0.000176
     82.1272     0.787153     0.212847    -0.000646    -0.000347
     82.2481     0.787153     0.212847    -0.000541    -0.000496
     82.3691     0.787153     0.212847    -0.000402    -0.000615
     82.4900     0.787153     0.212847    -0.000238    -0.000695
     82.6109     0.787153     0.212847    -0.000060    -0.000733
     82.7319     0.787153     0.212847     0.000121    -0.000725
     82.8528     0.787153     0.212847     0.000295    -0.000673
     82.9738     0.787153     0.212847     0.000451    -0.000579
     83.0947     0.787152     0.212848     0.000578    -0.000450
     83.2157     0.787152     0.212848     0.000669    -0.000293
     83.3366     0.787152     0.212848     0.000718    -0.000119
     83.4576     0.787152     0.212848     0.000723     0.000062
     83.5785     0.787152     0.212848     0.000682     0.000239
     83.6994     0.787151     0.212849     0.000599     0.000400
     83.8204     0.787151     0.212849     0.000478     0.000535
     83.9413     0.787151     0.212849     0.000328     0.000636
     84.0623     0.787151     0.212849     0.000157     0.000697
     84.1832     0.787151     0.212849    -0.000024     0.000714
     84.3042     0.787151     0.212849    -0.000203     0.000686
     84.4251     0.787151     0.212849    -0.000370     0.000614
     84.5461     0.787151     0.212849    -0.000514     0.000503
     84.6670     0.787152     0.212848    -0.000626     0.000359
     84.7879     0.787152     0.212848    -0.000699     0.000193
     84.9089     0.787152     0.212848    -0.000729     0.000013
     85.0298     0.787152     0.212848    -0.000713    -0.000168
     85.1508     0.787152     0.212848    -0.000653    -0.000339
     85.2717     0.787152     0.212848    -0.000553    -0.000491
     85.3927     0.787152     0.212848    -0.000418    -0.000613
     85.5136     0.787153     0.212847    -0.000258    -0.000698
     85.6345     0.787153     0.212847    -0.000081    -0.000741
     85.7555     0.787152     0.212848     0.000101    -0.000738
     85.8764     0.787152     0.212848     0.000276    -0.000691
     85.9974     0.787152     0.212848     0.000435    -0.000601
     86.1183     0.787152     0.212848     0.000566    -0.000476
     86.2393     0.787152     0.212848     0.000662    -0.000321
     86.3602     0.787152     0.212848     0.000716    -0.000148
     86.4812     0.787152     0.212848     0.000727     0.000033
     86.6021     0.787152     0.212848     0.000692     0.000211
     86.7230     0.787152     0.212848     0.000614     0.000376
     86.8440     0.787151     0.212849     0.000498     0.000515
     86.9649     0.787151     0.212849     0.000351     0.000622
     87.0859     0.787151     0.212849     0.000182     0.000689
     87.2068     0.787151     0.212849     0.000002     0.000712
     87.3278     0.787152     0.212848    -0.000178     0.000690
     87.4487     0.787152     0.212848    -0.000348     0.000624
     87.5697     0.787152     0.212848    -0.000495     0.000518
     87.6906     0.787152     0.212848    -0.000612     0.000379
     87.8115     0.787152     0.212848    -0.000690     0.000215
     87.9325     0.787152     0.212848    -0.000726     0.000037
     88.0534     0.787152     0.212848    -0.000717    -0.000144
     88.1744     0.787152     0.212848    -0.000662    -0.000318
     88.2953     0.787152     0.212848    -0.000567    -0.000472
     88.4163     0.787152     0.212848    -0.000437    -0.000598
     88.5372     0.787152     0.212848    -0.000279    -0.000688
     88.6582     0.787152     0.212848    -0.000104    -0.000736
     88.7791     0.787152     0.212848     0.000078    -0.000739
     88.9000     0.787152     0.212848     0.000255    -0.000698
     89.0210     0.787152     0.212848     0.000416    -0.000613
     89.1419     0.787152     0.212848     0.000551    -0.000492
     89.2629     0.787152     0.212848     0.000652    -0.000341
     89.3838     0.787152     0.212848     0.000712    -0.000169
     89.5048     0.787152     0.212848     0.000729     0.000012
     89.6257     0.787152     0.212848     0.000700     0.000191
     89.7467     0.787152     0.212848     0.000627     0.000358
     89.8676     0.787152     0.212848     0.000516     0.000502
     89.9885     0.787152     0.212848     0.000372     0.000613
     90.1095     0.787152     0.212848     0.000206     0.000686
     90.2304     0.787152     0.212848     0.000026     0.000715
     90.3514     0.787152     0.212848    -0.000155     0.000699
     90.4723     0.787152     0.212848    -0.000326     0.000638
     90.5933     0.787152     0.212848    -0.000477     0.000537
     90.7142     0.787152     0.212848    -0.000598     0.000402
     90.8352     0.787152     0.212848    -0.000682     0.000241
     90.9561     0.787152     0.212848    -0.000724     0.000065
     91.0770     0.787152     0.212848    -0.000720    -0.000117
     91.1980     0.787152     0.212848    -0.000672    -0.000292
     91.3189     0.787152     0.212848    -0.000582    -0.000449
     91.4399     0.787152     0.212848    -0.000455    -0.000579
     91.5608     0.787152     0.212848    -0.000301    -0.000674
     91.6818     0.787152     0.212848    -0.000127    -0.000728
     91.8027     0.787152     0.212848     0.000054    -0.000737
     91.9236     0.787152     0.212848     0.000232    -0.000701
     92.0446     0.787152     0.212848     0.000396    -0.000623
     92.1655     0.787152     0.212848     0.000535    -0.000506
     92.2865     0.787152     0.212848     0.000641    -0.000358
     92.4074     0.787152     0.212848     0.000707    -0.000188
     92.5284     0.787152     0.212848     0.000729    -0.000008
     92.6493     0.787152     0.212848     0.000706     0.000172
     92.7703     0.787152     0.212848     0.000639     0.000341
     92.8912     0.787152     0.212848     0.000532     0.000489
     93.0121     0.787152     0.212848     0.000393     0.000605
     93.1331     0.787152     0.212848     0.000229     0.000683
     93.2540     0.787152     0.212848     0.000050     0.000718
     93.3750     0.787152     0.212848    -0.000131     0.000708
     93.4959     0.787152     0.212848    -0.000304     0.000653
     93.6169     0.787152     0.212848    -0.000458     0.000557
     93.7378     0.787152     0.212848    -0.000584     0.000426
     93.8588     0.787152     0.212848    -0.000673     0.000268
     93.9797     0.787152     0.212848    -0.000721     0.000093
     94.1006     0.787152     0.212848    -0.000723    -0.000089
     94.2216     0.787152     0.212848    -0.000681    -0.000265
     94.3425     0.787152     0.212848    -0.000596    -0.000426
     94.4635     0.787152     0.212848    -0.000474    -0.000560
     94.5844     0.787152     0.212848    -0.000323    -0.000660
     94.7054     0.787152     0.212848    -0.000151    -0.000720
     94.8263     0.787152     0.212848     0.000030    -0.000735
     94.9473     0.787152     0.212848     0.000209    -0.000705
     95.0682     0.787152     0.212848     0.000375    -0.000632
     95.1891     0.787152     0.212848     0.000518    -0.000519
     95.3101     0.787152     0.212848     0.000629    -0.000375
     95.4310     0.787152     0.212848     0.000701    -0.000208
     95.5520     0.787152     0.212848     0.000729    -0.000028
     95.6729     0.787152     0.212848     0.000712     0.000152
     95.7939     0.787152     0.212848     0.000650     0.000324
     95.9148     0.787152     0.212848     0.000548     0.000474
     96.0358     0.787152     0.212848     0.000413     0.000595
     96.1567     0.787152     0.212848     0.000251     0.000678
     96.2776     0.787152     0.212848     0.000074     0.000719
     96.3986     0.787152     0.212848    -0.000107     0.000715
     96.5195     0.787152     0.212848    -0.000282     0.000666
     96.6405     0.787152     0.212848    -0.000440     0.000575
     96.7614     0.787152     0.212848    -0.000570     0.000449
     96.8824     0.787152     0.212848    -0.000664     0.000294
     97.0033     0.787152     0.212848    -0.000717     0.000120
     97.1243     0.787152     0.212848    -0.000726    -0.000061
     97.2452     0.787152     0.212848    -0.000689    -0.000239
     97.3661     0.787152     0.212848    -0.000610    -0.000402
     97.4871     0.787152     0.212848    -0.000492    -0.000541
     97.6080     0.787152     0.212848    -0.000344    -0.000646
     97.7290     0.787152     0.212848    -0.000175    -0.000711
     97.8499     0.787152     0.212848     0.000005    -0.000733
     97.9709     0.787152     0.212848     0.000186    -0.000709
     98.0918     0.787152     0.212848     0.000354    -0.000641
     98.2127     0.787152     0.212848     0.000501    -0.000533
     98.3337     0.787152     0.212848     0.000616    -0.000393
     98.4546     0.787152     0.212848     0.000693    -0.000229
     98.5756     0.787152     0.212848     0.000727    -0.000050
     98.6965     0.787152     0.212848     0.000716     0.000131
     98.8175     0.787152     0.212848     0.000661     0.000304
     98.9384     0.787152     0.212848     0.000564     0.000458
     99.0594     0.787152     0.212848     0.000432     0.000583
     99.1803     0.787152     0.212848     0.000274     0.000672
     99.3012     0.787152     0.212848     0.000098     0.000719
     99.4222     0.787152     0.212848    -0.000084     0.000721
     99.5431     0.787152     0.212848    -0.000260     0.000677
     99.6641     0.787152     0.212848    -0.000420     0.000592
     99.7850     0.787152     0.212848    -0.000554     0.000469
     99.9060     0.787152     0.212848    -0.000654     0.000318
    100.0269     0.787152     0.212848    -0.000713     0.000146
    100.1479     0.787152     0.212848    -0.000728    -0.000035
    100.2688     0.787152     0.212848    -0.000697    -0.000214
    100.3897     0.787152     0.212848    -0.000623    -0.000380
    100.5107     0.787152     0.212848    -0.000510    -0.000522
    100.6316     0.787152     0.212848    -0.000366    -0.000632
    100.7526     0.787152     0.212848    -0.000198    -0.000703
    100.8735     0.787152     0.212848    -0.000019    -0.000731
    100.9945     0.787152     0.212848     0.000162    -0.000713
    101.1154     0.787152     0.212848     0.000333    -0.000650
    101.2364     0.787152     0.212848     0.000483    -0.000548
    101.3573     0.787152     0.212848     0.000603    -0.000412
    101.4782     0.787152     0.212848     0.000685    -0.000250
    101.5992     0.787152     0.212848     0.000725    -0.000073
    101.7201     0.787152     0.212848     0.000720     0.000109
    101.8411     0.787152     0.212848     0.000670     0.000284
    101.9620     0.787152     0.212848     0.000579     0.000441
    102.0830     0.787152     0.212848     0.000451     0.000570
    102.2039     0.787152     0.212848     0.000296     0.000664
    102.3249     0.787152     0.212848     0.000122     0.000717
    102.4458     0.787152     0.212848    -0.000060     0.000724
    102.5667     0.787152     0.212848    -0.000237     0.000687
    102.6877     0.787152     0.212848    -0.000400     0.000607
    102.8086     0.787152     0.212848    -0.000539     0.000489
    102.9296     0.787152     0.212848    -0.000643     0.000340
    103.0505     0.787152     0.212848    -0.000708     0.000171
    103.1715     0.787152     0.212848    -0.000728    -0.000010
    103.2924     0.787152     0.212848    -0.000704    -0.000190
    103.4133     0.787152     0.212848    -0.000635    -0.000358
    103.5343     0.787152     0.212848    -0.000527    -0.000504
    103.6552     0.787152     0.212848    -0.000386    -0.000619
    103.7762     0.787152     0.212848    -0.000222    -0.000695
    103.8971     0.787152     0.212848    -0.000043    -0.000729
    104.0181     0.787152     0.212848     0.000138    -0.000717
    104.1390     0.787152     0.212848     0.000311    -0.000660
    104.2600     0.787152     0.212848     0.000464    -0.000563
    104.3809     0.787152     0.212848     0.000589    -0.000430
    104.5018     0.787152     0.212848     0.000677    -0.000271
    104.6228     0.787152     0.212848     0.000722    -0.000096
    104.7437     0.787152     0.212848     0.000723     0.000086
    104.8647     0.787152     0.212848     0.000679     0.000262
    104.9856     0.787152     0.212848     0.000593     0.000422
    105.1066     0.787152     0.212848     0.000470     0.000556
    105.2275     0.787152     0.212848     0.000318     0.000655
    105.3485     0.787152     0.212848     0.000145     0.000713
    105.4694     0.787152     0.212848    -0.000036     0.000727
    105.5903     0.787152     0.212848    -0.000215     0.000695
    105.7113     0.787152     0.212848    -0.000380     0.000621
    105.8322     0.787152     0.212848    -0.000522     0.000507
    105.9532     0.787152     0.212848    -0.000632     0.000362
    106.0741     0.787152     0.212848    -0.000702     0.000195
    106.1951     0.787152     0.212848    -0.000728     0.000015
    106.3160     0.787152     0.212848    -0.000710    -0.000166
    106.4370     0.787152     0.212848    -0.000647    -0.000336
    106.5579     0.787152     0.212848    -0.000544    -0.000486
    106.6788     0.787152     0.212848    -0.000407    -0.000605
    106.7998     0.787152     0.212848    -0.000245    -0.000687
    106.9207     0.787152     0.212848    -0.000067    -0.000726
    107.0417     0.787152     0.212848     0.000114    -0.000720
    107.1626     0.787152     0.212848     0.000289    -0.000670
    107.2836     0.787152     0.212848     0.000445    -0.000577
    107.4045     0.787152     0.212848     0.000574    -0.000449
    107.5255     0.787152     0.212848     0.000667    -0.000293
    107.6464     0.787152     0.212848     0.000719    -0.000119
    107.7673     0.787152     0.212848     0.000726     0.000063
    107.8883     0.787152     0.212848     0.000688     0.000240
    108.0092     0.787152     0.212848     0.000607     0.000403
    108.1302     0.787152     0.212848     0.000488     0.000540
    108.2511     0.787152     0.212848     0.000339     0.000644
    108.3721     0.787152     0.212848     0.000169     0.000708
    108.4930     0.787152     0.212848    -0.000012     0.000728
    108.6140     0.787152     0.212848    -0.000191     0.000702
    108.7349     0.787152     0.212848    -0.000359     0.000633
    108.8558     0.787152     0.212848    -0.000505     0.000525
    108.9768     0.787152     0.212848    -0.000619     0.000383
    109.0977     0.787152     0.212848    -0.000695     0.000218
    109.2187     0.787152     0.212848    -0.000727     0.000040
    109.3396     0.787152     0.212848    -0.000715    -0.000142
    109.4606     0.787152     0.212848    -0.000657    -0.000314
    109.5815     0.787152     0.212848    -0.000559    -0.000467
    109.7024     0.787152     0.212848    -0.000427    -0.000591
    109.8234     0.787152     0.212848    -0.000267    -0.000678
    109.9443     0.787152     0.212848    -0.000091    -0.000723
    110.0653     0.787152     0.212848     0.000090    -0.000723
    110.1862     0.787152     0.212848     0.000266    -0.000678
    110.3072     0.787152     0.212848     0.000426    -0.000591
    110.4281     0.787152     0.212848     0.000559    -0.000468
    110.5491     0.787152     0.212848     0.000657    -0.000315
    110.6700     0.787152     0.212848     0.000715    -0.000143
    110.7909     0.787152     0.212848     0.000727     0.000039
    110.9119     0.787152     0.212848     0.000695     0.000217
    111.0328     0.787152     0.212848     0.000620     0.000383
    111.1538     0.787152     0.212848     0.000506     0.000524
    111.2747     0.787152     0.212848     0.000360     0.000633
    111.3957     0.787152     0.212848     0.000192     0.000702
    111.5166     0.787152     0.212848     0.000013     0.000728
    111.6376     0.787152     0.212848    -0.000168     0.000709
    111.7585     0.787152     0.212848    -0.000338     0.000645
    111.8794     0.787152     0.212848    -0.000487     0.000541
    112.0004     0.787152     0.212848    -0.000606     0.000404
    112.1213     0.787152     0.212848    -0.000687     0.000241
    112.2423     0.787152     0.212848    -0.000726     0.000064
    112.3632     0.787152     0.212848    -0.000719    -0.000118
    112.4842     0.787152     0.212848    -0.000668    -0.000292
    112.6051     0.787152     0.212848    -0.000575    -0.000448
    112.7261     0.787152     0.212848    -0.000446    -0.000576
    112.8470     0.787152     0.212848    -0.000290    -0.000669
    112.9679     0.787152     0.212848    -0.000115    -0.000720
    113.0889     0.787152     0.212848     0.000066    -0.000726
    113.2098     0.787152     0.212848     0.000244    -0.000687
    113.3308     0.787152     0.212848     0.000406    -0.000605
    113.4517     0.787152     0.212848     0.000543    -0.000486
    113.5727     0.787152     0.212848     0.000646    -0.000336
    113.6936     0.787152     0.212848     0.000709    -0.000166
    113.8146     0.787152     0.212848     0.000728     0.000015
    113.9355     0.787152     0.212848     0.000702     0.000194
    114.0564     0.787152     0.212848     0.000632     0.000362
    114.1774     0.787152     0.212848     0.000523     0.000507
    114.2983     0.787152     0.212848     0.000381     0.000621
    114.4193     0.787152     0.212848     0.000216     0.000696
    114.5402     0.787152     0.212848     0.000037     0.000727
    114.6612     0.787152     0.212848    -0.000144     0.000714
    114.7821     0.787152     0.212848    -0.000317     0.000656
    114.9030     0.787152     0.212848    -0.000469     0.000557
    115.0240     0.787152     0.212848    -0.000592     0.000424
    115.1449     0.787152     0.212848    -0.000679     0.000264
    115.2659     0.787152     0.212848    -0.000723     0.000088
    115.3868     0.787152     0.212848    -0.000722    -0.000094
    115.5078     0.787152     0.212848    -0.000677    -0.000269
    115.6287     0.787152     0.212848    -0.000589    -0.000429
    115.7497     0.787152     0.212848    -0.000465    -0.000561
    115.8706     0.787152     0.212848    -0.000312    -0.000659
    115.9915     0.787152     0.212848    -0.000139    -0.000715
    116.1125     0.787152     0.212848     0.000042    -0.000727
    116.2334     0.787152     0.212848     0.000221    -0.000694
    116.3544     0.787152     0.212848     0.000386    -0.000618
    116.4753     0.787152     0.212848     0.000527    -0.000503
    116.5963     0.787152     0.212848     0.000635    -0.000358
    116.7172     0.787152     0.212848     0.000704    -0.000189
    116.8382     0.787152     0.212848     0.000728    -0.000009
    116.9591     0.787152     0.212848     0.000708     0.000171
    117.0800     0.787152     0.212848     0.000644     0.000341
    117.2010     0.787152     0.212848     0.000539     0.000490
    117.3219     0.787152     0.212848     0.000402     0.000608
    117.4429     0.787152     0.212848     0.000239     0.000688
    117.5638     0.787152     0.212848     0.000061     0.000726
    117.6848     0.787152     0.212848    -0.000121     0.000718
    117.8057     0.787152     0.212848    -0.000295     0.000666
    117.9267     0.787152     0.212848    -0.000450     0.000573
    118.0476     0.787152     0.212848    -0.000578     0.000443
    118.1685     0.787152     0.212848    -0.000670     0.000287
    118.2895     0.787152     0.212848    -0.000720     0.000112
    118.4104     0.787152     0.212848    -0.000725    -0.000070
    118.5314     0.787152     0.212848    -0.000685    -0.000247
    118.6523     0.787152     0.212848    -0.000603    -0.000409
    118.7733     0.787152     0.212848    -0.000483    -0.000545
    118.8942     0.787152     0.212848    -0.000333    -0.000648
    119.0152     0.787152     0.212848    -0.000163    -0.000710
    119.1361     0.787152     0.212848     0.000018    -0.000728
    119.2570     0.787152     0.212848     0.000198    -0.000701
    119.3780     0.787152     0.212848     0.000365    -0.000631
    119.4989     0.787152     0.212848     0.000510    -0.000521
    119.6199     0.787152     0.212848     0.000623    -0.000378
    119.7408     0.787152     0.212848     0.000697    -0.000213
    119.8618     0.787152     0.212848     0.000728    -0.000034
    119.9827     0.787152     0.212848     0.000713     0.000148
    120.1037     0.787152     0.212848     0.000655     0.000319
    120.2246     0.787152     0.212848     0.000555     0.000471
    120.3455     0.787152     0.212848     0.000421     0.000594
    120.4665     0.787152     0.212848     0.000261     0.000680
    120.5874     0.787152     0.212848     0.000085     0.000724
    120.7084     0.787152     0.212848    -0.000097     0.000722
    120.8293     0.787152     0.212848    -0.000272     0.000676
    120.9503     0.787152     0.212848    -0.000431     0.000587
    121.0712     0.787152     0.212848    -0.000563     0.000462
    121.1921     0.787152     0.212848    -0.000660     0.000309
    121.3131     0.787152     0.212848    -0.000716     0.000136
    121.4340     0.787152     0.212848    -0.000727    -0.000045
    121.5550     0.787152     0.212848    -0.000693    -0.000224
    121.6759     0.787152     0.212848    -0.000616    -0.000388
    121.7969     0.787152     0.212848    -0.000501    -0.000529
    121.9178     0.787152     0.212848    -0.000355    -0.000636
    122.0388     0.787152     0.212848    -0.000186    -0.000704
    122.1597     0.787152     0.212848    -0.000006    -0.000728
    122.2806     0.787152     0.212848     0.000174    -0.000707
    122.4016     0.787152     0.212848     0.000344    -0.000642
    122.5225     0.787152     0.212848     0.000492    -0.000537
    122.6435     0.787152     0.212848     0.000610    -0.000399
    122.7644     0.787152     0.212848     0.000689    -0.000236
    122.8854     0.787152     0.212848     0.000726    -0.000058
    123.0063     0.787152     0.212848     0.000718     0.000124
    123.1273     0.787152     0.212848     0.000665     0.000298
    123.2482     0.787152     0.212848     0.000571     0.000453
    123.3691     0.787152     0.212848     0.000441     0.000580
    123.4901     0.787152     0.212848     0.000284     0.000671
    123.6110     0.787152     0.212848     0.000109     0.000720
    123.7320     0.787152     0.212848    -0.000073     0.000725
    123.8529     0.787152     0.212848    -0.000250     0.000684
    123.9739     0.787152     0.212848    -0.000411     0.000601
    124.0948     0.787152     0.212848    -0.000547     0.000481
    124.2158     0.787152     0.212848    -0.000649     0.000330
    124.3367     0.787152     0.212848    -0.000711     0.000160
    124.4576     0.787152     0.212848    -0.000728    -0.000021
    124.5786     0.787152     0.212848    -0.000700    -0.000201
    124.6995     0.787152     0.212848    -0.000629    -0.000368
    124.8205     0.787152     0.212848    -0.000518    -0.000512
    124.9414     0.787152     0.212848    -0.000376    -0.000624
    125.0624     0.787152     0.212848    -0.000209    -0.000698
    125.1833     0.787152     0.212848    -0.000030    -0.000728
    125.3043     0.787152     0.212848     0.000151    -0.000713
    125.4252     0.787152     0.212848     0.000322    -0.000653
    125.5461     0.787152     0.212848     0.000474    -0.000553
    125.6671     0.787152     0.212848     0.000596    -0.000419
    125.7880     0.787152     0.212848     0.000681    -0.000258
    125.9090     0.787152     0.212848     0.000724    -0.000082
    126.0299     0.787152     0.212848     0.000722     0.000100
    126.1509     0.787152     0.212848     0.000674     0.000275
    126.2718     0.787152     0.212848     0.000585     0.000434
    126.3927     0.787152     0.212848     0.000460     0.000565
    126.5137     0.787152     0.212848     0.000306     0.000661
    126.6346     0.787152     0.212848     0.000133     0.000716
    126.7556     0.787152     0.212848    -0.000049     0.000727
    126.8765     0.787152     0.212848    -0.000227     0.000692
    126.9975     0.787152     0.212848    -0.000391     0.000615
    127.1184     0.787152     0.212848    -0.000531     0.000499
    127.2394     0.787152     0.212848    -0.000638     0.000352
    127.3603     0.787152     0.212848    -0.000705     0.000183
    127.4812     0.787152     0.212848    -0.000729     0.000003
    127.6022     0.787152     0.212848    -0.000707    -0.000177
    127.7231     0.787152     0.212848    -0.000641    -0.000347
    127.8441     0.787152     0.212848    -0.000535    -0.000494
    127.9650     0.787152     0.212848    -0.000396    -0.000611
    128.0860     0.787152     0.212848    -0.000233    -0.000690
    128.2069     0.787152     0.212848    -0.000054    -0.000726
    128.3279     0.787152     0.212848     0.000127    -0.000717
    128.4488     0.787152     0.212848     0.000300    -0.000664
    128.5697     0.787152     0.212848     0.000455    -0.000569
    128.6907     0.787152     0.212848     0.000582    -0.000438
    128.8116     0.787152     0.212848     0.000672    -0.000281
    128.9326     0.787152     0.212848     0.000721    -0.000106
    129.0535     0.787152     0.212848     0.000725     0.000076
    129.1745     0.787152     0.212848     0.000683     0.000253
    129.2954     0.787152     0.212848     0.000599     0.000414
    129.4164     0.787152     0.212848     0.000478     0.000549
    129.5373     0.787152     0.212848     0.000328     0.000651
    129.6582     0.787152     0.212848     0.000156     0.000712
    129.7792     0.787152     0.212848    -0.000024     0.000728
    129.9001     0.787152     0.212848    -0.000204     0.000699
    130.0211     0.787152     0.212848    -0.000371     0.000627
    130.1420     0.787152     0.212848    -0.000514     0.000516
    130.2630     0.787152     0.212848    -0.000626     0.000373
    130.3839     0.787152     0.212848    -0.000699     0.000206
    130.5049     0.787152     0.212848    -0.000728     0.000027
    130.6258     0.787152     0.212848    -0.000712    -0.000154
    130.7467     0.787152     0.212848    -0.000652    -0.000325
    130.8677     0.787152     0.212848    -0.000551    -0.000476
    130.9886     0.787152     0.212848    -0.000416    -0.000598
    131.1096     0.787152     0.212848    -0.000255    -0.000682
    131.2305     0.787152     0.212848    -0.000079    -0.000724
    131.3515     0.787152     0.212848     0.000103    -0.000721
    131.4724     0.787152     0.212848     0.000278    -0.000673
    131.5934     0.787152     0.212848     0.000436    -0.000583
    131.7143     0.787152     0.212848     0.000567    -0.000457
    131.8352     0.787152     0.212848     0.000663    -0.000303
    131.9562     0.787152     0.212848     0.000717    -0.000130
    132.0771     0.787152     0.212848     0.000727     0.000052
    132.1981     0.787152     0.212848     0.000691     0.000230
    132.3190     0.787152     0.212848     0.000613     0.000394
    132.4400     0.787152     0.212848     0.000496     0.000533
    132.5609     0.787152     0.212848     0.000349     0.000639
    132.6818     0.787152     0.212848     0.000180     0.000706
    132.8028     0.787152     0.212848    -0.000000     0.000729
    132.9237     0.787152     0.212848    -0.000181     0.000706
    133.0447     0.787152     0.212848    -0.000350     0.000639
    133.1656     0.787152     0.212848    -0.000497     0.000533
    133.2866     0.787152     0.212848    -0.000613     0.000393
    133.4075     0.787152     0.212848    -0.000691     0.000229
    133.5285     0.787152     0.212848    -0.000727     0.000051
    133.6494     0.787152     0.212848    -0.000717    -0.000130
    133.7703     0.787152     0.212848    -0.000662    -0.000303
    133.8913     0.787152     0.212848    -0.000567    -0.000458
    134.0122     0.787152     0.212848    -0.000436    -0.000584
    134.1332     0.787152     0.212848    -0.000278    -0.000673
    134.2541     0.787152     0.212848    -0.000103    -0.000721
    134.3751     0.787152     0.212848     0.000079    -0.000724
    134.4960     0.787152     0.212848     0.000256    -0.000682
    134.6170     0.787152     0.212848     0.000417    -0.000598
    134.7379     0.787152     0.212848     0.000552    -0.000476
    134.8588     0.787152     0.212848     0.000652    -0.000325
    134.9798     0.787152     0.212848     0.000712    -0.000153
    135.1007     0.787152     0.212848     0.000728     0.000028
    135.2217     0.787152     0.212848     0.000699     0.000207
    135.3426     0.787152     0.212848     0.000626     0.000373
    135.4636     0.787152     0.212848     0.000514     0.000516
    135.5845     0.787152     0.212848     0.000370     0.000628
    135.7055     0.787152     0.212848     0.000203     0.000700
    135.8264     0.787152     0.212848     0.000024     0.000728
    135.9473     0.787152     0.212848    -0.000157     0.000711
    136.0683     0.787152     0.212848    -0.000328     0.000650
    136.1892     0.787152     0.212848    -0.000479     0.000549
    136.3102     0.787152     0.212848    -0.000600     0.000413
    136.4311     0.787152     0.212848    -0.000683     0.000252
    136.5521     0.787152     0.212848    -0.000725     0.000075
    136.6730     0.787152     0.212848    -0.000721    -0.000106
    136.7940     0.787152     0.212848    -0.000672    -0.000281
    136.9149     0.787152     0.212848    -0.000582    -0.000439
    137.0358     0.787152     0.212848    -0.000455    -0.000569
    137.1568     0.787152     0.212848    -0.000300    -0.000664
    137.2777     0.787152     0.212848    -0.000126    -0.000717
    137.3987     0.787152     0.212848     0.000055    -0.000726
    137.5196     0.787152     0.212848     0.000233    -0.000690
    137.6406     0.787152     0.212848     0.000397    -0.000611
    137.7615     0.787152     0.212848     0.000535    -0.000494
    137.8824     0.787152     0.212848     0.000641    -0.000346
    138.0034     0.787152     0.212848     0.000707    -0.000177
    138.1243     0.787152     0.212848     0.000729     0.000004
    138.2453     0.787152     0.212848     0.000705     0.000184
    138.3662     0.787152     0.212848     0.000638     0.000352
    138.4872     0.787152     0.212848     0.000531     0.000499
    138.6081     0.787152     0.212848     0.000391     0.000615
    138.7291     0.787152     0.212848     0.000226     0.000692
    138.8500     0.787152     0.212848     0.000048     0.000727
    138.9709     0.787152     0.212848    -0.000133     0.000716
    139.0919     0.787152     0.212848    -0.000306     0.000661
    139.2128     0.787152     0.212848    -0.000460     0.000565
    139.3338     0.787152     0.212848    -0.000586     0.000433
    139.4547     0.787152     0.212848    -0.000675     0.000275
    139.5757     0.787152     0.212848    -0.000722     0.000099
    139.6966     0.787152     0.212848    -0.000724    -0.000082
    139.8176     0.787152     0.212848    -0.000681    -0.000259
    139.9385     0.787152     0.212848    -0.000596    -0.000419
    140.0594     0.787152     0.212848    -0.000474    -0.000554
    140.1804     0.787152     0.212848    -0.000322    -0.000654
    140.3013     0.787152     0.212848    -0.000150    -0.000713
    140.4223     0.787152     0.212848     0.000031    -0.000728
    140.5432     0.787152     0.212848     0.000210    -0.000698
    140.6642     0.787152     0.212848     0.000376    -0.000624
    140.7851     0.787152     0.212848     0.000519    -0.000512
    140.9061     0.787152     0.212848     0.000629    -0.000367
    141.0270     0.787152     0.212848     0.000700    -0.000200
    141.1479     0.787152     0.212848     0.000728    -0.000021
    141.2689     0.787152     0.212848     0.000711     0.000160
    141.3898     0.787152     0.212848     0.000649     0.000331
    141.5108     0.787152     0.212848     0.000547     0.000481
    141.6317     0.787152     0.212848     0.000411     0.000602
    141.7527     0.787152     0.212848     0.000249     0.000685
    141.8736     0.787152     0.212848     0.000072     0.000725
    141.9946     0.787152     0.212848    -0.000109     0.000720
    142.1155     0.787152     0.212848    -0.000284     0.000671
    142.2364     0.787152     0.212848    -0.000441     0.000580
    142.3574     0.787152     0.212848    -0.000571     0.000452
    142.4783     0.787152     0.212848    -0.000665     0.000297
    142.5993     0.787152     0.212848    -0.000718     0.000123
    142.7202     0.787152     0.212848    -0.000726    -0.000058
    142.8412     0.787152     0.212848    -0.000689    -0.000236
    142.9621     0.787152     0.212848    -0.000609    -0.000399
    143.0831     0.787152     0.212848    -0.000492    -0.000538
    143.2040     0.787152     0.212848    -0.000343    -0.000643
    143.3249     0.787152     0.212848    -0.000174    -0.000708
    143.4459     0.787152     0.212848     0.000007    -0.000728
    143.5668     0.787152     0.212848     0.000187    -0.000704
    143.6878     0.787152     0.212848     0.000355    -0.000636
    143.8087     0.787152     0.212848     0.000501    -0.000528
    143.9297     0.787152     0.212848     0.000617    -0.000388
    144.0506     0.787152     0.212848     0.000693    -0.000223
    144.1715     0.787152     0.212848     0.000727    -0.000045
    144.2925     0.787152     0.212848     0.000716     0.000136
    144.4134     0.787152     0.212848     0.000660     0.000309
    144.5344     0.787152     0.212848     0.000563     0.000463
    144.6553     0.787152     0.212848     0.000431     0.000588
    144.7763     0.787152     0.212848     0.000272     0.000676
    144.8972     0.787152     0.212848     0.000096     0.000722
    145.0182     0.787152     0.212848    -0.000086     0.000723
    145.1391     0.787152     0.212848    -0.000262     0.000680
    145.2600     0.787152     0.212848    -0.000422     0.000594
    145.3810     0.787152     0.212848    -0.000556     0.000471
    145.5019     0.787152     0.212848    -0.000655     0.000319
    145.6229     0.787152     0.212848    -0.000714     0.000147
    145.7438     0.787152     0.212848    -0.000728    -0.000034
    145.8648     0.787152     0.212848    -0.000697    -0.000213
    145.9857     0.787152     0.212848    -0.000622    -0.000379
    146.1067     0.787152     0.212848    -0.000509    -0.000521
    146.2276     0.787152     0.212848    -0.000364    -0.000631
    146.3485     0.787152     0.212848    -0.000197    -0.000701
    146.4695     0.787152     0.212848    -0.000017    -0.000728
    146.5904     0.787152     0.212848     0.000163    -0.000710
    146.7114     0.787152     0.212848     0.000334    -0.000648
    146.8323     0.787152     0.212848     0.000484    -0.000545
    146.9533     0.787152     0.212848     0.000603    -0.000408
    147.0742     0.787152     0.212848     0.000686    -0.000246
    147.1952     0.787152     0.212848     0.000725    -0.000069
    147.3161     0.787152     0.212848     0.000720     0.000113
    147.4370     0.787152     0.212848     0.000670     0.000287
    147.5580     0.787152     0.212848     0.000578     0.000444
    147.6789     0.787152     0.212848     0.000450     0.000573
    147.7999     0.787152     0.212848     0.000294     0.000667
    147.9208     0.787152     0.212848     0.000120     0.000719
    148.0418     0.787152     0.212848    -0.000061     0.000726
    148.1627     0.787152     0.212848    -0.000239     0.000688
    148.2837     0.787152     0.212848    -0.000402     0.000608
    148.4046     0.787152     0.212848    -0.000540     0.000489
    148.5255     0.787152     0.212848    -0.000644     0.000340
    148.6465     0.787152     0.212848    -0.000708     0.000171
    148.7674     0.787152     0.212848    -0.000728    -0.000010
    148.8884     0.787152     0.212848    -0.000703    -0.000190
    149.0093     0.787152     0.212848    -0.000634    -0.000358
    149.1303     0.787152     0.212848    -0.000526    -0.000504
    149.2512     0.787152     0.212848    -0.000385    -0.000618
    149.3721     0.787152     0.212848    -0.000220    -0.000694
    149.4931     0.787152     0.212848    -0.000042    -0.000727
    149.6140     0.787152     0.212848     0.000140    -0.000715
    149.7350     0.787152     0.212848     0.000312    -0.000658
    149.8559     0.787152     0.212848     0.000465    -0.000561
    149.9769     0.787152     0.212848     0.000590    -0.000428
