      0.0060     1.000021    -0.000021    -0.000088     0.000755
      0.1270     1.000021    -0.000021    -0.000092     0.000755
      0.2479     1.000021    -0.000021    -0.000097     0.000755
      0.3689     1.000021    -0.000021    -0.000101     0.000756
      0.4898     1.000021    -0.000021    -0.000106     0.000756
      0.6108     1.000021    -0.000021    -0.000110     0.000757
      0.7317     1.000021    -0.000021    -0.000115     0.000757
      0.8527     1.000021    -0.000021    -0.000119     0.000758
      0.9736     1.000021    -0.000021    -0.000124     0.000758
      1.0945     1.000021    -0.000021    -0.000128     0.000759
      1.2155     1.000021    -0.000021    -0.000133     0.000759
      1.3364     1.000021    -0.000021    -0.000138     0.000760
      1.4574     1.000021    -0.000021    -0.000142     0.000760
      1.5783     1.000021    -0.000021    -0.000147     0.000761
      1.6993     1.000021    -0.000021    -0.000151     0.000761
      1.8202     1.000021    -0.000021    -0.000156     0.000762
      1.9412     1.000021    -0.000021    -0.000160     0.000762
      2.0621     1.000021    -0.000021    -0.000165     0.000763
      2.1830     1.000021    -0.000021    -0.000169     0.000764
      2.3040     1.000021    -0.000021    -0.000174     0.000764
      2.4249     1.000021    -0.000021    -0.000179     0.000765
      2.5459     1.000021    -0.000021    -0.000183     0.000765
      2.6668     1.000021    -0.000021    -0.000188     0.000766
      2.7878     1.000021    -0.000021    -0.000192     0.000766
      2.9087     1.000021    -0.000021    -0.000197     0.000767
      3.0297     1.000021    -0.000021    -0.000202     0.000767
      3.1506     1.000021    -0.000021    -0.000206     0.000768
      3.2715     1.000021    -0.000021    -0.000211     0.000769
      3.3925     1.000021    -0.000021    -0.000215     0.000769
      3.5134     1.000021    -0.000021    -0.000220     0.000770
      3.6344     1.000021    -0.000021    -0.000225     0.000771
      3.7553     1.000021    -0.000021    -0.000229     0.000771
      3.8763     1.000021    -0.000021    -0.000234     0.000772
      3.9972     1.000021    -0.000021    -0.000239     0.000773
      4.1182     1.000021    -0.000021    -0.000243     0.000773
      4.2391     1.000021    -0.000021    -0.000248     0.000774
      4.3600     1.000021    -0.000021    -0.000253     0.000775
      4.4810     1.000021    -0.000021    -0.000257     0.000776
      4.6019     1.000021    -0.000021    -0.000262     0.000777
      4.7229     1.000021    -0.000021    -0.000267     0.000778
      4.8438     1.000021    -0.000021    -0.000271     0.000778
      4.9648     1.000021    -0.000021    -0.000276     0.000779
      5.0857     1.000021    -0.000021    -0.000281     0.000780
      5.2066     1.000021    -0.000021    -0.000285     0.000781
      5.3276     1.000021    -0.000021    -0.000290     0.000782
      5.4485     1.000021    -0.000021    -0.000295     0.000783
      5.5695     1.000021    -0.000021    -0.000299     0.000784
      5.6904     1.000021    -0.000021    -0.000304     0.000786
      5.8114     1.000021    -0.000021    -0.000309     0.000787
      5.9323     1.000021    -0.000021    -0.000313     0.000788
      6.0533     1.000021    -0.000021    -0.000318     0.000789
      6.1742     1.000021    -0.000021    -0.000323     0.000791
      6.2951     1.000021    -0.000021    -0.000328     0.000792
      6.4161     1.000021    -0.000021    -0.000332     0.000793
      6.5370     1.000021    -0.000021    -0.000337     0.000795
      6.6580     1.000021    -0.000021    -0.000342     0.000796
      6.7789     1.000021    -0.000021    -0.000347     0.000798
      6.8999     1.000021    -0.000021    -0.000352     0.000799
      7.0208     1.000021    -0.000021    -0.000356     0.000801
      7.1418     1.000021    -0.000021    -0.000361     0.000803
      7.2627     1.000021    -0.000021    -0.000366     0.000804
      7.3836     1.000021    -0.000021    -0.000371     0.000806
      7.5046     1.000021    -0.000021    -0.000376     0.000808
      7.6255     1.000021    -0.000021    -0.000381     0.000810
      7.7465     1.000021    -0.000021    -0.000385     0.000812
      7.8674     1.000021    -0.000021    -0.000390     0.000814
      7.9884     1.000021    -0.000021    -0.000395     0.000816
      8.1093     1.000021    -0.000021    -0.000400     0.000819
      8.2303     1.000021    -0.000021    -0.000405     0.000821
      8.3512     1.000021    -0.000021    -0.000410     0.000823
      8.4721     1.000021    -0.000021    -0.000415     0.000826
      8.5931     1.000021    -0.000021    -0.000420     0.000828
      8.7140     1.000021    -0.000021    -0.000425     0.000831
      8.8350     1.000021    -0.000021    -0.000430     0.000834
      8.9559     1.000021    -0.000021    -0.000435     0.000836
      9.0769     1.000021    -0.000021    -0.000440     0.000839
      9.1978     1.000021    -0.000021    -0.000445     0.000842
      9.3188     1.000021    -0.000021    -0.000450     0.000845
      9.4397     1.000021    -0.000021    -0.000455     0.000849
      9.5606     1.000021    -0.000021    -0.000460     0.000852
      9.6816     1.000021    -0.000021    -0.000465     0.000855
      9.8025     1.000021    -0.000021    -0.000470     0.000859
      9.9235     1.000021    -0.000021    -0.000476     0.000863
     10.0444     1.000021    -0.000021    -0.000481     0.000866
     10.1654     1.000021    -0.000021    -0.000486     0.000870
     10.2863     1.000021    -0.000021    -0.000491     0.000874
     10.4072     1.000021    -0.000021    -0.000496     0.000878
     10.5282     1.000021    -0.000021    -0.000502     0.000883
     10.6491     1.000021    -0.000021    -0.000507     0.000887
     10.7701     1.000021    -0.000021    -0.000512     0.000892
     10.8910     1.000021    -0.000021    -0.000518     0.000896
     11.0120     1.000021    -0.000021    -0.000523     0.000901
     11.1329     1.000021    -0.000021    -0.000528     0.000906
     11.2539     1.000021    -0.000021    -0.000534     0.000911
     11.3748     1.000021    -0.000021    -0.000539     0.000916
     11.4957     1.000021    -0.000021    -0.000545     0.000922
     11.6167     1.000021    -0.000021    -0.000550     0.000927
     11.7376     1.000021    -0.000021    -0.000556     0.000933
     11.8586     1.000021    -0.000021    -0.000562     0.000939
     11.9795     1.000021    -0.000021    -0.000567     0.000945
     12.1005     1.000021    -0.000021    -0.000573     0.000952
     12.2214     1.000021    -0.000021    -0.000579     0.000958
     12.3424     1.000021    -0.000021    -0.000585     0.000965
     12.4633     1.000021    -0.000021    -0.000590     0.000972
     12.5842     1.000021    -0.000021    -0.000596     0.000979
     12.7052     1.000021    -0.000021    -0.000602     0.000986
     12.8261     1.000021    -0.000021    -0.000608     0.000994
     12.9471     1.000021    -0.000021    -0.000614     0.001001
     13.0680     1.000021    -0.000021    -0.000620     0.001009
     13.1890     1.000021    -0.000021    -0.000626     0.001017
     13.3099     1.000020    -0.000020    -0.000632     0.001026
     13.4309     1.000020    -0.000020    -0.000638     0.001034
     13.5518     1.000020    -0.000020    -0.000645     0.001043
     13.6727     1.000020    -0.000020    -0.000651     0.001053
     13.7937     1.000020    -0.000020    -0.000657     0.001062
     13.9146     1.000020    -0.000020    -0.000664     0.001072
     14.0356     1.000020    -0.000020    -0.000670     0.001082
     14.1565     1.000020    -0.000020    -0.000677     0.001092
     14.2775     1.000020    -0.000020    -0.000683     0.001103
     14.3984     1.000020    -0.000020    -0.000690     0.001113
     14.5194     1.000020    -0.000020    -0.000697     0.001125
     14.6403     1.000020    -0.000020    -0.000703     0.001136
     14.7612     1.000020    -0.000020    -0.000710     0.001148
     14.8822     1.000020    -0.000020    -0.000717     0.001160
     15.0031     1.000020    -0.000020    -0.000724     0.001172
     15.1241     1.000020    -0.000020    -0.000731     0.001185
     15.2450     1.000020    -0.000020    -0.000738     0.001198
     15.3660     1.000020    -0.000020    -0.000746     0.001212
     15.4869     1.000019    -0.000019    -0.000753     0.001226
     15.6079     1.000019    -0.000019    -0.000760     0.001240
     15.7288     1.000019    -0.000019    -0.000768     0.001254
     15.8497     1.000019    -0.000019    -0.000775     0.001269
     15.9707     1.000019    -0.000019    -0.000783     0.001285
     16.0916     1.000019    -0.000019    -0.000791     0.001301
     16.2126     1.000019    -0.000019    -0.000799     0.001317
     16.3335     1.000019    -0.000019    -0.000807     0.001334
     16.4545     1.000019    -0.000019    -0.000815     0.001351
     16.5754     1.000019    -0.000019    -0.000823     0.001368
     16.6963     1.000018    -0.000018    -0.000831     0.001386
     16.8173     1.000018    -0.000018    -0.000839     0.001405
     16.9382     1.000018    -0.000018    -0.000848     0.001424
     17.0592     1.000018    -0.000018    -0.000856     0.001443
     17.1801     1.000018    -0.000018    -0.000865     0.001463
     17.3011     1.000018    -0.000018    -0.000874     0.001484
     17.4220     1.000018    -0.000018    -0.000883     0.001505
     17.5430     1.000017    -0.000017    -0.000892     0.001527
     17.6639     1.000017    -0.000017    -0.000901     0.001549
     17.7848     1.000017    -0.000017    -0.000911     0.001572
     17.9058     1.000017    -0.000017    -0.000920     0.001595
     18.0267     1.000017    -0.000017    -0.000930     0.001619
     18.1477     1.000017    -0.000017    -0.000940     0.001644
     18.2686     1.000016    -0.000016    -0.000950     0.001669
     18.3896     1.000016    -0.000016    -0.000960     0.001695
     18.5105     1.000016    -0.000016    -0.000970     0.001721
     18.6315     1.000016    -0.000016    -0.000980     0.001749
     18.7524     1.000015    -0.000015    -0.000991     0.001777
     18.8733     1.000015    -0.000015    -0.001002     0.001805
     18.9943     1.000015    -0.000015    -0.001013     0.001835
     19.1152     1.000015    -0.000015    -0.001024     0.001865
     19.2362     1.000014    -0.000014    -0.001035     0.001896
     19.3571     1.000014    -0.000014    -0.001047     0.001927
     19.4781     1.000014    -0.000014    -0.001058     0.001960
     19.5990     1.000013    -0.000013    -0.001070     0.001993
     19.7200     1.000013    -0.000013    -0.001082     0.002027
     19.8409     1.000013    -0.000013    -0.001094     0.002062
     19.9618     1.000012    -0.000012    -0.001107     0.002098
     20.0828     1.000012    -0.000012    -0.001119     0.002135
     20.2037     1.000011    -0.000011    -0.001132     0.002173
     20.3247     1.000011    -0.000011    -0.001146     0.002211
     20.4456     1.000010    -0.000010    -0.001159     0.002251
     20.5666     1.000010    -0.000010    -0.001173     0.002291
     20.6875     1.000010    -0.000010    -0.001186     0.002333
     20.8085     1.000009    -0.000009    -0.001201     0.002376
     20.9294     1.000008    -0.000008    -0.001215     0.002419
     21.0503     1.000008    -0.000008    -0.001230     0.002464
     21.1713     1.000007    -0.000007    -0.001245     0.002510
     21.2922     1.000007    -0.000007    -0.001260     0.002557
     21.4132     1.000006    -0.000006    -0.001275     0.002605
     21.5341     1.000005    -0.000005    -0.001291     0.002654
     21.6551     1.000005    -0.000005    -0.001307     0.002705
     21.7760     1.000004    -0.000004    -0.001323     0.002757
     21.8969     1.000003    -0.000003    -0.001340     0.002810
     22.0179     1.000002    -0.000002    -0.001357     0.002864
     22.1388     1.000001    -0.000001    -0.001375     0.002920
     22.2598     1.000001    -0.000001    -0.001392     0.002977
     22.3807     1.000000     0.000000    -0.001410     0.003036
     22.5017     0.999999     0.000001    -0.001429     0.003096
     22.6226     0.999998     0.000002    -0.001447     0.003157
     22.7436     0.999997     0.000003    -0.001467     0.003220
     22.8645     0.999996     0.000004    -0.001486     0.003284
     22.9854     0.999994     0.000006    -0.001506     0.003350
     23.1064     0.999993     0.000007    -0.001526     0.003418
     23.2273     0.999992     0.000008    -0.001547     0.003487
     23.3483     0.999991     0.000009    -0.001568     0.003558
     23.4692     0.999989     0.000011    -0.001590     0.003630
     23.5902     0.999988     0.000012    -0.001612     0.003705
     23.7111     0.999986     0.000014    -0.001634     0.003781
     23.8321     0.999985     0.000015    -0.001657     0.003859
     23.9530     0.999983     0.000017    -0.001680     0.003939
     24.0739     0.999981     0.000019    -0.001704     0.004021
     24.1949     0.999980     0.000020    -0.001729     0.004104
     24.3158     0.999978     0.000022    -0.001754     0.004190
     24.4368     0.999976     0.000024    -0.001779     0.004278
     24.5577     0.999974     0.000026    -0.001805     0.004368
     24.6787     0.999972     0.000028    -0.001831     0.004460
     24.7996     0.999969     0.000031    -0.001858     0.004554
     24.9206     0.999967     0.000033    -0.001886     0.004651
     25.0415     0.999965     0.000035    -0.001914     0.004750
     25.1624     0.999962     0.000038    -0.001943     0.004851
     25.2834     0.999959     0.000041    -0.001972     0.004955
     25.4043     0.999957     0.000043    -0.002003     0.005061
     25.5253     0.999954     0.000046    -0.002033     0.005170
     25.6462     0.999951     0.000049    -0.002065     0.005281
     25.7672     0.999947     0.000053    -0.002097     0.005395
     25.8881     0.999944     0.000056    -0.002129     0.005512
     26.0091     0.999941     0.000059    -0.002163     0.005631
     26.1300     0.999937     0.000063    -0.002197     0.005753
     26.2509     0.999933     0.000067    -0.002232     0.005878
     26.3719     0.999929     0.000071    -0.002267     0.006006
     26.4928     0.999925     0.000075    -0.002304     0.006138
     26.6138     0.999920     0.000080    -0.002341     0.006272
     26.7347     0.999916     0.000084    -0.002379     0.006409
     26.8557     0.999911     0.000089    -0.002418     0.006550
     26.9766     0.999906     0.000094    -0.002458     0.006694
     27.0976     0.999901     0.000099    -0.002498     0.006842
     27.2185     0.999895     0.000105    -0.002540     0.006993
     27.3394     0.999890     0.000110    -0.002582     0.007147
     27.4604     0.999883     0.000117    -0.002626     0.007305
     27.5813     0.999877     0.000123    -0.002670     0.007467
     27.7023     0.999871     0.000129    -0.002715     0.007633
     27.8232     0.999864     0.000136    -0.002762     0.007802
     27.9442     0.999857     0.000143    -0.002809     0.007976
     28.0651     0.999849     0.000151    -0.002857     0.008154
     28.1860     0.999841     0.000159    -0.002907     0.008335
     28.3070     0.999833     0.000167    -0.002957     0.008521
     28.4279     0.999824     0.000176    -0.003009     0.008712
     28.5489     0.999815     0.000185    -0.003062     0.008907
     28.6698     0.999806     0.000194    -0.003116     0.009106
     28.7908     0.999796     0.000204    -0.003171     0.009311
     28.9117     0.999786     0.000214    -0.003228     0.009520
     29.0327     0.999775     0.000225    -0.003285     0.009733
     29.1536     0.999763     0.000237    -0.003344     0.009952
     29.2745     0.999752     0.000248    -0.003405     0.010176
     29.3955     0.999739     0.000261    -0.003467     0.010405
     29.5164     0.999726     0.000274    -0.003530     0.010640
     29.6374     0.999713     0.000287    -0.003594     0.010880
     29.7583     0.999698     0.000302    -0.003660     0.011126
     29.8793     0.999684     0.000316    -0.003728     0.011377
     30.0002     0.999668     0.000332    -0.003797     0.011634
     30.1212     0.999652     0.000348    -0.003867     0.011897
     30.2421     0.999635     0.000365    -0.003940     0.012167
     30.3630     0.999617     0.000383    -0.004013     0.012442
     30.4840     0.999598     0.000402    -0.004089     0.012724
     30.6049     0.999579     0.000421    -0.004166     0.013013
     30.7259     0.999559     0.000441    -0.004245     0.013308
     30.8468     0.999537     0.000463    -0.004326     0.013610
     30.9678     0.999515     0.000485    -0.004408     0.013919
     31.0887     0.999491     0.000509    -0.004493     0.014235
     31.2097     0.999467     0.000533    -0.004579     0.014559
     31.3306     0.999441     0.000559    -0.004668     0.014890
     31.4515     0.999415     0.000585    -0.004758     0.015228
     31.5725     0.999387     0.000613    -0.004850     0.015575
     31.6934     0.999357     0.000643    -0.004945     0.015929
     31.8144     0.999327     0.000673    -0.005042     0.016291
     31.9353     0.999295     0.000705    -0.005140     0.016662
     32.0563     0.999261     0.000739    -0.005242     0.017042
     32.1772     0.999226     0.000774    -0.005345     0.017430
     32.2982     0.999189     0.000811    -0.005451     0.017827
     32.4191     0.999151     0.000849    -0.005559     0.018233
     32.5400     0.999111     0.000889    -0.005669     0.018648
     32.6610     0.999069     0.000931    -0.005783     0.019073
     32.7819     0.999025     0.000975    -0.005898     0.019507
     32.9029     0.998979     0.001021    -0.006017     0.019952
     33.0238     0.998931     0.001069    -0.006138     0.020406
     33.1448     0.998881     0.001119    -0.006262     0.020871
     33.2657     0.998828     0.001172    -0.006388     0.021346
     33.3866     0.998773     0.001227    -0.006518     0.021832
     33.5076     0.998716     0.001284    -0.006650     0.022330
     33.6285     0.998655     0.001345    -0.006786     0.022838
     33.7495     0.998592     0.001408    -0.006924     0.023358
     33.8704     0.998527     0.001473    -0.007066     0.023889
     33.9914     0.998458     0.001542    -0.007211     0.024433
     34.1123     0.998386     0.001614    -0.007359     0.024989
     34.2333     0.998311     0.001689    -0.007511     0.025557
     34.3542     0.998232     0.001768    -0.007666     0.026138
     34.4751     0.998150     0.001850    -0.007825     0.026732
     34.5961     0.998064     0.001936    -0.007987     0.027339
     34.7170     0.997974     0.002026    -0.008153     0.027959
     34.8380     0.997880     0.002120    -0.008322     0.028594
     34.9589     0.997782     0.002218    -0.008496     0.029242
     35.0799     0.997679     0.002321    -0.008673     0.029905
     35.2008     0.997572     0.002428    -0.008855     0.030582
     35.3218     0.997460     0.002540    -0.009040     0.031275
     35.4427     0.997343     0.002657    -0.009230     0.031982
     35.5636     0.997220     0.002780    -0.009424     0.032705
     35.6846     0.997092     0.002908    -0.009623     0.033444
     35.8055     0.996959     0.003041    -0.009825     0.034198
     35.9265     0.996819     0.003181    -0.010033     0.034970
     36.0474     0.996673     0.003327    -0.010245     0.035757
     36.1684     0.996521     0.003479    -0.010462     0.036562
     36.2893     0.996361     0.003639    -0.010684     0.037384
     36.4103     0.996195     0.003805    -0.010911     0.038224
     36.5312     0.996022     0.003978    -0.011143     0.039081
     36.6521     0.995840     0.004160    -0.011380     0.039957
     36.7731     0.995651     0.004349    -0.011622     0.040851
     36.8940     0.995453     0.004547    -0.011870     0.041764
     37.0150     0.995247     0.004753    -0.012123     0.042696
     37.1359     0.995031     0.004969    -0.012382     0.043648
     37.2569     0.994807     0.005193    -0.012647     0.044619
     37.3778     0.994572     0.005428    -0.012918     0.045611
     37.4988     0.994327     0.005673    -0.013195     0.046623
     37.6197     0.994072     0.005928    -0.013477     0.047655
     37.7406     0.993806     0.006194    -0.013766     0.048709
     37.8616     0.993528     0.006472    -0.014062     0.049784
     37.9825     0.993238     0.006762    -0.014364     0.050880
     38.1035     0.992936     0.007064    -0.014673     0.051998
     38.2244     0.992621     0.007379    -0.014988     0.053139
     38.3454     0.992293     0.007707    -0.015310     0.054302
     38.4663     0.991951     0.008049    -0.015640     0.055488
     38.5873     0.991594     0.008406    -0.015976     0.056696
     38.7082     0.991223     0.008777    -0.016320     0.057928
     38.8291     0.990836     0.009164    -0.016671     0.059184
     38.9501     0.990434     0.009566    -0.017030     0.060464
     39.0710     0.990015     0.009985    -0.017397     0.061768
     39.1920     0.989578     0.010422    -0.017772     0.063096
     39.3129     0.989124     0.010876    -0.018154     0.064449
     39.4339     0.988652     0.011348    -0.018545     0.065827
     39.5548     0.988160     0.011840    -0.018944     0.067230
     39.6757     0.987648     0.012352    -0.019352     0.068658
     39.7967     0.987116     0.012884    -0.019768     0.070113
     39.9176     0.986563     0.013437    -0.020193     0.071593
     40.0386     0.985988     0.014012    -0.020627     0.073099
     40.1595     0.985390     0.014610    -0.021070     0.074631
     40.2805     0.984768     0.015232    -0.021523     0.076190
     40.4014     0.984122     0.015878    -0.021985     0.077775
     40.5224     0.983450     0.016550    -0.022456     0.079387
     40.6433     0.982753     0.017247    -0.022937     0.081025
     40.7642     0.982028     0.017972    -0.023429     0.082689
     40.8852     0.981276     0.018724    -0.023930     0.084380
     41.0061     0.980495     0.019505    -0.024441     0.086098
     41.1271     0.979685     0.020315    -0.024963     0.087843
     41.2480     0.978845     0.021155    -0.025495     0.089614
     41.3690     0.977974     0.022026    -0.026038     0.091411
     41.4899     0.977071     0.022929    -0.026592     0.093236
     41.6109     0.976135     0.023865    -0.027157     0.095088
     41.7318     0.975164     0.024836    -0.027734     0.096966
     41.8527     0.974158     0.025842    -0.028321     0.098872
     41.9737     0.973114     0.026886    -0.028920     0.100804
     42.0946     0.972033     0.027967    -0.029531     0.102761
     42.2156     0.970913     0.029087    -0.030153     0.104744
     42.3365     0.969752     0.030248    -0.030788     0.106752
     42.4575     0.968551     0.031449    -0.031434     0.108784
     42.5784     0.967308     0.032692    -0.032093     0.110840
     42.6994     0.966022     0.033978    -0.032764     0.112921
     42.8203     0.964692     0.035308    -0.033448     0.115024
     42.9412     0.963315     0.036685    -0.034145     0.117150
     43.0622     0.961893     0.038107    -0.034854     0.119295
     43.1831     0.960424     0.039576    -0.035576     0.121461
     43.3041     0.958910     0.041090    -0.036312     0.123648
     43.4250     0.957347     0.042653    -0.037060     0.125856
     43.5460     0.955734     0.044266    -0.037822     0.128084
     43.6669     0.954070     0.045930    -0.038597     0.130331
     43.7879     0.952354     0.047646    -0.039386     0.132595
     43.9088     0.950585     0.049415    -0.040188     0.134876
     44.0297     0.948762     0.051238    -0.041004     0.137174
     44.1507     0.946885     0.053115    -0.041834     0.139488
     44.2716     0.944951     0.055049    -0.042678     0.141816
     44.3926     0.942959     0.057041    -0.043536     0.144158
     44.5135     0.940909     0.059091    -0.044408     0.146511
     44.6345     0.938801     0.061199    -0.045294     0.148875
     44.7554     0.936633     0.063367    -0.046195     0.151251
     44.8764     0.934401     0.065599    -0.047109     0.153635
     44.9973     0.932105     0.067895    -0.048038     0.156025
     45.1182     0.929746     0.070254    -0.048982     0.158417
     45.2392     0.927326     0.072674    -0.049939     0.160813
     45.3601     0.924841     0.075159    -0.050912     0.163210
     45.4811     0.922295     0.077705    -0.051898     0.165604
     45.6020     0.919690     0.080310    -0.052899     0.168002
     45.7230     0.917017     0.082983    -0.053914     0.170405
     45.8439     0.914271     0.085729    -0.054944     0.172805
     45.9648     0.911457     0.088543    -0.055988     0.175195
     46.0858     0.908579     0.091421    -0.057046     0.177575
     46.2067     0.905636     0.094364    -0.058119     0.179950
     46.3277     0.902623     0.097377    -0.059205     0.182320
     46.4486     0.899536     0.100464    -0.060306     0.184679
     46.5696     0.896375     0.103625    -0.061421     0.187022
     46.6905     0.893144     0.106856    -0.062551     0.189342
     46.8115     0.889848     0.110152    -0.063693     0.191643
     46.9324     0.886482     0.113518    -0.064850     0.193928
     47.0533     0.883042     0.116958    -0.066021     0.196191
     47.1743     0.879531     0.120469    -0.067204     0.198425
     47.2952     0.875954     0.124046    -0.068402     0.200631
     47.4162     0.872307     0.127693    -0.069612     0.202809
     47.5371     0.868591     0.131409    -0.070835     0.204955
     47.6581     0.864809     0.135191    -0.072071     0.207071
     47.7790     0.860955     0.139045    -0.073320     0.209156
     47.9000     0.857027     0.142973    -0.074581     0.211203
     48.0209     0.853029     0.146971    -0.075854     0.213205
     48.1418     0.848965     0.151035    -0.077140     0.215165
     48.2628     0.844828     0.155172    -0.078436     0.217079
     48.3837     0.840625     0.159375    -0.079744     0.218935
     48.5047     0.836366     0.163634    -0.081063     0.220740
     48.6256     0.832044     0.167956    -0.082393     0.222499
     48.7466     0.827652     0.172348    -0.083733     0.224200
     48.8675     0.823203     0.176797    -0.085083     0.225833
     48.9885     0.818706     0.181294    -0.086443     0.227405
     49.1094     0.814155     0.185845    -0.087812     0.228920
     49.2303     0.809553     0.190447    -0.089190     0.230374
     49.3513     0.804903     0.195097    -0.090577     0.231768
     49.4722     0.800199     0.199801    -0.091971     0.233110
     49.5932     0.795429     0.204571    -0.093374     0.234390
     49.7141     0.790596     0.209404    -0.094784     0.235591
     49.8351     0.785711     0.214289    -0.096201     0.236705
     49.9560     0.780787     0.219213    -0.097624     0.237731
     50.0770     0.775829     0.224171    -0.099053     0.238674
     50.1979     0.770840     0.229160    -0.100488     0.239536
     50.3188     0.765822     0.234178    -0.101928     0.240320
     50.4398     0.760775     0.239225    -0.103372     0.241030
     50.5607     0.755692     0.244308    -0.104820     0.241664
     50.6817     0.750573     0.249427    -0.106271     0.242211
     50.8026     0.745425     0.254575    -0.107726     0.242664
     50.9236     0.740263     0.259737    -0.109183     0.243022
     51.0445     0.735092     0.264908    -0.110642     0.243296
     51.1654     0.729902     0.270098    -0.112103     0.243493
     51.2864     0.724691     0.275309    -0.113564     0.243597
     51.4073     0.719480     0.280520    -0.115026     0.243606
     51.5283     0.714267     0.285733    -0.116487     0.243547
     51.6492     0.709016     0.290984    -0.117948     0.243405
     51.7702     0.703747     0.296253    -0.119408     0.243131
     51.8911     0.698523     0.301477    -0.120865     0.242742
     52.0121     0.693332     0.306668    -0.122320     0.242301
     52.1330     0.688120     0.311880    -0.123773     0.241792
     52.2539     0.682910     0.317090    -0.125222     0.241170
     52.3749     0.677741     0.322259    -0.126667     0.240466
     52.4958     0.672573     0.327427    -0.128107     0.239713
     52.6168     0.667376     0.332624    -0.129543     0.238865
     52.7377     0.662198     0.337802    -0.130973     0.237888
     52.8587     0.657073     0.342927    -0.132398     0.236826
     52.9796     0.651954     0.348046    -0.133815     0.235709
     53.1006     0.646809     0.353191    -0.135226     0.234479
     53.2215     0.641705     0.358295    -0.136629     0.233088
     53.3424     0.636705     0.363295    -0.138023     0.231599
     53.4634     0.631757     0.368243    -0.139408     0.230070
     53.5843     0.626821     0.373179    -0.140783     0.228449
     53.7053     0.621958     0.378042    -0.142149     0.226717
     53.8262     0.617173     0.382827    -0.143504     0.224938
     53.9472     0.612409     0.387591    -0.144848     0.223097
     54.0681     0.607710     0.392290    -0.146181     0.221152
     54.1891     0.603104     0.396896    -0.147502     0.219182
     54.3100     0.598469     0.401531    -0.148811     0.217199
     54.4309     0.593808     0.406192    -0.150108     0.215043
     54.5519     0.589295     0.410705    -0.151391     0.212719
     54.6728     0.584933     0.415067    -0.152660     0.210391
     54.7938     0.580590     0.419410    -0.153916     0.208052
     54.9147     0.576290     0.423710    -0.155157     0.205613
     55.0357     0.572077     0.427923    -0.156383     0.203118
     55.1566     0.567890     0.432110    -0.157594     0.200562
     55.2776     0.563772     0.436228    -0.158789     0.197863
     55.3985     0.559825     0.440175    -0.159968     0.195075
     55.5194     0.556004     0.443996    -0.161130     0.192293
     55.6404     0.552256     0.447744    -0.162276     0.189487
     55.7613     0.548608     0.451392    -0.163404     0.186657
     55.8823     0.545014     0.454986    -0.164516     0.183842
     56.0032     0.541420     0.458580    -0.165610     0.180958
     56.1242     0.537936     0.462064    -0.166687     0.177932
     56.2451     0.534659     0.465341    -0.167745     0.174887
     56.3661     0.531472     0.468528    -0.168786     0.171943
     56.4870     0.528234     0.471766    -0.169809     0.169002
     56.6079     0.525015     0.474985    -0.170813     0.165911
     56.7289     0.521964     0.478036    -0.171799     0.162705
     56.8498     0.519069     0.480931    -0.172766     0.159498
     56.9708     0.516276     0.483724    -0.173713     0.156270
     57.0917     0.513643     0.486357    -0.174641     0.153016
     57.2127     0.511165     0.488835    -0.175550     0.149846
     57.3336     0.508705     0.491295    -0.176439     0.146763
     57.4545     0.506252     0.493748    -0.177311     0.143639
     57.5755     0.503903     0.496097    -0.178163     0.140476
     57.6964     0.501630     0.498370    -0.178996     0.137343
     57.8174     0.499374     0.500626    -0.179811     0.134179
     57.9383     0.497207     0.502793    -0.180606     0.130912
     58.0593     0.495230     0.504770    -0.181382     0.127589
     58.1802     0.493451     0.506549    -0.182138     0.124324
     58.3012     0.491772     0.508228    -0.182874     0.121180
     58.4221     0.490114     0.509886    -0.183592     0.118085
     58.5430     0.488540     0.511460    -0.184291     0.114993
     58.6640     0.487034     0.512966    -0.184972     0.111982
     58.7849     0.485486     0.514514    -0.185635     0.108966
     58.9059     0.484066     0.515934    -0.186279     0.105803
     59.0268     0.482924     0.517076    -0.186905     0.102759
     59.1478     0.481698     0.518302    -0.187513     0.099967
     59.2687     0.480296     0.519704    -0.188104     0.096964
     59.3897     0.479272     0.520728    -0.188676     0.093725
     59.5106     0.478562     0.521438    -0.189229     0.090870
     59.6315     0.477511     0.522489    -0.189767     0.088220
     59.7525     0.476429     0.523571    -0.190287     0.085095
     59.8734     0.476024     0.523976    -0.190788     0.081915
     59.9944     0.475837     0.524163    -0.191271     0.079401
     60.1153     0.475196     0.524804    -0.191741     0.077135
     60.2363     0.474433     0.525567    -0.192196     0.074587
     60.3572     0.473867     0.526133    -0.192636     0.072019
     60.4782     0.473264     0.526736    -0.193061     0.069511
     60.5991     0.472747     0.527253    -0.193470     0.066829
     60.7200     0.472567     0.527433    -0.193863     0.064243
     60.8410     0.472354     0.527646    -0.194242     0.061998
     60.9619     0.471899     0.528101    -0.194607     0.059669
     61.0829     0.471665     0.528335    -0.194957     0.057104
     61.2038     0.471724     0.528276    -0.195293     0.054788
     61.3248     0.471575     0.528425    -0.195615     0.052691
     61.4457     0.471377     0.528623    -0.195924     0.050290
     61.5667     0.471703     0.528297    -0.196218     0.047877
     61.6876     0.472159     0.527841    -0.196500     0.046089
     61.8085     0.472054     0.527946    -0.196772     0.044483
     61.9295     0.471844     0.528156    -0.197033     0.042361
     62.0504     0.472193     0.527807    -0.197280     0.040161
     62.1714     0.472709     0.527291    -0.197516     0.038500
     62.2923     0.472829     0.527171    -0.197743     0.037076
     62.4133     0.472707     0.527293    -0.197960     0.035391
     62.5342     0.472756     0.527244    -0.198167     0.033410
     62.6551     0.473218     0.526782    -0.198361     0.031444
     62.7761     0.473876     0.526124    -0.198545     0.029913
     62.8970     0.474200     0.525800    -0.198721     0.028665
     63.0180     0.474333     0.525667    -0.198888     0.027140
     63.1389     0.474806     0.525194    -0.199046     0.025544
     63.2599     0.475291     0.524709    -0.199196     0.024333
     63.3808     0.475442     0.524558    -0.199338     0.023049
     63.5018     0.475809     0.524191    -0.199472     0.021490
     63.6227     0.476420     0.523580    -0.199597     0.020240
     63.7436     0.476716     0.523284    -0.199715     0.019133
     63.8646     0.477046     0.522954    -0.199825     0.017682
     63.9855     0.477786     0.522214    -0.199927     0.016360
     64.1065     0.478437     0.521563    -0.200022     0.015396
     64.2274     0.478958     0.521042    -0.200112     0.014371
     64.3484     0.479609     0.520391    -0.200195     0.013455
     64.4693     0.480033     0.519967    -0.200274     0.012703
     64.5903     0.480409     0.519591    -0.200347     0.011650
     64.7112     0.481213     0.518787    -0.200414     0.010723
     64.8321     0.481771     0.518229    -0.200477     0.010339
     64.9531     0.481781     0.518219    -0.200537     0.009625
     65.0740     0.482204     0.517796    -0.200591     0.008422
     65.1950     0.483040     0.516960    -0.200639     0.007657
     65.3159     0.483505     0.516495    -0.200684     0.007157
     65.4369     0.483925     0.516075    -0.200724     0.006346
     65.5578     0.484664     0.515336    -0.200760     0.005634
     65.6788     0.485342     0.514658    -0.200792     0.005190
     65.7997     0.485988     0.514012    -0.200822     0.004797
     65.9206     0.486579     0.513421    -0.200851     0.004693
     66.0416     0.486685     0.513315    -0.200879     0.004659
     66.1625     0.486609     0.513391    -0.200905     0.004159
     66.2835     0.486827     0.513173    -0.200928     0.003479
     66.4044     0.487105     0.512895    -0.200948     0.002886
     66.5254     0.487426     0.512574    -0.200963     0.002181
     66.6463     0.487955     0.512045    -0.200974     0.001501
     66.7673     0.488555     0.511445    -0.200981     0.000916
     66.8882     0.489357     0.510643    -0.200985     0.000417
     67.0091     0.490183     0.509817    -0.200987     0.000394
     67.1301     0.490424     0.509576    -0.200990     0.000476
     67.2510     0.490650     0.509350    -0.200991    -0.000057
     67.3720     0.491577     0.508423    -0.200989    -0.000440
     67.4929     0.492303     0.507697    -0.200988    -0.000038
     67.6139     0.492349     0.507651    -0.200989     0.000252
     67.7348     0.492433     0.507567    -0.200990     0.000196
     67.8558     0.492459     0.507541    -0.200991     0.000214
     67.9767     0.492339     0.507661    -0.200992    -0.000119
     68.0976     0.492702     0.507298    -0.200989    -0.000568
     68.2186     0.492993     0.507007    -0.200986    -0.000492
     68.3395     0.492721     0.507279    -0.200983    -0.000779
     68.4605     0.493053     0.506947    -0.200975    -0.001682
     68.5814     0.493976     0.506024    -0.200964    -0.001917
     68.7024     0.494313     0.505687    -0.200953    -0.001799
     68.8233     0.494734     0.505266    -0.200941    -0.002227
     68.9442     0.495811     0.504189    -0.200928    -0.002166
     69.0652     0.496278     0.503722    -0.200917    -0.001309
     69.1861     0.496002     0.503998    -0.200911    -0.000905
     69.3071     0.495939     0.504061    -0.200905    -0.000946
     69.4280     0.495956     0.504044    -0.200900    -0.000955
     69.5490     0.496093     0.503907    -0.200893    -0.001144
     69.6699     0.496532     0.503468    -0.200887    -0.001015
     69.7909     0.496433     0.503567    -0.200882    -0.000564
     69.9118     0.496094     0.503906    -0.200878    -0.000828
     70.0327     0.496589     0.503411    -0.200872    -0.001137
     70.1537     0.496876     0.503124    -0.200867    -0.000530
     70.2746     0.496226     0.503774    -0.200865    -0.000349
     70.3956     0.496135     0.503865    -0.200861    -0.001001
     70.5165     0.496625     0.503375    -0.200854    -0.001023
     70.6375     0.496426     0.503574    -0.200849    -0.000810
     70.7584     0.496330     0.503670    -0.200843    -0.001345
     70.8794     0.497009     0.502991    -0.200833    -0.001545
     71.0003     0.497263     0.502737    -0.200826    -0.001024
     71.1212     0.496960     0.503040    -0.200820    -0.000901
     71.2422     0.496974     0.503026    -0.200814    -0.001084
     71.3631     0.497026     0.502974    -0.200808    -0.001022
     71.4841     0.496860     0.503140    -0.200801    -0.001122
     71.6050     0.496920     0.503080    -0.200794    -0.001443
     71.7260     0.497189     0.502811    -0.200785    -0.001618
     71.8469     0.497460     0.502540    -0.200775    -0.001632
     71.9679     0.497603     0.502397    -0.200765    -0.001519
     72.0888     0.497528     0.502472    -0.200756    -0.001605
     72.2097     0.497833     0.502167    -0.200745    -0.002040
     72.3307     0.498684     0.501316    -0.200733    -0.001927
     72.4516     0.498948     0.501052    -0.200724    -0.001107
     72.5726     0.498515     0.501485    -0.200718    -0.000823
     72.6935     0.498619     0.501381    -0.200713    -0.001070
     72.8145     0.499101     0.500899    -0.200707    -0.000671
     72.9354     0.498834     0.501166    -0.200705     0.000106
     73.0564     0.498065     0.501935    -0.200707     0.000172
     73.1773     0.497831     0.502169    -0.200706    -0.000386
     73.2982     0.498279     0.501721    -0.200703    -0.000604
     73.4192     0.498500     0.501500    -0.200700    -0.000113
     73.5401     0.497978     0.502022    -0.200701     0.000164
     73.6611     0.497744     0.502256    -0.200701    -0.000327
     73.7820     0.498273     0.501727    -0.200698    -0.000362
     73.9030     0.498093     0.501907    -0.200698     0.000345
     74.0239     0.497182     0.502818    -0.200700     0.000083
     74.1448     0.497395     0.502605    -0.200697    -0.000879
     74.2658     0.498164     0.501836    -0.200692    -0.000727
     74.3867     0.497951     0.502049    -0.200689    -0.000349
     74.5077     0.497987     0.502013    -0.200686    -0.000809
     74.6286     0.498776     0.501224    -0.200681    -0.000541
     74.7496     0.498511     0.501489    -0.200681     0.000411
     74.8705     0.497709     0.502291    -0.200683     0.000196
     74.9915     0.498032     0.501968    -0.200683    -0.000279
     75.1124     0.498254     0.501746    -0.200682     0.000264
     75.2333     0.497585     0.502415    -0.200685     0.000359
     75.3543     0.497619     0.502381    -0.200685    -0.000294
     75.4752     0.498245     0.501755    -0.200683    -0.000114
     75.5962     0.498047     0.501953    -0.200684     0.000505
     75.7171     0.497571     0.502429    -0.200688     0.000450
     75.8381     0.497527     0.502473    -0.200690     0.000311
     75.9590     0.497333     0.502667    -0.200692     0.000375
     76.0800     0.497052     0.502948    -0.200694     0.000085
     76.2009     0.497210     0.502790    -0.200693    -0.000312
     76.3218     0.497556     0.502444    -0.200691    -0.000339
     76.4428     0.497692     0.502308    -0.200689    -0.000113
     76.5637     0.497530     0.502470    -0.200689     0.000051
     76.6847     0.497347     0.502653    -0.200689    -0.000152
     76.8056     0.497638     0.502362    -0.200687    -0.000426
     76.9266     0.498052     0.501948    -0.200685    -0.000139
     77.0475     0.497913     0.502087    -0.200686     0.000301
     77.1685     0.497667     0.502333    -0.200688     0.000307
     77.2894     0.497681     0.502319    -0.200690     0.000346
     77.4103     0.497468     0.502532    -0.200692     0.000468
     77.5313     0.497327     0.502673    -0.200694     0.000174
     77.6522     0.497758     0.502242    -0.200695     0.000071
     77.7732     0.497932     0.502068    -0.200697     0.000635
     77.8941     0.497437     0.502563    -0.200702     0.000935
     78.0151     0.497190     0.502810    -0.200707     0.000656
     78.1360     0.497387     0.502613    -0.200710     0.000625
     78.2570     0.497332     0.502668    -0.200715     0.000933
     78.3779     0.496990     0.503010    -0.200721     0.001032
     78.4988     0.496748     0.503252    -0.200727     0.000878
     78.6198     0.496686     0.503314    -0.200731     0.000693
     78.7407     0.496741     0.503259    -0.200735     0.000577
     78.8617     0.496831     0.503169    -0.200738     0.000584
     78.9826     0.496843     0.503157    -0.200742     0.000692
     79.1036     0.496708     0.503292    -0.200747     0.000766
     79.2245     0.496588     0.503412    -0.200751     0.000625
     79.3455     0.496791     0.503209    -0.200754     0.000487
     79.4664     0.497009     0.502991    -0.200758     0.000797
     79.5873     0.496676     0.503324    -0.200764     0.001134
     79.7083     0.496318     0.503682    -0.200770     0.000856
     79.8292     0.496583     0.503417    -0.200774     0.000557
     79.9502     0.496886     0.503114    -0.200778     0.000797
     80.0711     0.496864     0.503136    -0.200784     0.001094
     80.1921     0.496798     0.503202    -0.200791     0.001377
     80.3130     0.496435     0.503565    -0.200800     0.001666
     80.4339     0.496060     0.503940    -0.200810     0.001429
     80.5549     0.496345     0.503655    -0.200818     0.001297
     80.6758     0.496275     0.503725    -0.200827     0.001918
     80.7968     0.495376     0.504624    -0.200839     0.001879
     80.9177     0.495396     0.504604    -0.200848     0.000983
     81.0387     0.496204     0.503796    -0.200853     0.001158
     81.1596     0.495903     0.504097    -0.200863     0.001926
     81.2806     0.495313     0.504687    -0.200874     0.001644
     81.4015     0.495644     0.504356    -0.200883     0.001426
     81.5224     0.495603     0.504397    -0.200893     0.001955
     81.6434     0.495038     0.504962    -0.200905     0.001932
     81.7643     0.495040     0.504960    -0.200916     0.001678
     81.8853     0.494917     0.505083    -0.200926     0.001878
     82.0062     0.494503     0.505497    -0.200937     0.001609
     82.1272     0.494778     0.505222    -0.200945     0.001222
     82.2481     0.494968     0.505032    -0.200953     0.001540
     82.3691     0.494619     0.505381    -0.200963     0.001515
     82.4900     0.494888     0.505112    -0.200971     0.001201
     82.6109     0.495203     0.504797    -0.200979     0.001692
     82.7319     0.494717     0.505283    -0.200991     0.002022
     82.8528     0.494571     0.505429    -0.201002     0.001771
     82.9738     0.494624     0.505376    -0.201013     0.002003
     83.0947     0.494127     0.505873    -0.201026     0.001977
     83.2157     0.494338     0.505662    -0.201036     0.001454
     83.3366     0.494851     0.505149    -0.201046     0.002018
     83.4576     0.494021     0.505979    -0.201060     0.002561
     83.5785     0.493616     0.506384    -0.201073     0.001658
     83.6994     0.494593     0.505407    -0.201082     0.001598
     83.8204     0.494368     0.505632    -0.201095     0.002694
     83.9413     0.493335     0.506665    -0.201111     0.002346
     84.0623     0.493825     0.506175    -0.201122     0.001600
     84.1832     0.494311     0.505689    -0.201133     0.002261
     84.3042     0.493697     0.506303    -0.201148     0.002573
     84.4251     0.493676     0.506324    -0.201163     0.002223
     84.5461     0.493832     0.506168    -0.201177     0.002563
     84.6670     0.493385     0.506615    -0.201193     0.002629
     84.7879     0.493578     0.506422    -0.201207     0.002357
     84.9089     0.493726     0.506274    -0.201223     0.002964
     85.0298     0.492908     0.507092    -0.201242     0.003112
     85.1508     0.492908     0.507092    -0.201258     0.002374
     85.2717     0.493558     0.506442    -0.201273     0.002672
     85.3927     0.493141     0.506859    -0.201291     0.003267
     85.5136     0.492839     0.507161    -0.201310     0.002968
     85.6345     0.493075     0.506925    -0.201328     0.003171
     85.7555     0.492520     0.507480    -0.201348     0.003421
     85.8764     0.492469     0.507531    -0.201367     0.002735
     85.9974     0.493328     0.506672    -0.201383     0.003059
     86.1183     0.492811     0.507189    -0.201405     0.004091
     86.2393     0.491949     0.508051    -0.201429     0.003580
     86.3602     0.492568     0.507432    -0.201448     0.003185
     86.4812     0.492601     0.507399    -0.201470     0.003980
     86.6021     0.491923     0.508077    -0.201494     0.003790
     86.7230     0.492483     0.507517    -0.201515     0.003472
     86.8440     0.492585     0.507415    -0.201538     0.004423
     86.9649     0.491648     0.508352    -0.201566     0.004396
     87.0859     0.492099     0.507901    -0.201590     0.003784
     87.2068     0.492561     0.507439    -0.201615     0.004805
     87.3278     0.491375     0.508625    -0.201646     0.005265
     87.4487     0.491241     0.508759    -0.201675     0.004319
     87.5697     0.492042     0.507958    -0.201701     0.004771
     87.6906     0.491287     0.508713    -0.201733     0.005554
     87.8115     0.490819     0.509181    -0.201764     0.004837
     87.9325     0.491558     0.508442    -0.201793     0.004918
     88.0534     0.491178     0.508822    -0.201825     0.005685
     88.1744     0.490803     0.509197    -0.201858     0.005200
     88.2953     0.491649     0.508351    -0.201889     0.005439
     88.4163     0.491208     0.508792    -0.201926     0.006705
     88.5372     0.490119     0.509881    -0.201966     0.006388
     88.6582     0.490642     0.509358    -0.202002     0.005974
     88.7791     0.490647     0.509353    -0.202041     0.006975
     88.9000     0.489623     0.510377    -0.202083     0.006930
     89.0210     0.489999     0.510001    -0.202123     0.006399
     89.1419     0.490237     0.509763    -0.202164     0.007420
     89.2629     0.488976     0.511024    -0.202210     0.007727
     89.3838     0.488844     0.511156    -0.202254     0.006812
     89.5048     0.489450     0.510550    -0.202295     0.007235
     89.6257     0.488698     0.511302    -0.202341     0.007785
     89.7467     0.488423     0.511577    -0.202386     0.007128
     89.8676     0.489053     0.510947    -0.202429     0.007422
     89.9885     0.488448     0.511552    -0.202476     0.008198
     90.1095     0.487830     0.512170    -0.202524     0.007672
     90.2304     0.488367     0.511633    -0.202569     0.007569
     90.3514     0.488129     0.511871    -0.202617     0.008286
     90.4723     0.487505     0.512495    -0.202666     0.007994
     90.5933     0.487967     0.512033    -0.202713     0.007733
     90.7142     0.488077     0.511923    -0.202761     0.008436
     90.8352     0.487528     0.512472    -0.202813     0.008577
     90.9561     0.487648     0.512352    -0.202863     0.008461
     91.0770     0.487635     0.512365    -0.202916     0.009001
     91.1980     0.487113     0.512887    -0.202970     0.009105
     91.3189     0.487214     0.512786    -0.203024     0.008947
     91.4399     0.487298     0.512702    -0.203079     0.009468
     91.5608     0.486792     0.513208    -0.203137     0.009730
     91.6818     0.486717     0.513283    -0.203195     0.009614
     91.8027     0.486739     0.513261    -0.203254     0.010020
     91.9236     0.486239     0.513761    -0.203315     0.010263
     92.0446     0.486063     0.513937    -0.203376     0.010083
     92.1655     0.486107     0.513893    -0.203437     0.010263
     92.2865     0.485858     0.514142    -0.203499     0.010387
     92.4074     0.485914     0.514086    -0.203561     0.010347
     92.5284     0.485949     0.514051    -0.203624     0.010739
     92.6493     0.485579     0.514421    -0.203689     0.010845
     92.7703     0.485801     0.514199    -0.203754     0.010666
     92.8912     0.486159     0.513841    -0.203819     0.011326
     93.0121     0.485595     0.514405    -0.203889     0.011936
     93.1331     0.485311     0.514689    -0.203961     0.011714
     93.2540     0.485662     0.514338    -0.204031     0.012002
     93.3750     0.485363     0.514637    -0.204105     0.012657
     93.4959     0.485035     0.514965    -0.204182     0.012662
     93.6169     0.485255     0.514745    -0.204258     0.013015
     93.7378     0.484809     0.515192    -0.204339     0.013764
     93.8588     0.484155     0.515845    -0.204421     0.013682
     93.9797     0.484316     0.515684    -0.204503     0.013635
     94.1006     0.484177     0.515823    -0.204587     0.014263
     94.2216     0.483558     0.516442    -0.204673     0.014381
     94.3425     0.483519     0.516481    -0.204759     0.014234
     94.4635     0.483517     0.516483    -0.204845     0.014568
     94.5844     0.483259     0.516741    -0.204933     0.014722
     94.7054     0.483338     0.516662    -0.205022     0.014899
     94.8263     0.483121     0.516879    -0.205113     0.015449
     94.9473     0.482640     0.517360    -0.205206     0.015472
     95.0682     0.482845     0.517155    -0.205298     0.015454
     95.1891     0.482817     0.517183    -0.205393     0.016175
     95.3101     0.482140     0.517860    -0.205491     0.016406
     95.4310     0.482147     0.517853    -0.205589     0.016228
     95.5520     0.482198     0.517802    -0.205688     0.016850
     95.6729     0.481417     0.518583    -0.205790     0.017106
     95.7939     0.481344     0.518656    -0.205891     0.016598
     95.9148     0.481832     0.518168    -0.205991     0.016993
     96.0358     0.481370     0.518630    -0.206096     0.017601
     96.1567     0.481115     0.518885    -0.206201     0.017319
     96.2776     0.481602     0.518398    -0.206305     0.017599
     96.3986     0.481325     0.518675    -0.206413     0.018357
     96.5195     0.480956     0.519044    -0.206523     0.018304
     96.6405     0.481330     0.518670    -0.206633     0.018580
     96.7614     0.481042     0.518958    -0.206747     0.019433
     96.8824     0.480451     0.519549    -0.206865     0.019455
     97.0033     0.480695     0.519305    -0.206981     0.019529
     97.1243     0.480528     0.519472    -0.207100     0.020297
     97.2452     0.479931     0.520069    -0.207223     0.020383
     97.3661     0.480150     0.519850    -0.207345     0.020390
     97.4871     0.480077     0.519923    -0.207469     0.021188
     97.6080     0.479399     0.520601    -0.207598     0.021382
     97.7290     0.479515     0.520485    -0.207725     0.021308
     97.8499     0.479461     0.520539    -0.207855     0.022062
     97.9709     0.478701     0.521299    -0.207989     0.022187
     98.0918     0.478964     0.521036    -0.208121     0.021867
     98.2127     0.479305     0.520695    -0.208254     0.022824
     98.3337     0.478306     0.521694    -0.208394     0.023443
     98.4546     0.478043     0.521957    -0.208533     0.022867
     98.5756     0.478630     0.521370    -0.208671     0.023346
     98.6965     0.477968     0.522032    -0.208814     0.024190
     98.8175     0.477479     0.522521    -0.208958     0.023740
     98.9384     0.478151     0.521849    -0.209100     0.023957
     99.0594     0.477778     0.522222    -0.209247     0.025028
     99.1803     0.476985     0.523015    -0.209398     0.024833
     99.3012     0.477497     0.522503    -0.209545     0.024697
     99.4222     0.477502     0.522498    -0.209697     0.025710
     99.5431     0.476681     0.523319    -0.209852     0.025865
     99.6641     0.476921     0.523079    -0.210006     0.025613
     99.7850     0.477132     0.522868    -0.210162     0.026436
     99.9060     0.476451     0.523549    -0.210322     0.026836
    100.0269     0.476496     0.523504    -0.210483     0.026687
    100.1479     0.476662     0.523338    -0.210645     0.027439
    100.2688     0.475902     0.524098    -0.210811     0.027887
    100.3897     0.475785     0.524215    -0.210977     0.027531
    100.5107     0.476212     0.523788    -0.211143     0.028004
    100.6316     0.475804     0.524196    -0.211314     0.028662
    100.7526     0.475607     0.524393    -0.211486     0.028629
    100.8735     0.475849     0.524151    -0.211659     0.029155
    100.9945     0.475317     0.524683    -0.211836     0.029803
    101.1154     0.475003     0.524997    -0.212014     0.029636
    101.2364     0.475372     0.524628    -0.212193     0.030009
    101.3573     0.474955     0.525045    -0.212376     0.030800
    101.4782     0.474449     0.525551    -0.212560     0.030685
    101.5992     0.474812     0.525188    -0.212744     0.030815
    101.7201     0.474639     0.525361    -0.212932     0.031615
    101.8411     0.474106     0.525894    -0.213122     0.031674
    101.9620     0.474398     0.525602    -0.213312     0.031728
    102.0830     0.474357     0.525643    -0.213504     0.032539
    102.2039     0.473762     0.526238    -0.213701     0.032747
    102.3249     0.473928     0.526072    -0.213897     0.032693
    102.4458     0.474026     0.525974    -0.214095     0.033410
    102.5667     0.473483     0.526517    -0.214297     0.033744
    102.6877     0.473570     0.526430    -0.214499     0.033665
    102.8086     0.473790     0.526210    -0.214702     0.034327
    102.9296     0.473318     0.526682    -0.214910     0.034830
    103.0505     0.473273     0.526727    -0.215119     0.034831
    103.1715     0.473445     0.526555    -0.215330     0.035445
    103.2924     0.472942     0.527058    -0.215544     0.035945
    103.4133     0.472878     0.527122    -0.215760     0.035836
    103.5343     0.473250     0.526750    -0.215976     0.036424
    103.6552     0.472789     0.527211    -0.216197     0.037200
    103.7762     0.472427     0.527573    -0.216421     0.037146
    103.8971     0.472767     0.527233    -0.216644     0.037465
    104.0181     0.472533     0.527467    -0.216871     0.038258
    104.1390     0.472111     0.527889    -0.217101     0.038393
    104.2600     0.472304     0.527696    -0.217332     0.038636
    104.3809     0.472135     0.527865    -0.217566     0.039334
    104.5018     0.471760     0.528240    -0.217803     0.039495
    104.6228     0.471996     0.528004    -0.218040     0.039735
    104.7437     0.471902     0.528098    -0.218281     0.040548
    104.8647     0.471384     0.528616    -0.218526     0.040871
    104.9856     0.471406     0.528594    -0.218771     0.041017
    105.1066     0.471312     0.528688    -0.219019     0.041649
    105.2275     0.470863     0.529137    -0.219270     0.041898
    105.3485     0.470973     0.529027    -0.219521     0.041987
    105.4694     0.471009     0.528991    -0.219775     0.042681
    105.5903     0.470517     0.529483    -0.220033     0.043065
    105.7113     0.470525     0.529475    -0.220291     0.043095
    105.8322     0.470661     0.529339    -0.220551     0.043721
    105.9532     0.470226     0.529774    -0.220816     0.044246
    106.0741     0.470081     0.529919    -0.221081     0.044354
    106.1951     0.470097     0.529903    -0.221349     0.044869
    106.3160     0.469684     0.530316    -0.221620     0.045250
    106.4370     0.469674     0.530326    -0.221891     0.045301
    106.5579     0.469763     0.530237    -0.222164     0.045949
    106.6788     0.469150     0.530850    -0.222442     0.046375
    106.7998     0.469092     0.530908    -0.222719     0.046100
    106.9207     0.469601     0.530399    -0.222997     0.046649
    107.0417     0.469117     0.530883    -0.223280     0.047492
    107.1626     0.468703     0.531297    -0.223565     0.047285
    107.2836     0.469269     0.530731    -0.223848     0.047517
    107.4045     0.469094     0.530906    -0.224136     0.048522
    107.5255     0.468479     0.531521    -0.224428     0.048591
    107.6464     0.468858     0.531142    -0.224720     0.048623
    107.7673     0.468875     0.531125    -0.225014     0.049562
    107.8883     0.468214     0.531786    -0.225313     0.049802
    108.0092     0.468476     0.531524    -0.225611     0.049702
    108.1302     0.468691     0.531309    -0.225911     0.050605
    108.2511     0.467970     0.532030    -0.226217     0.051086
    108.3721     0.467978     0.532022    -0.226523     0.050835
    108.4930     0.468421     0.531579    -0.226829     0.051495
    108.6140     0.467916     0.532084    -0.227141     0.052256
    108.7349     0.467628     0.532372    -0.227454     0.052181
    108.8558     0.467947     0.532053    -0.227768     0.052571
    108.9768     0.467670     0.532330    -0.228086     0.053271
    109.0977     0.467395     0.532605    -0.228406     0.053386
    109.2187     0.467558     0.532442    -0.228727     0.053785
    109.3396     0.467230     0.532770    -0.229052     0.054390
    109.4606     0.466951     0.533049    -0.229379     0.054417
    109.5815     0.467185     0.532815    -0.229706     0.054722
    109.7024     0.466972     0.533028    -0.230036     0.055335
    109.8234     0.466743     0.533257    -0.230368     0.055418
    109.9443     0.467010     0.532990    -0.230702     0.055797
    110.0653     0.466714     0.533286    -0.231039     0.056522
    110.1862     0.466315     0.533685    -0.231378     0.056508
    110.3072     0.466700     0.533300    -0.231717     0.056686
    110.4281     0.466591     0.533409    -0.232060     0.057550
    110.5491     0.466018     0.533982    -0.232406     0.057668
    110.6700     0.466337     0.533663    -0.232752     0.057627
    110.7909     0.466476     0.533524    -0.233100     0.058486
    110.9119     0.465844     0.534156    -0.233452     0.058846
    111.0328     0.465950     0.534050    -0.233805     0.058674
    111.1538     0.466273     0.533727    -0.234158     0.059352
    111.2747     0.465782     0.534218    -0.234517     0.059902
    111.3957     0.465733     0.534267    -0.234876     0.059811
    111.5166     0.466050     0.533950    -0.235236     0.060387
    111.6376     0.465604     0.534396    -0.235600     0.060996
    111.7585     0.465458     0.534542    -0.235966     0.060888
    111.8794     0.465855     0.534145    -0.236332     0.061357
    112.0004     0.465507     0.534493    -0.236703     0.062099
    112.1213     0.465202     0.534798    -0.237076     0.062064
    112.2423     0.465574     0.534426    -0.237449     0.062378
    112.3632     0.465361     0.534639    -0.237825     0.063166
    112.4842     0.464943     0.535057    -0.238205     0.063257
    112.6051     0.465182     0.534818    -0.238585     0.063432
    112.7261     0.465079     0.534921    -0.238967     0.064090
    112.8470     0.464764     0.535236    -0.239353     0.064238
    112.9679     0.465001     0.534999    -0.239738     0.064497
    113.0889     0.464799     0.535201    -0.240128     0.065214
    113.2098     0.464344     0.535656    -0.240519     0.065228
    113.3308     0.464736     0.535264    -0.240910     0.065268
    113.4517     0.464789     0.535211    -0.241305     0.066148
    113.5727     0.464156     0.535844    -0.241703     0.066403
    113.6936     0.464353     0.535647    -0.242100     0.066243
    113.8146     0.464617     0.535383    -0.242500     0.066999
    113.9355     0.464013     0.535987    -0.242904     0.067467
    114.0564     0.463991     0.536009    -0.243308     0.067247
    114.1774     0.464360     0.535640    -0.243712     0.067791
    114.2983     0.463915     0.536085    -0.244121     0.068359
    114.4193     0.463808     0.536192    -0.244531     0.068196
    114.5402     0.464229     0.535771    -0.244941     0.068659
    114.6612     0.463864     0.536136    -0.245356     0.069356
    114.7821     0.463595     0.536405    -0.245772     0.069255
    114.9030     0.463996     0.536004    -0.246188     0.069559
    115.0240     0.463765     0.536235    -0.246607     0.070293
    115.1449     0.463411     0.536589    -0.247029     0.070302
    115.2659     0.463723     0.536277    -0.247451     0.070515
    115.3868     0.463543     0.536457    -0.247877     0.071199
    115.5078     0.463172     0.536828    -0.248304     0.071204
    115.6287     0.463523     0.536477    -0.248731     0.071337
    115.7497     0.463443     0.536557    -0.249162     0.072077
    115.8706     0.463001     0.536999    -0.249595     0.072158
    115.9915     0.463324     0.536676    -0.250028     0.072217
    116.1125     0.463293     0.536707    -0.250463     0.073004
    116.2334     0.462700     0.537300    -0.250902     0.073097
    116.3544     0.463032     0.536968    -0.251340     0.072899
    116.4753     0.463315     0.536685    -0.251779     0.073701
    116.5963     0.462691     0.537309    -0.252223     0.074102
    116.7172     0.462768     0.537232    -0.252667     0.073835
    116.8382     0.463171     0.536829    -0.253111     0.074462
    116.9591     0.462636     0.537364    -0.253560     0.075033
    117.0800     0.462513     0.537487    -0.254010     0.074794
    117.2010     0.462916     0.537084    -0.254459     0.075248
    117.3219     0.462457     0.537543    -0.254913     0.075846
    117.4429     0.462255     0.537745    -0.255367     0.075561
    117.5638     0.462797     0.537203    -0.255821     0.075881
    117.6848     0.462489     0.537511    -0.256279     0.076666
    117.8057     0.462080     0.537920    -0.256739     0.076503
    117.9267     0.462555     0.537445    -0.257198     0.076624
    118.0476     0.462407     0.537593    -0.257660     0.077417
    118.1685     0.461906     0.538094    -0.258125     0.077361
    118.2895     0.462320     0.537680    -0.258588     0.077327
    118.4104     0.462338     0.537662    -0.259055     0.078115
    118.5314     0.461758     0.538242    -0.259524     0.078208
    118.6523     0.462035     0.537965    -0.259992     0.078015
    118.7733     0.462243     0.537757    -0.260462     0.078675
    118.8942     0.461754     0.538246    -0.260936     0.078935
    119.0152     0.461903     0.538097    -0.261409     0.078772
    119.1361     0.462132     0.537868    -0.261883     0.079345
    119.2570     0.461683     0.538317    -0.262360     0.079648
    119.3780     0.461788     0.538212    -0.262837     0.079480
    119.4989     0.462047     0.537953    -0.263315     0.080027
    119.6199     0.461578     0.538422    -0.263797     0.080362
    119.7408     0.461664     0.538336    -0.264278     0.080110
    119.8618     0.462059     0.537941    -0.264760     0.080665
    119.9827     0.461540     0.538460    -0.265246     0.081169
    120.1037     0.461452     0.538548    -0.265732     0.080824
    120.2246     0.461976     0.538024    -0.266218     0.081244
    120.3455     0.461506     0.538494    -0.266708     0.081913
    120.4665     0.461211     0.538789    -0.267198     0.081515
    120.5874     0.461877     0.538123    -0.267687     0.081708
    120.7084     0.461611     0.538389    -0.268181     0.082592
    120.8293     0.461035     0.538965    -0.268676     0.082344
    120.9503     0.461612     0.538388    -0.269169     0.082222
    121.0712     0.461648     0.538352    -0.269665     0.083091
    121.1921     0.461000     0.539000    -0.270164     0.083104
    121.3131     0.461358     0.538642    -0.270661     0.082840
    121.4340     0.461553     0.538447    -0.271160     0.083536
    121.5550     0.461015     0.538985    -0.271663     0.083674
    121.6759     0.461312     0.538688    -0.272164     0.083455
    121.7969     0.461505     0.538495    -0.272666     0.084181
    121.9178     0.460830     0.539170    -0.273173     0.084343
    122.0388     0.461091     0.538909    -0.273677     0.083900
    122.1597     0.461549     0.538451    -0.274182     0.084619
    122.2806     0.460796     0.539204    -0.274692     0.085053
    122.4016     0.460790     0.539210    -0.275200     0.084424
    122.5225     0.461522     0.538478    -0.275707     0.084902
    122.6435     0.460945     0.539055    -0.276220     0.085672
    122.7644     0.460569     0.539431    -0.276732     0.085132
    122.8854     0.461297     0.538703    -0.277243     0.085252
    123.0063     0.461011     0.538989    -0.277757     0.086107
    123.1273     0.460453     0.539547    -0.278273     0.085768
    123.2482     0.461057     0.538943    -0.278787     0.085644
    123.3691     0.461008     0.538992    -0.279303     0.086449
    123.4901     0.460412     0.539588    -0.279822     0.086289
    123.6110     0.460908     0.539092    -0.280338     0.086044
    123.7320     0.461024     0.538976    -0.280857     0.086815
    123.8529     0.460378     0.539622    -0.281379     0.086826
    123.9739     0.460715     0.539285    -0.281898     0.086467
    124.0948     0.460955     0.539045    -0.282418     0.087116
    124.2158     0.460357     0.539643    -0.282942     0.087212
    124.3367     0.460673     0.539327    -0.283464     0.086801
    124.4576     0.461063     0.538937    -0.283986     0.087510
    124.5786     0.460322     0.539678    -0.284513     0.087842
    124.6995     0.460341     0.539659    -0.285038     0.087237
    124.8205     0.460928     0.539072    -0.285562     0.087648
    124.9414     0.460412     0.539588    -0.286090     0.088158
    125.0624     0.460271     0.539729    -0.286618     0.087670
    125.1833     0.460838     0.539162    -0.287144     0.087957
    125.3043     0.460372     0.539628    -0.287674     0.088531
    125.4252     0.460095     0.539905    -0.288204     0.088011
    125.5461     0.460753     0.539247    -0.288732     0.088137
    125.6671     0.460391     0.539609    -0.289263     0.088853
    125.7880     0.459894     0.540106    -0.289795     0.088328
    125.9090     0.460661     0.539339    -0.290324     0.088146
    126.0299     0.460663     0.539337    -0.290855     0.089034
    126.1509     0.459974     0.540026    -0.291390     0.088863
    126.2718     0.460468     0.539532    -0.291921     0.088508
    126.3927     0.460605     0.539395    -0.292454     0.089277
    126.5137     0.459848     0.540152    -0.292991     0.089226
    126.6346     0.460215     0.539785    -0.293524     0.088659
    126.7556     0.460621     0.539379    -0.294057     0.089323
    126.8765     0.459887     0.540113    -0.294595     0.089542
    126.9975     0.459990     0.540010    -0.295130     0.088896
    127.1184     0.460540     0.539460    -0.295664     0.089327
    127.2394     0.459954     0.540046    -0.296202     0.089721
    127.3603     0.459859     0.540141    -0.296738     0.089110
    127.4812     0.460465     0.539535    -0.297273     0.089336
    127.6022     0.460044     0.539956    -0.297811     0.089844
    127.7231     0.459788     0.540212    -0.298349     0.089321
    127.8441     0.460376     0.539624    -0.298884     0.089357
    127.9650     0.460127     0.539873    -0.299422     0.089893
    128.0860     0.459811     0.540189    -0.299961     0.089475
    128.2069     0.460386     0.539614    -0.300497     0.089425
    128.3279     0.460245     0.539755    -0.301035     0.090041
    128.4488     0.459787     0.540213    -0.301575     0.089746
    128.5697     0.460244     0.539756    -0.302112     0.089558
    128.6907     0.460175     0.539825    -0.302651     0.090105
    128.8116     0.459693     0.540307    -0.303192     0.089802
    128.9326     0.460229     0.539771    -0.303729     0.089505
    129.0535     0.460310     0.539690    -0.304268     0.090210
    129.1745     0.459578     0.540422    -0.304810     0.090070
    129.2954     0.459944     0.540056    -0.305348     0.089456
    129.4164     0.460351     0.539649    -0.305886     0.090020
    129.5373     0.459677     0.540323    -0.306427     0.090183
    129.6582     0.459766     0.540234    -0.306966     0.089531
    129.7792     0.460268     0.539732    -0.307504     0.089862
    129.9001     0.459734     0.540266    -0.308044     0.090138
    130.0211     0.459699     0.540301    -0.308583     0.089500
    130.1420     0.460305     0.539695    -0.309120     0.089704
    130.2630     0.459885     0.540115    -0.309660     0.090177
    130.3839     0.459598     0.540402    -0.310200     0.089635
    130.5049     0.460118     0.539882    -0.310737     0.089594
    130.6258     0.459865     0.540135    -0.311276     0.090008
    130.7467     0.459579     0.540421    -0.311815     0.089526
    130.8677     0.460127     0.539873    -0.312351     0.089430
    130.9886     0.459938     0.540062    -0.312890     0.089940
    131.1096     0.459493     0.540507    -0.313429     0.089493
    131.2305     0.460047     0.539953    -0.313964     0.089188
    131.3515     0.460081     0.539919    -0.314501     0.089749
    131.4724     0.459535     0.540465    -0.315039     0.089507
    131.5934     0.459918     0.540082    -0.315574     0.089076
    131.7143     0.460066     0.539934    -0.316110     0.089520
    131.8352     0.459554     0.540446    -0.316647     0.089354
    131.9562     0.459909     0.540091    -0.317182     0.088876
    132.0771     0.460152     0.539848    -0.317716     0.089352
    132.1981     0.459541     0.540459    -0.318253     0.089298
    132.3190     0.459797     0.540203    -0.318786     0.088668
    132.4400     0.460221     0.539779    -0.319319     0.089109
    132.5609     0.459536     0.540464    -0.319855     0.089259
    132.6818     0.459569     0.540431    -0.320388     0.088453
    132.8028     0.460234     0.539766    -0.320919     0.088694
    132.9237     0.459670     0.540330    -0.321453     0.089138
    133.0447     0.459353     0.540647    -0.321986     0.088361
    133.1656     0.460046     0.539954    -0.322515     0.088234
    133.2866     0.459792     0.540208    -0.323046     0.088743
    133.4075     0.459361     0.540639    -0.323577     0.088161
    133.5285     0.459978     0.540022    -0.324104     0.087873
    133.6494     0.459898     0.540102    -0.324633     0.088410
    133.7703     0.459355     0.540645    -0.325163     0.087982
    133.8913     0.459860     0.540140    -0.325689     0.087537
    134.0122     0.459927     0.540073    -0.326216     0.088042
    134.1332     0.459294     0.540706    -0.326744     0.087723
    134.2541     0.459724     0.540276    -0.327268     0.087063
    134.3751     0.460090     0.539910    -0.327791     0.087525
    134.4960     0.459457     0.540543    -0.328317     0.087540
    134.6170     0.459558     0.540442    -0.328840     0.086838
    134.7379     0.459986     0.540014    -0.329361     0.087018
    134.8588     0.459546     0.540454    -0.329884     0.087105
    134.9798     0.459575     0.540425    -0.330405     0.086493
    135.1007     0.460012     0.539988    -0.330924     0.086624
    135.2217     0.459582     0.540418    -0.331444     0.086815
    135.3426     0.459429     0.540571    -0.331963     0.086199
    135.4636     0.459853     0.540147    -0.332480     0.086141
    135.5845     0.459533     0.540467    -0.332998     0.086319
    135.7055     0.459347     0.540653    -0.333514     0.085706
    135.8264     0.459840     0.540160    -0.334027     0.085559
    135.9473     0.459618     0.540382    -0.334542     0.085848
    136.0683     0.459281     0.540719    -0.335056     0.085307
    136.1892     0.459727     0.540273    -0.335566     0.084985
    136.3102     0.459661     0.540339    -0.336077     0.085248
    136.4311     0.459315     0.540685    -0.336587     0.084799
    136.5521     0.459744     0.540256    -0.337094     0.084423
    136.6730     0.459766     0.540234    -0.337602     0.084743
    136.7940     0.459303     0.540697    -0.338110     0.084405
    136.9149     0.459618     0.540382    -0.338614     0.083890
    137.0358     0.459760     0.540240    -0.339118     0.084129
    137.1568     0.459308     0.540692    -0.339623     0.083886
    137.2777     0.459544     0.540456    -0.340124     0.083320
    137.3987     0.459759     0.540241    -0.340624     0.083511
    137.5196     0.459294     0.540706    -0.341125     0.083337
    137.6406     0.459469     0.540531    -0.341623     0.082701
    137.7615     0.459780     0.540220    -0.342120     0.082863
    137.8824     0.459269     0.540731    -0.342617     0.082795
    138.0034     0.459323     0.540677    -0.343112     0.082030
    138.1243     0.459811     0.540189    -0.343603     0.082070
    138.2453     0.459383     0.540617    -0.344097     0.082197
    138.3662     0.459238     0.540762    -0.344588     0.081452
    138.4872     0.459761     0.540239    -0.345076     0.081318
    138.6081     0.459437     0.540563    -0.345564     0.081531
    138.7291     0.459144     0.540856    -0.346052     0.080798
    138.8500     0.459732     0.540268    -0.346535     0.080464
    138.9709     0.459622     0.540378    -0.347019     0.080794
    139.0919     0.459172     0.540828    -0.347502     0.080247
    139.2128     0.459627     0.540373    -0.347982     0.079737
    139.3338     0.459682     0.540318    -0.348461     0.080007
    139.4547     0.459207     0.540793    -0.348940     0.079594
    139.5757     0.459571     0.540429    -0.349416     0.078986
    139.6966     0.459769     0.540231    -0.349890     0.079226
    139.8176     0.459258     0.540742    -0.350365     0.078984
    139.9385     0.459442     0.540558    -0.350837     0.078297
    140.0594     0.459729     0.540271    -0.351307     0.078393
    140.1804     0.459280     0.540720    -0.351777     0.078251
    140.3013     0.459339     0.540661    -0.352244     0.077548
    140.4223     0.459682     0.540318    -0.352709     0.077512
    140.5432     0.459330     0.540670    -0.353174     0.077441
    140.6642     0.459300     0.540700    -0.353637     0.076786
    140.7851     0.459622     0.540378    -0.354097     0.076658
    140.9061     0.459329     0.540671    -0.354557     0.076578
    141.0270     0.459297     0.540703    -0.355015     0.075931
    141.1479     0.459648     0.540352    -0.355470     0.075798
    141.2689     0.459336     0.540664    -0.355925     0.075766
    141.3898     0.459248     0.540752    -0.356377     0.075058
    141.5108     0.459710     0.540290    -0.356826     0.074884
    141.6317     0.459404     0.540596    -0.357277     0.075022
    141.7527     0.459095     0.540905    -0.357725     0.074296
    141.8736     0.459581     0.540419    -0.358169     0.073902
    141.9946     0.459427     0.540573    -0.358613     0.074087
    142.1155     0.459007     0.540993    -0.359056     0.073420
    142.2364     0.459504     0.540496    -0.359494     0.072849
    142.3574     0.459549     0.540451    -0.359932     0.073099
    142.4783     0.459010     0.540990    -0.360370     0.072610
    142.5993     0.459368     0.540632    -0.360803     0.071879
    142.7202     0.459578     0.540422    -0.361234     0.072046
    142.8412     0.459040     0.540960    -0.361666     0.071701
    142.9621     0.459285     0.540715    -0.362094     0.070887
    143.0831     0.459632     0.540368    -0.362519     0.070985
    143.2040     0.459107     0.540893    -0.362945     0.070803
    143.3249     0.459189     0.540811    -0.363367     0.069957
    143.4459     0.459591     0.540409    -0.363786     0.069939
    143.5668     0.459080     0.540920    -0.364206     0.069829
    143.6878     0.459059     0.540941    -0.364622     0.068883
    143.8087     0.459640     0.540360    -0.365034     0.068741
    143.9297     0.459233     0.540767    -0.365448     0.068851
    144.0506     0.458970     0.541030    -0.365858     0.067957
    144.1715     0.459556     0.540444    -0.366264     0.067578
    144.2925     0.459343     0.540657    -0.366671     0.067742
    144.4134     0.458989     0.541011    -0.367075     0.066973
    144.5344     0.459529     0.540471    -0.367475     0.066491
    144.6553     0.459398     0.540602    -0.367875     0.066702
    144.7763     0.458906     0.541094    -0.368273     0.065978
    144.8972     0.459437     0.540563    -0.368667     0.065306
    145.0182     0.459487     0.540513    -0.369059     0.065565
    145.1391     0.458853     0.541147    -0.369451     0.064977
    145.2600     0.459294     0.540706    -0.369838     0.064069
    145.3810     0.459630     0.540370    -0.370223     0.064284
    145.5019     0.458978     0.541022    -0.370608     0.063979
    145.6229     0.459172     0.540828    -0.370989     0.062982
    145.7438     0.459652     0.540348    -0.371366     0.063014
    145.8648     0.459093     0.540907    -0.371745     0.062886
    145.9857     0.459099     0.540901    -0.372119     0.061889
    146.1067     0.459650     0.540350    -0.372489     0.061755
    146.2276     0.459194     0.540806    -0.372860     0.061745
    146.3485     0.459056     0.540944    -0.373228     0.060757
    146.4695     0.459697     0.540303    -0.373591     0.060473
    146.5904     0.459375     0.540625    -0.373955     0.060640
    146.7114     0.459007     0.540993    -0.374316     0.059758
    146.8323     0.459591     0.540409    -0.374673     0.059246
    146.9533     0.459449     0.540551    -0.375029     0.059439
    147.0742     0.458957     0.541043    -0.375384     0.058682
    147.1952     0.459458     0.540542    -0.375733     0.057982
    147.3161     0.459506     0.540494    -0.376081     0.058147
    147.4370     0.458956     0.541044    -0.376429     0.057546
    147.5580     0.459337     0.540663    -0.376771     0.056704
    147.6789     0.459571     0.540429    -0.377112     0.056788
    147.7999     0.459046     0.540954    -0.377452     0.056374
    147.9208     0.459269     0.540731    -0.377787     0.055496
    148.0418     0.459587     0.540413    -0.378120     0.055474
    148.1627     0.459098     0.540902    -0.378452     0.055177
    148.2837     0.459187     0.540813    -0.378780     0.054271
    148.4046     0.459573     0.540427    -0.379105     0.054126
    148.5255     0.459160     0.540840    -0.379430     0.053919
    148.6465     0.459149     0.540851    -0.379751     0.053027
    148.7674     0.459580     0.540420    -0.380068     0.052801
    148.8884     0.459208     0.540792    -0.380385     0.052695
    149.0093     0.459050     0.540950    -0.380698     0.051805
    149.1303     0.459501     0.540499    -0.381007     0.051423
    149.2512     0.459242     0.540758    -0.381316     0.051368
    149.3721     0.458982     0.541018    -0.381622     0.050534
    149.4931     0.459413     0.540587    -0.381923     0.050009
    149.6140     0.459290     0.540710    -0.382223     0.049943
    149.7350     0.459034     0.540966    -0.382521     0.049195
    149.8559     0.459451     0.540549    -0.382814     0.048669
    149.9769     0.459323     0.540677    -0.383106     0.048670
