     0.00000000      1.00107386     -0.00107386     -0.00053097      0.00061167
     0.20000000      0.97428166      0.02571838      0.07548935      0.09040333
     0.40000000      0.94114175      0.05885827      0.08173229      0.07666339
     0.60000000      0.91298198      0.08701803      0.07689242      0.06373381
     0.80000000      0.89028172      0.10971830      0.07344964      0.04965426
     1.00000000      0.87319746      0.12680257      0.07096835      0.03638607
     1.20000000      0.86027835      0.13972166      0.06956132      0.02880742
     1.40000000      0.84948571      0.15051432      0.06708029      0.02610297
     1.60000000      0.83892493      0.16107507      0.06479482      0.02693268
     1.80000000      0.82787229      0.17212775      0.06205842      0.02823816
     2.00000000      0.81639203      0.18360799      0.05971588      0.02896856
     2.20000000      0.80484539      0.19515462      0.05736453      0.02905071
     2.40000000      0.79325717      0.20674284      0.05532383      0.02855754
     2.60000000      0.78194599      0.21805401      0.05302416      0.02790764
     2.80000000      0.77091483      0.22908517      0.05075242      0.02713694
     3.00000000      0.76009225      0.23990776      0.04806919      0.02701285
     3.20000000      0.74930905      0.25069096      0.04594024      0.02704327
     3.40000000      0.73865167      0.26134835      0.04342833      0.02623268
     3.60000000      0.72827922      0.27172078      0.04055084      0.02561060
     3.80000000      0.71804908      0.28195093      0.03831539      0.02519651
     4.00000000      0.70818669      0.29181333      0.03595383      0.02418069
     4.20000000      0.69868898      0.30131105      0.03300766      0.02357393
     4.40000000      0.68932514      0.31067488      0.03095073      0.02304050
     4.60000000      0.68024896      0.31975105      0.02840567      0.02270497
     4.80000000      0.67107763      0.32892238      0.02624118      0.02298453
     5.00000000      0.66203119      0.33796882      0.02439996      0.02211871
     5.20000000      0.65315611      0.34684391      0.02205184      0.02216888
     5.40000000      0.64435853      0.35564147      0.01997363      0.02179606
     5.60000000      0.63570975      0.36429028      0.01769510      0.02157510
     5.80000000      0.62724562      0.37275441      0.01570824      0.02077063
     6.00000000      0.61902808      0.38097193      0.01368745      0.02043353
     6.20000000      0.61100437      0.38899568      0.01151672      0.01964365
     6.40000000      0.60314970      0.39685030      0.00965552      0.01945575
     6.60000000      0.59537329      0.40462672      0.00775315      0.01961055
     6.80000000      0.58767261      0.41232741      0.00625758      0.01879326
     7.00000000      0.58023877      0.41976123      0.00385289      0.01885328
     7.20000000      0.57264218      0.42735784      0.00282869      0.01873566
     7.40000000      0.56529808      0.43470196      0.00114768      0.01803369
     7.60000000      0.55811268      0.44188734     -0.00051146      0.01814250
     7.80000000      0.55103049      0.44896953     -0.00182399      0.01737723
     8.00000000      0.54424721      0.45575280     -0.00371377      0.01682240
     8.20000000      0.53761500      0.46238501     -0.00490702      0.01615248
     8.40000000      0.53117921      0.46882080     -0.00643418      0.01604409
     8.60000000      0.52482791      0.47517212     -0.00779939      0.01573851
     8.80000000      0.51854207      0.48145795     -0.00930070      0.01584516
     9.00000000      0.51231002      0.48768999     -0.01062038      0.01553661
     9.20000000      0.50605676      0.49394327     -0.01133579      0.01521574
     9.40000000      0.50004494      0.49995508     -0.01304331      0.01518098
     9.60000000      0.49400272      0.50599730     -0.01391161      0.01492010
     9.80000000      0.48806953      0.51193049     -0.01487523      0.01460328
    10.00000000      0.48227505      0.51772496     -0.01581910      0.01433702
    10.20000000      0.47674215      0.52325789     -0.01711542      0.01345443
    10.40000000      0.47136246      0.52863754     -0.01815484      0.01344309
    10.60000000      0.46598750      0.53401251     -0.01893128      0.01341166
    10.80000000      0.46075121      0.53924879     -0.02003959      0.01290190
    11.00000000      0.45569305      0.54430696     -0.02106270      0.01240725
    11.20000000      0.45068962      0.54931039     -0.02227778      0.01262777
    11.40000000      0.44562188      0.55437814     -0.02283512      0.01234913
    11.60000000      0.44059137      0.55940866     -0.02343528      0.01269299
    11.80000000      0.43552218      0.56447784     -0.02412790      0.01267520
    12.00000000      0.43056524      0.56943478     -0.02506465      0.01234155
    12.20000000      0.42568199      0.57431803     -0.02555523      0.01222127
    12.40000000      0.42091470      0.57908531     -0.02619168      0.01127922
    12.60000000      0.41642955      0.58357047     -0.02672160      0.01082665
    12.80000000      0.41203682      0.58796318     -0.02764993      0.01117614
    13.00000000      0.40771830      0.59228173     -0.02843553      0.01065189
    13.20000000      0.40346717      0.59653286     -0.02902829      0.01023542
    13.40000000      0.39934902      0.60065100     -0.03008764      0.01060970
    13.60000000      0.39515309      0.60484693     -0.03088887      0.01063310
    13.80000000      0.39090425      0.60909579     -0.03114767      0.01058827
    14.00000000      0.38668024      0.61331975     -0.03138544      0.01007291
    14.20000000      0.38265873      0.61734127     -0.03231333      0.01024493
    14.40000000      0.37848733      0.62151267     -0.03206592      0.01033227
    14.60000000      0.37443704      0.62556296     -0.03263204      0.01014317
    14.80000000      0.37039806      0.62960195     -0.03318130      0.00990569
    15.00000000      0.36646026      0.63353973     -0.03376998      0.00940737
    15.20000000      0.36282089      0.63717912     -0.03400143      0.00901712
    15.40000000      0.35926086      0.64073916     -0.03452985      0.00899695
    15.60000000      0.35569900      0.64430098     -0.03524275      0.00887847
    15.80000000      0.35217649      0.64782351     -0.03558061      0.00879879
    16.00000000      0.34866059      0.65133941     -0.03620629      0.00881435
    16.20000000      0.34529718      0.65470284     -0.03667936      0.00815923
    16.40000000      0.34198067      0.65801934     -0.03708305      0.00825585
    16.60000000      0.33870713      0.66129286     -0.03766107      0.00816431
    16.80000000      0.33528572      0.66471429     -0.03741638      0.00843853
    17.00000000      0.33199762      0.66800233     -0.03802736      0.00810705
    17.20000000      0.32877892      0.67122106     -0.03839648      0.00785912
    17.40000000      0.32555509      0.67444488     -0.03868010      0.00810458
    17.60000000      0.32227288      0.67772713     -0.03895041      0.00823304
    17.80000000      0.31899791      0.68100208     -0.03910655      0.00813146
    18.00000000      0.31582284      0.68417713     -0.03933003      0.00803704
    18.20000000      0.31272625      0.68727373     -0.03964071      0.00759664
    18.40000000      0.30974637      0.69025359     -0.03979704      0.00737985
    18.60000000      0.30694224      0.69305774     -0.03998008      0.00663033
    18.80000000      0.30425786      0.69574210     -0.04064866      0.00679793
    19.00000000      0.30156554      0.69843442     -0.04106023      0.00662480
    19.20000000      0.29894350      0.70105646     -0.04201174      0.00678967
    19.40000000      0.29614906      0.70385085     -0.04174516      0.00640558
    19.60000000      0.29356231      0.70643766     -0.04262664      0.00677417
    19.80000000      0.29088311      0.70911683     -0.04268903      0.00648415
    20.00000000      0.28814259      0.71185739     -0.04264708      0.00697957
    20.20000000      0.28529539      0.71470457     -0.04216219      0.00674697
    20.40000000      0.28265373      0.71734626     -0.04291711      0.00672185
    20.60000000      0.27986258      0.72013738     -0.04273765      0.00718175
    20.80000000      0.27696772      0.72303218     -0.04201191      0.00703346
    21.00000000      0.27443835      0.72556156     -0.04272599      0.00618376
    21.20000000      0.27202534      0.72797455     -0.04324678      0.00601933
    21.40000000      0.26972447      0.73027544     -0.04363356      0.00563424
    21.60000000      0.26757789      0.73242199     -0.04428368      0.00494786
    21.80000000      0.26542120      0.73457873     -0.04445937      0.00538867
    22.00000000      0.26330099      0.73669885     -0.04484961      0.00517119
    22.20000000      0.26111457      0.73888537     -0.04522145      0.00594452
    22.40000000      0.25877610      0.74122369     -0.04515082      0.00573817
    22.60000000      0.25652556      0.74347430     -0.04512870      0.00552111
    22.80000000      0.25429123      0.74570860     -0.04524602      0.00614651
    23.00000000      0.25196337      0.74803650     -0.04529965      0.00583617
    23.20000000      0.24958823      0.75041166     -0.04509987      0.00546017
    23.40000000      0.24740522      0.75259465     -0.04537070      0.00559557
    23.60000000      0.24516806      0.75483183     -0.04597231      0.00570433
    23.80000000      0.24294275      0.75705710     -0.04571284      0.00558758
    24.00000000      0.24096916      0.75903062     -0.04631315      0.00466532
    24.20000000      0.23892573      0.76107409     -0.04634229      0.00551695
    24.40000000      0.23690929      0.76309044     -0.04641529      0.00459239
    24.60000000      0.23495917      0.76504068     -0.04629858      0.00473786
    24.80000000      0.23298978      0.76700995     -0.04612488      0.00484397
    25.00000000      0.23109923      0.76890053     -0.04641888      0.00490562
    25.20000000      0.22914850      0.77085127     -0.04636806      0.00456143
    25.40000000      0.22731153      0.77268817     -0.04703925      0.00495787
    25.60000000      0.22546735      0.77453238     -0.04733757      0.00421418
    25.80000000      0.22377127      0.77622837     -0.04778063      0.00436261
    26.00000000      0.22201465      0.77798503     -0.04768631      0.00435770
    26.20000000      0.22031702      0.77968261     -0.04804731      0.00422003
    26.40000000      0.21861846      0.78138116     -0.04827451      0.00427708
    26.60000000      0.21682963      0.78317002     -0.04829753      0.00455732
    26.80000000      0.21494255      0.78505703     -0.04843827      0.00477347
    27.00000000      0.21293245      0.78706710     -0.04785662      0.00461668
    27.20000000      0.21112255      0.78887707     -0.04787115      0.00433546
    27.40000000      0.20922930      0.79077027     -0.04752973      0.00474362
    27.60000000      0.20746451      0.79253500     -0.04807579      0.00458922
    27.80000000      0.20572917      0.79427024     -0.04843030      0.00432527
    28.00000000      0.20399613      0.79600322     -0.04799729      0.00409963
    28.20000000      0.20246205      0.79753737     -0.04808960      0.00337765
    28.40000000      0.20111384      0.79888543     -0.04889788      0.00358649
    28.60000000      0.19972281      0.80027655     -0.04942637      0.00351761
    28.80000000      0.19819183      0.80180761     -0.04901888      0.00386695
    29.00000000      0.19682899      0.80317029     -0.04942023      0.00324669
    29.20000000      0.19548305      0.80451625     -0.04981812      0.00381803
    29.40000000      0.19401422      0.80598504     -0.04974100      0.00363525
    29.60000000      0.19265538      0.80734379     -0.05013449      0.00341388
    29.80000000      0.19123515      0.80876402     -0.05012589      0.00363699
    30.00000000      0.18976967      0.81022947     -0.05062616      0.00403726
    30.20000000      0.18813024      0.81186885     -0.04997430      0.00371963
    30.40000000      0.18664175      0.81335730     -0.05008941      0.00367564
    30.60000000      0.18505222      0.81494676     -0.04960396      0.00397291
    30.80000000      0.18344652      0.81655250     -0.04950033      0.00397796
    31.00000000      0.18176565      0.81823333     -0.04895648      0.00390550
    31.20000000      0.18032724      0.81967155     -0.04949754      0.00362620
    31.40000000      0.17894723      0.82105153     -0.04970497      0.00307951
    31.60000000      0.17761676      0.82238202     -0.04976528      0.00327183
    31.80000000      0.17640983      0.82358894     -0.05009134      0.00290402
    32.00000000      0.17535574      0.82464294     -0.05111482      0.00267454
    32.20000000      0.17418237      0.82581617     -0.05061698      0.00299355
    32.40000000      0.17308265      0.82691584     -0.05087220      0.00290926
    32.60000000      0.17192513      0.82807340     -0.05107751      0.00300578
    32.80000000      0.17067318      0.82932527     -0.05108010      0.00300872
    33.00000000      0.16932389      0.83067441     -0.05093462      0.00335366
    33.20000000      0.16791141      0.83208684     -0.05020678      0.00299454
    33.40000000      0.16666579      0.83333236     -0.05051697      0.00327173
    33.60000000      0.16546531      0.83453275     -0.05108374      0.00302188
    33.80000000      0.16428115      0.83571680     -0.05117193      0.00284296
    34.00000000      0.16324061      0.83675732     -0.05175756      0.00266869
    34.20000000      0.16221665      0.83778108     -0.05201825      0.00245377
    34.40000000      0.16115281      0.83884496     -0.05210585      0.00287130
    34.60000000      0.16004156      0.83995612     -0.05204815      0.00273855
    34.80000000      0.15883329      0.84116422     -0.05182041      0.00315260
    35.00000000      0.15751048      0.84248696     -0.05165434      0.00338767
    35.20000000      0.15612784      0.84386945     -0.05111622      0.00342243
    35.40000000      0.15473144      0.84526572     -0.05029126      0.00347130
    35.60000000      0.15346111      0.84653601     -0.05095659      0.00375287
    35.80000000      0.15214263      0.84785440     -0.05086795      0.00277882
    36.00000000      0.15096535      0.84903164     -0.05054928      0.00264834
    36.20000000      0.15004204      0.84995482     -0.05125732      0.00215609
    36.40000000      0.14909367      0.85090319     -0.05140384      0.00230403
    36.60000000      0.14822747      0.85176925     -0.05181640      0.00201742
    36.80000000      0.14744909      0.85254746     -0.05226556      0.00201993
    37.00000000      0.14671159      0.85328468     -0.05279505      0.00192840
    37.20000000      0.14581578      0.85418042     -0.05309871      0.00259479
    37.40000000      0.14481916      0.85517696     -0.05264727      0.00207079
    37.60000000      0.14390404      0.85609198     -0.05252990      0.00221325
    37.80000000      0.14296448      0.85703142     -0.05284211      0.00247596
    38.00000000      0.14191222      0.85808346     -0.05281025      0.00255474
    38.20000000      0.14088123      0.85911425     -0.05269542      0.00270205
    38.40000000      0.13978349      0.86021189     -0.05235135      0.00268801
    38.60000000      0.13874603      0.86124912     -0.05226188      0.00283757
    38.80000000      0.13767772      0.86231741     -0.05226271      0.00290429
    39.00000000      0.13665630      0.86333875     -0.05230884      0.00262556
    39.20000000      0.13562811      0.86436678     -0.05200530      0.00257506
    39.40000000      0.13454901      0.86544576     -0.05167282      0.00288639
    39.60000000      0.13355923      0.86643534     -0.05197445      0.00237869
    39.80000000      0.13261838      0.86737601     -0.05190093      0.00224737
    40.00000000      0.13176569      0.86822837     -0.05205305      0.00158825
    40.20000000      0.13101505      0.86897889     -0.05247279      0.00183856
    40.40000000      0.13025018      0.86974348     -0.05309901      0.00171930
    40.60000000      0.12946855      0.87052488     -0.05318634      0.00200313
    40.80000000      0.12870998      0.87128326     -0.05355208      0.00188924
    41.00000000      0.12785872      0.87213431     -0.05316037      0.00175922
    41.20000000      0.12712996      0.87286297     -0.05355546      0.00185200
    41.40000000      0.12633998      0.87365288     -0.05342136      0.00193736
    41.60000000      0.12554989      0.87444257     -0.05346973      0.00199056
    41.80000000      0.12467335      0.87531892     -0.05345692      0.00223666
    42.00000000      0.12388764      0.87610436     -0.05373087      0.00205805
    42.20000000      0.12317836      0.87681344     -0.05413672      0.00178361
    42.40000000      0.12247747      0.87751405     -0.05457037      0.00210278
    42.60000000      0.12159471      0.87839662     -0.05384338      0.00181636
    42.80000000      0.12080394      0.87918728     -0.05415136      0.00209982
    43.00000000      0.11983854      0.88015237     -0.05356139      0.00245946
    43.20000000      0.11901327      0.88097734     -0.05397720      0.00209601
    43.40000000      0.11805731      0.88193301     -0.05319480      0.00213970
    43.60000000      0.11716036      0.88282969     -0.05322128      0.00236104
    43.80000000      0.11625558      0.88373418     -0.05318157      0.00227317
    44.00000000      0.11546825      0.88452126     -0.05329687      0.00159356
    44.20000000      0.11467179      0.88531754     -0.05328386      0.00200364
    44.40000000      0.11400637      0.88598262     -0.05362117      0.00144355
    44.60000000      0.11337827      0.88661059     -0.05395347      0.00153343
    44.80000000      0.11273151      0.88725696     -0.05412243      0.00167627
    45.00000000      0.11197923      0.88800881     -0.05379701      0.00193429
    45.20000000      0.11123891      0.88874899     -0.05405204      0.00180024
    45.40000000      0.11046434      0.88952321     -0.05357199      0.00194654
    45.60000000      0.10979206      0.89019512     -0.05397036      0.00171294
    45.80000000      0.10903556      0.89095121     -0.05377541      0.00194079
    46.00000000      0.10830865      0.89167783     -0.05349234      0.00177614
    46.20000000      0.10772230      0.89226379     -0.05435988      0.00170909
    46.40000000      0.10708419      0.89290157     -0.05418339      0.00123021
    46.60000000      0.10665167      0.89333374     -0.05491208      0.00119628
    46.80000000      0.10627950      0.89370552     -0.05534436      0.00047302
    47.00000000      0.10589182      0.89409275     -0.05573464      0.00131757
    47.20000000      0.10536913      0.89461508     -0.05591047      0.00131453
    47.40000000      0.10469767      0.89528615     -0.05556984      0.00175354
    47.60000000      0.10394197      0.89604117     -0.05505832      0.00196944
    47.80000000      0.10314839      0.89683431     -0.05478207      0.00229709
    48.00000000      0.10216240      0.89781983     -0.05387632      0.00226648
    48.20000000      0.10122859      0.89875333     -0.05377827      0.00276792
    48.40000000      0.10027833      0.89970320     -0.05320331      0.00193021
    48.60000000      0.09940822      0.90057297     -0.05296834      0.00194275
    48.80000000      0.09878436      0.90119644     -0.05348280      0.00157795
    49.00000000      0.09813066      0.90184952     -0.05371824      0.00148484
    49.20000000      0.09744436      0.90253553     -0.05360586      0.00145950
    49.40000000      0.09698902      0.90299030     -0.05403238      0.00070085
    49.60000000      0.09659501      0.90338380     -0.05438224      0.00100178
    49.80000000      0.09614080      0.90383754     -0.05476239      0.00137341
    50.00000000      0.09570793      0.90426986     -0.05546840      0.00123446
    50.20000000      0.09525519      0.90472223     -0.05554258      0.00078971
    50.40000000      0.09479368      0.90518329     -0.05560021      0.00123828
    50.60000000      0.09434776      0.90562852     -0.05573746      0.00106900
    50.80000000      0.09395623      0.90601962     -0.05611428      0.00100363
    51.00000000      0.09346553      0.90650993     -0.05594143      0.00143690
    51.20000000      0.09290865      0.90706624     -0.05590638      0.00144399
    51.40000000      0.09221500      0.90775919     -0.05553175      0.00165963
    51.60000000      0.09157647      0.90839710     -0.05531195      0.00152853
    51.80000000      0.09088811      0.90908477     -0.05502335      0.00169541
    52.00000000      0.09018561      0.90978678     -0.05483062      0.00169823
    52.20000000      0.08959549      0.91037646     -0.05513004      0.00153360
    52.40000000      0.08895843      0.91101296     -0.05468368      0.00116085
    52.60000000      0.08853351      0.91143741     -0.05546469      0.00132595
    52.80000000      0.08803494      0.91193533     -0.05531295      0.00114659
    53.00000000      0.08758114      0.91238838     -0.05566640      0.00103797
    53.20000000      0.08707102      0.91289786     -0.05548385      0.00146256
    53.40000000      0.08652340      0.91344482     -0.05531867      0.00124489
    53.60000000      0.08588651      0.91408084     -0.05513634      0.00169741
    53.80000000      0.08522702      0.91473985     -0.05491431      0.00157908
    54.00000000      0.08458341      0.91538264     -0.05469096      0.00143535
    54.20000000      0.08400751      0.91595797     -0.05478425      0.00122887
    54.40000000      0.08344409      0.91652066     -0.05471849      0.00121630
    54.60000000      0.08290054      0.91706348     -0.05466020      0.00083675
    54.80000000      0.08258493      0.91737830     -0.05551055      0.00059977
    55.00000000      0.08219365      0.91776902     -0.05545920      0.00100697
    55.20000000      0.08184593      0.91811602     -0.05574724      0.00070682
    55.40000000      0.08155135      0.91840980     -0.05622805      0.00085398
    55.60000000      0.08113898      0.91882131     -0.05603506      0.00091312
    55.80000000      0.08079232      0.91916695     -0.05661712      0.00132442
    56.00000000      0.08025543      0.91970299     -0.05610955      0.00097246
    56.20000000      0.07974555      0.92021181     -0.05582333      0.00102616
    56.40000000      0.07927948      0.92067685     -0.05591085      0.00133756
    56.60000000      0.07876037      0.92119518     -0.05565107      0.00120694
    56.80000000      0.07835475      0.92159990     -0.05581971      0.00103106
    57.00000000      0.07795713      0.92199650     -0.05607597      0.00141705
    57.20000000      0.07765601      0.92229685     -0.05692482      0.00054655
    57.40000000      0.07729127      0.92266105     -0.05673766      0.00061398
    57.60000000      0.07690398      0.92304718     -0.05670314      0.00105072
    57.80000000      0.07645003      0.92350014     -0.05652478      0.00115227
    58.00000000      0.07596310      0.92398615     -0.05661707      0.00153452
    58.20000000      0.07527641      0.92467146     -0.05590336      0.00143851
    58.40000000      0.07459893      0.92534801     -0.05544844      0.00162962
    58.60000000      0.07402302      0.92592302     -0.05530324      0.00173056
    58.80000000      0.07344779      0.92649729     -0.05507320      0.00137223
    59.00000000      0.07290533      0.92703851     -0.05486525      0.00114508
    59.20000000      0.07248721      0.92745572     -0.05514565      0.00120447
    59.40000000      0.07206341      0.92787853     -0.05541767      0.00124502
    59.60000000      0.07161228      0.92832840     -0.05533384      0.00072357
    59.80000000      0.07128235      0.92865741     -0.05594098      0.00104514
    60.00000000      0.07080685      0.92913190     -0.05558730      0.00109207
    60.20000000      0.07047954      0.92945817     -0.05585861      0.00082387
    60.40000000      0.07015438      0.92978239     -0.05597848      0.00086626
    60.60000000      0.06974812      0.93018759     -0.05574853      0.00077952
    60.80000000      0.06943860      0.93049546     -0.05604066      0.00049489
    61.00000000      0.06912284      0.93081027     -0.05615677      0.00082094
    61.20000000      0.06895302      0.93097867     -0.05697824      0.00033030
    61.40000000      0.06870982      0.93122032     -0.05689042      0.00060963
    61.60000000      0.06850640      0.93142239     -0.05711201      0.00053297
    61.80000000      0.06833300      0.93159465     -0.05761045      0.00063045
    62.00000000      0.06812568      0.93180077     -0.05790515      0.00035268
    62.20000000      0.06772407      0.93220107     -0.05739367      0.00095512
    62.40000000      0.06734853      0.93257490     -0.05738551      0.00112782
    62.60000000      0.06685049      0.93307143     -0.05695747      0.00139471
    62.80000000      0.06637152      0.93354891     -0.05703449      0.00109936
    63.00000000      0.06569965      0.93421949     -0.05624979      0.00188210
    63.20000000      0.06506973      0.93484792     -0.05602570      0.00144943
    63.40000000      0.06456320      0.93535317     -0.05578347      0.00109006
    63.60000000      0.06406851      0.93584634     -0.05578170      0.00147610
    63.80000000      0.06353857      0.93637479     -0.05554512      0.00101667
    64.00000000      0.06307638      0.93683545     -0.05555095      0.00124868
    64.20000000      0.06261625      0.93729388     -0.05503949      0.00087200
    64.40000000      0.06234682      0.93756202     -0.05549825      0.00039136
    64.60000000      0.06202105      0.93788616     -0.05566995      0.00088105
    64.80000000      0.06173017      0.93817604     -0.05599500      0.00067693
    65.00000000      0.06157252      0.93833256     -0.05664995      0.00030474
    65.20000000      0.06138833      0.93851537     -0.05681728      0.00020239
    65.40000000      0.06127356      0.93862841     -0.05743281      0.00064866
    65.60000000      0.06110233      0.93879812     -0.05773679      0.00018391
    65.80000000      0.06087781      0.93902073     -0.05781041      0.00074570
    66.00000000      0.06055637      0.93934051     -0.05759113      0.00064077
    66.20000000      0.06018756      0.93970757     -0.05698949      0.00084333
    66.40000000      0.05978955      0.94010366     -0.05663658      0.00136002
    66.60000000      0.05936395      0.94052736     -0.05649545      0.00120868
    66.80000000      0.05883374      0.94105591     -0.05622522      0.00146444
    67.00000000      0.05829283      0.94159500     -0.05579152      0.00090508
    67.20000000      0.05796763      0.94191867     -0.05618423      0.00067914
    67.40000000      0.05772846      0.94215640     -0.05671884      0.00039291
    67.60000000      0.05757670      0.94230592     -0.05731141      0.00002599
    67.80000000      0.05742903      0.94245205     -0.05744896      0.00007520
    68.00000000      0.05734854      0.94253076     -0.05795116      0.00034130
    68.20000000      0.05726375      0.94261367     -0.05855595      0.00035602
    68.40000000      0.05695900      0.94291627     -0.05810521      0.00081686
    68.60000000      0.05656912      0.94330389     -0.05772512      0.00119765
    68.80000000      0.05617538      0.94369542     -0.05748083      0.00116630
    69.00000000      0.05567720      0.94419175     -0.05661397      0.00097473
    69.20000000      0.05518792      0.94467853     -0.05629977      0.00122729
    69.40000000      0.05482061      0.94504373     -0.05664983      0.00088757
    69.60000000      0.05437362      0.94548805     -0.05622609      0.00095154
    69.80000000      0.05406651      0.94579414     -0.05662151      0.00090039
    70.00000000      0.05371707      0.94614108     -0.05631462      0.00086577
    70.20000000      0.05351519      0.94634064     -0.05686537      0.00084543
    70.40000000      0.05310079      0.94675307     -0.05609066      0.00071809
    70.60000000      0.05290608      0.94694539     -0.05694396      0.00077083
    70.80000000      0.05252787      0.94732140     -0.05629113      0.00068678
    71.00000000      0.05226141      0.94758568     -0.05636656      0.00067766
    71.20000000      0.05197854      0.94786646     -0.05648633      0.00101700
    71.40000000      0.05163893      0.94820378     -0.05638308      0.00042769
    71.60000000      0.05139588      0.94844447     -0.05662030      0.00075406
    71.80000000      0.05118082      0.94865738     -0.05678883      0.00020083
    72.00000000      0.05105712      0.94877841     -0.05719716      0.00022798
    72.20000000      0.05093238      0.94890067     -0.05751760      0.00027116
    72.40000000      0.05080054      0.94902993     -0.05762947      0.00062845
    72.60000000      0.05071130      0.94911691     -0.05821569      0.00032305
    72.80000000      0.05049068      0.94933539     -0.05758003      0.00021836
    73.00000000      0.05035501      0.94946816     -0.05782225      0.00029804
    73.20000000      0.05016846      0.94965292     -0.05777655      0.00040377
    73.40000000      0.04988188      0.94993667     -0.05756756      0.00110904
    73.60000000      0.04972212      0.95009322     -0.05827115      0.00054542
    73.80000000      0.04940650      0.95040683     -0.05780461      0.00060289
    74.00000000      0.04924279      0.95056725     -0.05829944      0.00030467
    74.20000000      0.04907183      0.95073509     -0.05843349      0.00050511
    74.40000000      0.04882244      0.95098166     -0.05808981      0.00046547
    74.60000000      0.04851699      0.95128481     -0.05778694      0.00094611
    74.80000000      0.04812916      0.95166942     -0.05735641      0.00091903
    75.00000000      0.04775366      0.95204209     -0.05723988      0.00128381
    75.20000000      0.04734149      0.95245166     -0.05716410      0.00126310
    75.40000000      0.04694130      0.95284851     -0.05677817      0.00077900
    75.60000000      0.04648954      0.95329716     -0.05640283      0.00124179
    75.80000000      0.04615142      0.95363194     -0.05686476      0.00052737
    76.00000000      0.04576724      0.95401297     -0.05629601      0.00095678
    76.20000000      0.04551133      0.95426614     -0.05664816      0.00073320
    76.40000000      0.04521201      0.95456280     -0.05647343      0.00052483
    76.60000000      0.04497152      0.95480057     -0.05653593      0.00039516
    76.80000000      0.04475011      0.95501890     -0.05655667      0.00045280
    77.00000000      0.04449763      0.95526835     -0.05629534      0.00040322
    77.20000000      0.04434708      0.95541525     -0.05681583      0.00074397
    77.40000000      0.04418293      0.95557590     -0.05702374      0.00016661
    77.60000000      0.04408311      0.95567311     -0.05717731      0.00012996
    77.80000000      0.04413557      0.95561752     -0.05785455     -0.00010216
    78.00000000      0.04417161      0.95557844     -0.05849598      0.00005355
    78.20000000      0.04415447      0.95559295     -0.05891738      0.00032102
    78.40000000      0.04405907      0.95568475     -0.05892232     -0.00004668
    78.60000000      0.04400322      0.95573760     -0.05912147      0.00019274
    78.80000000      0.04379517      0.95594198     -0.05865331      0.00072578
    79.00000000      0.04350831      0.95622565     -0.05844350      0.00092839
    79.20000000      0.04311497      0.95661492     -0.05804934      0.00131270
    79.40000000      0.04269452      0.95703176     -0.05785046      0.00077631
    79.60000000      0.04228407      0.95743874     -0.05736615      0.00096278
    79.80000000      0.04194704      0.95777159     -0.05715769      0.00064205
    80.00000000      0.04176761      0.95794725     -0.05770825      0.00015872
    80.20000000      0.04156882      0.95814149     -0.05758913      0.00053310
    80.40000000      0.04145599      0.95825146     -0.05796567      0.00049207
    80.60000000      0.04134004      0.95836376     -0.05818487      0.00030045
    80.80000000      0.04115458      0.95854542     -0.05806380      0.00075021
    81.00000000      0.04097381      0.95872274     -0.05820619      0.00062398
    81.20000000      0.04070869      0.95898374     -0.05785568      0.00048034
    81.40000000      0.04039864      0.95929012     -0.05741921      0.00072275
    81.60000000      0.04000758      0.95967634     -0.05670163      0.00078481
    81.80000000      0.03974979      0.95993017     -0.05700577      0.00082153
    82.00000000      0.03951578      0.96016077     -0.05693919      0.00039248
    82.20000000      0.03934464      0.96032765     -0.05712301      0.00041888
    82.40000000      0.03916966      0.96049881     -0.05722978      0.00033778
    82.60000000      0.03915009      0.96051400     -0.05806452      0.00004674
    82.80000000      0.03899774      0.96066201     -0.05774139      0.00012649
    83.00000000      0.03892591      0.96073010     -0.05787742      0.00037258
    83.20000000      0.03879153      0.96085987     -0.05786196      0.00042151
    83.40000000      0.03853292      0.96111401     -0.05769414      0.00103639
    83.60000000      0.03823551      0.96140667     -0.05746438      0.00049247
    83.80000000      0.03798947      0.96164850     -0.05733104      0.00074262
    84.00000000      0.03763163      0.96200178     -0.05692640      0.00089737
    84.20000000      0.03739715      0.96223220     -0.05695016      0.00043599
    84.40000000      0.03727359      0.96235123     -0.05733346      0.00017244
    84.60000000      0.03708328      0.96253639     -0.05726108      0.00044173
    84.80000000      0.03690487      0.96271037     -0.05709982     -0.00013035
    85.00000000      0.03685084      0.96276040     -0.05736371      0.00006738
    85.20000000      0.03683660      0.96277030     -0.05764253     -0.00004897
    85.40000000      0.03689628      0.96270502     -0.05825694     -0.00013264
    85.60000000      0.03685435      0.96274210     -0.05814477      0.00007636
    85.80000000      0.03688420      0.96270787     -0.05874303     -0.00003007
    86.00000000      0.03695998      0.96262763     -0.05933992     -0.00023123
    86.20000000      0.03696849      0.96261343     -0.05949214     -0.00001062
    86.40000000      0.03697241      0.96260544     -0.05975699      0.00019718
    86.60000000      0.03692418      0.96264880     -0.05979912      0.00041691
    86.80000000      0.03682321      0.96274432     -0.05970527      0.00036538
    87.00000000      0.03655385      0.96300839     -0.05906569      0.00062931
    87.20000000      0.03625086      0.96330575     -0.05867469      0.00079411
    87.40000000      0.03574767      0.96380388     -0.05766291      0.00133933
    87.60000000      0.03530108      0.96424451     -0.05721461      0.00105745
    87.80000000      0.03491357      0.96462649     -0.05682787      0.00052521
    88.00000000      0.03454124      0.96499290     -0.05683519      0.00114465
    88.20000000      0.03413849      0.96539031     -0.05624139      0.00037644
    88.40000000      0.03398058      0.96554219     -0.05673593      0.00056917
    88.60000000      0.03381311      0.96570495     -0.05681364      0.00017459
    88.80000000      0.03375198      0.96576096     -0.05730761     -0.00001275
    89.00000000      0.03362435      0.96588403     -0.05725919     -0.00007580
    89.20000000      0.03352836      0.96597405     -0.05744851     -0.00000663
    89.40000000      0.03345056      0.96604667     -0.05780249      0.00068793
    89.60000000      0.03324649      0.96624481     -0.05733316      0.00038116
    89.80000000      0.03315306      0.96633292     -0.05767265      0.00051677
    90.00000000      0.03302042      0.96646008     -0.05739850      0.00000935
    90.20000000      0.03297713      0.96649699     -0.05764582      0.00004351
    90.40000000      0.03289379      0.96657521     -0.05785394      0.00025379
    90.60000000      0.03286247      0.96659967     -0.05847186      0.00003969
    90.80000000      0.03280202      0.96665462     -0.05851217      0.00031774
    91.00000000      0.03279135      0.96665952     -0.05901063      0.00008358
    91.20000000      0.03267225      0.96677373     -0.05872715      0.00018703
    91.40000000      0.03259906      0.96684026     -0.05863741      0.00010768
    91.60000000      0.03246872      0.96696379     -0.05817755      0.00034675
    91.80000000      0.03243290      0.96699361     -0.05867036      0.00035488
    92.00000000      0.03219148      0.96722813     -0.05822243      0.00037478
    92.20000000      0.03197911      0.96743427     -0.05809532      0.00049097
    92.40000000      0.03185748      0.96754984     -0.05851992      0.00024907
    92.60000000      0.03178256      0.96761844     -0.05852367     -0.00009146
    92.80000000      0.03189382      0.96750217     -0.05917036     -0.00018632
    93.00000000      0.03198571      0.96740299     -0.05959683     -0.00023505
    93.20000000      0.03198905      0.96739359     -0.05950393      0.00008289
    93.40000000      0.03191453      0.96746110     -0.05925945      0.00034629
    93.60000000      0.03174683      0.96762229     -0.05878048      0.00019743
    93.80000000      0.03151875      0.96784275     -0.05868789      0.00111854
    94.00000000      0.03105921      0.96829398     -0.05774440      0.00123876
    94.20000000      0.03067402      0.96867147     -0.05743569      0.00075808
    94.40000000      0.03028556      0.96905321     -0.05692109      0.00076855
    94.60000000      0.02998665      0.96934359     -0.05724387      0.00097342
    94.80000000      0.02969481      0.96962975     -0.05706672      0.00032450
    95.00000000      0.02949823      0.96981965     -0.05689214      0.00030441
    95.20000000      0.02948410      0.96982589     -0.05739692     -0.00014700
    95.40000000      0.02939921      0.96990330     -0.05717361      0.00000059
    95.60000000      0.02940565      0.96988931     -0.05772012      0.00018148
    95.80000000      0.02942504      0.96986373     -0.05813613      0.00004566
    96.00000000      0.02937946      0.96990300     -0.05810135      0.00012513
    96.20000000      0.02937119      0.96990297     -0.05820031     -0.00024830
    96.40000000      0.02932098      0.96994561     -0.05810606      0.00008181
    96.60000000      0.02924260      0.97001627     -0.05813556      0.00019014
    96.80000000      0.02916072      0.97008960     -0.05833702      0.00018509
    97.00000000      0.02904655      0.97019622     -0.05819665     -0.00002897
    97.20000000      0.02892867      0.97030523     -0.05807743      0.00022819
    97.40000000      0.02882167      0.97040517     -0.05823763      0.00033855
    97.60000000      0.02866979      0.97054883     -0.05820721      0.00052677
    97.80000000      0.02848084      0.97072922     -0.05791264      0.00027014
    98.00000000      0.02838792      0.97081234     -0.05814503      0.00018766
    98.20000000      0.02818229      0.97101133     -0.05779097      0.00053265
    98.40000000      0.02807231      0.97111344     -0.05783894     -0.00017945
    98.60000000      0.02804530      0.97113210     -0.05833927      0.00046701
    98.80000000      0.02799465      0.97117272     -0.05857776     -0.00015042
    99.00000000      0.02806835      0.97108958     -0.05899087     -0.00012001
    99.20000000      0.02810983      0.97104012     -0.05893364     -0.00052339
    99.40000000      0.02810395      0.97103648     -0.05892247      0.00015877
    99.60000000      0.02802306      0.97110900     -0.05858043      0.00040848
    99.80000000      0.02796783      0.97115365     -0.05853425      0.00037542
   100.00000000      0.02786627      0.97124550     -0.05859559      0.00022707
   100.20000000      0.02767867      0.97142429     -0.05803839      0.00033794
   100.40000000      0.02748646      0.97160652     -0.05799773      0.00057725
   100.60000000      0.02741372      0.97166997     -0.05844223      0.00009101
   100.80000000      0.02741282      0.97165999     -0.05906721      0.00035550
   101.00000000      0.02734574      0.97171691     -0.05892940     -0.00019254
   101.20000000      0.02735648      0.97169703     -0.05900218     -0.00022873
   101.40000000      0.02746077      0.97158346     -0.05970115      0.00002193
   101.60000000      0.02739944      0.97163525     -0.05917389      0.00001710
   101.80000000      0.02728957      0.97173583     -0.05875168      0.00041339
   102.00000000      0.02710818      0.97190534     -0.05844749      0.00082554
   102.20000000      0.02673108      0.97227161     -0.05749561      0.00093466
   102.40000000      0.02641431      0.97257678     -0.05723852      0.00097529
   102.60000000      0.02606756      0.97291214     -0.05674003      0.00077245
   102.80000000      0.02579123      0.97317852     -0.05677467      0.00087964
   103.00000000      0.02547715      0.97348179     -0.05646036      0.00052261
   103.20000000      0.02531649      0.97363263     -0.05658376     -0.00012240
   103.40000000      0.02526834      0.97367048     -0.05712908      0.00030982
   103.60000000      0.02517264      0.97375637     -0.05722169      0.00003701
   103.80000000      0.02516415      0.97375431     -0.05735131     -0.00018846
   104.00000000      0.02520399      0.97370357     -0.05763855      0.00005350
   104.20000000      0.02522647      0.97367094     -0.05770701      0.00015135
   104.40000000      0.02515726      0.97372893     -0.05742680      0.00006737
   104.60000000      0.02523000      0.97364577     -0.05796021     -0.00038523
   104.80000000      0.02533295      0.97353242     -0.05809261     -0.00043856
   105.00000000      0.02544034      0.97341317     -0.05841460     -0.00025558
   105.20000000      0.02547594      0.97336881     -0.05864034     -0.00013657
   105.40000000      0.02559327      0.97324065     -0.05890657     -0.00060809
   105.60000000      0.02576017      0.97306263     -0.05939033      0.00019725
   105.80000000      0.02586145      0.97295055     -0.05969329     -0.00042143
   106.00000000      0.02593672      0.97286364     -0.05963211      0.00010530
   106.20000000      0.02598333      0.97280367     -0.05949238     -0.00027334
   106.40000000      0.02600872      0.97276626     -0.05952139      0.00029900
   106.60000000      0.02596691      0.97279591     -0.05964368      0.00023075
   106.80000000      0.02584547      0.97290505     -0.05907736     -0.00004131
   107.00000000      0.02570934      0.97302980     -0.05856706      0.00037809
   107.20000000      0.02569503      0.97303001     -0.05929451      0.00036998
   107.40000000      0.02546264      0.97324872     -0.05859434      0.00042546
   107.60000000      0.02529747      0.97340048     -0.05827958      0.00045864
   107.80000000      0.02517932      0.97350635     -0.05822865      0.00068034
   108.00000000      0.02501643      0.97365542     -0.05806696      0.00067435
   108.20000000      0.02481877      0.97384028     -0.05784725      0.00016889
   108.40000000      0.02461397      0.97403024     -0.05738756      0.00031413
   108.60000000      0.02442594      0.97420527     -0.05719368      0.00009427
   108.80000000      0.02423310      0.97438422     -0.05685867      0.00046048
   109.00000000      0.02405240      0.97455074     -0.05686932      0.00038089
   109.20000000      0.02387638      0.97471306     -0.05693663      0.00028778
   109.40000000      0.02384341      0.97473265     -0.05715551     -0.00010990
   109.60000000      0.02387885      0.97468535     -0.05773007      0.00026290
   109.80000000      0.02383482      0.97471467     -0.05789092      0.00001089
   110.00000000      0.02380504      0.97472891     -0.05764832     -0.00009454
   110.20000000      0.02390686      0.97461522     -0.05812512     -0.00024929
   110.40000000      0.02387109      0.97463462     -0.05770483     -0.00013248
   110.60000000      0.02388577      0.97460717     -0.05792425      0.00014230
   110.80000000      0.02385191      0.97462637     -0.05809574      0.00004805
   111.00000000      0.02386090      0.97460212     -0.05831031     -0.00012491
   111.20000000      0.02388700      0.97456239     -0.05852696     -0.00017832
   111.40000000      0.02390573      0.97452949     -0.05854477     -0.00003876
   111.60000000      0.02388289      0.97453754     -0.05845846     -0.00004080
   111.80000000      0.02391158      0.97449206     -0.05856081      0.00015357
   112.00000000      0.02386981      0.97451949     -0.05846096      0.00055337
   112.20000000      0.02378706      0.97458513     -0.05850918      0.00010284
   112.40000000      0.02360007      0.97475761     -0.05751777      0.00003501
   112.60000000      0.02347813      0.97486555     -0.05751055      0.00037949
   112.80000000      0.02329861      0.97502824     -0.05729717      0.00020965
   113.00000000      0.02324525      0.97506516     -0.05747247     -0.00030326
   113.20000000      0.02324554      0.97504887     -0.05750885     -0.00049269
   113.40000000      0.02339993      0.97487858     -0.05802037     -0.00042890
   113.60000000      0.02356604      0.97469786     -0.05877381     -0.00032309
   113.80000000      0.02381277      0.97443573     -0.05925355     -0.00091498
   114.00000000      0.02408135      0.97415204     -0.05963912     -0.00041846
   114.20000000      0.02440329      0.97381536     -0.06047367     -0.00041326
   114.40000000      0.02450204      0.97369904     -0.06007681     -0.00012225
   114.60000000      0.02450844      0.97367441     -0.05960315     -0.00000914
   114.80000000      0.02434894      0.97381587     -0.05883398      0.00061587
   115.00000000      0.02418155      0.97396471     -0.05846720      0.00044515
   115.20000000      0.02388911      0.97423760     -0.05772970      0.00068726
   115.40000000      0.02358929      0.97451734     -0.05728896      0.00075328
   115.60000000      0.02328951      0.97480009     -0.05682896      0.00075133
   115.80000000      0.02319228      0.97487939     -0.05711712      0.00014313
   116.00000000      0.02321444      0.97483866     -0.05783371      0.00007174
   116.20000000      0.02320339      0.97482908     -0.05780214     -0.00031173
   116.40000000      0.02326631      0.97474924     -0.05779411     -0.00020780
   116.60000000      0.02331013      0.97468842     -0.05785686      0.00009452
   116.80000000      0.02332070      0.97465860     -0.05786064      0.00004820
   117.00000000      0.02337057      0.97459114     -0.05801675      0.00006575
   117.20000000      0.02337193      0.97456871     -0.05821063      0.00046383
   117.40000000      0.02330516      0.97461777     -0.05783407     -0.00010481
   117.60000000      0.02332712      0.97457666     -0.05805946     -0.00002338
   117.80000000      0.02327479      0.97460724     -0.05774767     -0.00001585
   118.00000000      0.02319276      0.97466906     -0.05771263      0.00061153
   118.20000000      0.02309708      0.97474487     -0.05769497      0.00013222
   118.40000000      0.02309040      0.97473204     -0.05787736     -0.00004529
   118.60000000      0.02294832      0.97485196     -0.05738275      0.00008961
   118.80000000      0.02274485      0.97503526     -0.05699575      0.00070380
   119.00000000      0.02268673      0.97506997     -0.05728638     -0.00032337
   119.20000000      0.02255360      0.97518369     -0.05678510      0.00055790
   119.40000000      0.02246286      0.97525325     -0.05675308     -0.00012753
   119.60000000      0.02247731      0.97521988     -0.05695450     -0.00009459
   119.80000000      0.02260842      0.97506640     -0.05776477      0.00001270
   120.00000000      0.02262995      0.97502423     -0.05761906     -0.00029930
   120.20000000      0.02275677      0.97487604     -0.05800713     -0.00063627
   120.40000000      0.02298689      0.97462631     -0.05853923     -0.00053188
   120.60000000      0.02316435      0.97442806     -0.05858165     -0.00046497
   120.80000000      0.02326952      0.97430010     -0.05863550     -0.00001201
   121.00000000      0.02335357      0.97419489     -0.05865505     -0.00059744
   121.20000000      0.02349788      0.97402734     -0.05880007     -0.00060437
   121.40000000      0.02361204      0.97389024     -0.05903413     -0.00037824
   121.60000000      0.02370915      0.97377333     -0.05911019     -0.00077416
   121.80000000      0.02390920      0.97355223     -0.05931975     -0.00053460
   122.00000000      0.02418906      0.97325000     -0.06037769     -0.00052690
   122.20000000      0.02428361      0.97313163     -0.05968304     -0.00021484
   122.40000000      0.02446067      0.97293160     -0.06011221     -0.00014523
   122.60000000      0.02449269      0.97287482     -0.05980781      0.00003362
   122.80000000      0.02438612      0.97295654     -0.05911397      0.00040976
   123.00000000      0.02420524      0.97311186     -0.05846556      0.00031655
   123.20000000      0.02395559      0.97333053     -0.05767019      0.00070654
   123.40000000      0.02375431      0.97350401     -0.05743936      0.00055785
   123.60000000      0.02353757      0.97369613     -0.05730124      0.00077995
   123.80000000      0.02326033      0.97394714     -0.05649327      0.00026820
   124.00000000      0.02323025      0.97395144     -0.05701547      0.00021855
   124.20000000      0.02315789      0.97399891     -0.05718467      0.00011185
   124.40000000      0.02304507      0.97408651     -0.05695435      0.00010095
   124.60000000      0.02300920      0.97409507     -0.05698258     -0.00036465
   124.80000000      0.02293400      0.97414477     -0.05656453      0.00043143
   125.00000000      0.02289845      0.97415194     -0.05691176      0.00030537
   125.20000000      0.02281732      0.97420504     -0.05661926      0.00032258
   125.40000000      0.02269523      0.97430320     -0.05624297      0.00018402
   125.60000000      0.02266779      0.97430566     -0.05655931     -0.00004703
   125.80000000      0.02265674      0.97428699     -0.05647487     -0.00026269
   126.00000000      0.02276060      0.97415813     -0.05708312     -0.00038552
   126.20000000      0.02292308      0.97396902     -0.05762381     -0.00080967
   126.40000000      0.02314780      0.97371897     -0.05814005     -0.00050968
   126.60000000      0.02334570      0.97349454     -0.05829760     -0.00059830
   126.80000000      0.02356967      0.97324393     -0.05852204     -0.00096203
   127.00000000      0.02372589      0.97305955     -0.05848549     -0.00013847
   127.20000000      0.02380729      0.97294898     -0.05826357     -0.00032122
   127.40000000      0.02391097      0.97281581     -0.05822078     -0.00019766
   127.60000000      0.02394753      0.97274605     -0.05807975     -0.00010543
   127.80000000      0.02393044      0.97273403     -0.05769071     -0.00003467
   128.00000000      0.02392764      0.97270621     -0.05752948     -0.00013429
   128.20000000      0.02405140      0.97255723     -0.05794167     -0.00056799
   128.40000000      0.02419524      0.97238291     -0.05848912      0.00025415
   128.60000000      0.02426191      0.97228642     -0.05833834     -0.00058487
   128.80000000      0.02443878      0.97208325     -0.05861619     -0.00059018
   129.00000000      0.02458509      0.97190319     -0.05858955     -0.00048679
   129.20000000      0.02473708      0.97171938     -0.05890168     -0.00013082
   129.40000000      0.02478984      0.97163440     -0.05850289     -0.00016448
   129.60000000      0.02476407      0.97162740     -0.05835357      0.00033289
   129.80000000      0.02464248      0.97171532     -0.05768988     -0.00022339
   130.00000000      0.02459357      0.97172981     -0.05750963     -0.00009076
   130.20000000      0.02455961      0.97172569     -0.05749379     -0.00015908
   130.40000000      0.02451895      0.97173373     -0.05743479      0.00014449
   130.60000000      0.02441811      0.97179996     -0.05717395     -0.00016154
   130.80000000      0.02449865      0.97168742     -0.05740242     -0.00053628
   131.00000000      0.02453686      0.97161236     -0.05735954     -0.00024049
   131.20000000      0.02452648      0.97158744     -0.05739134     -0.00001330
   131.40000000      0.02457180      0.97150961     -0.05752835     -0.00037486
   131.60000000      0.02465067      0.97139712     -0.05775775     -0.00019630
   131.80000000      0.02469478      0.97131832     -0.05772940     -0.00038759
   132.00000000      0.02481013      0.97116827     -0.05790092     -0.00012169
   132.20000000      0.02495846      0.97098818     -0.05818770     -0.00035471
   132.40000000      0.02514337      0.97076813     -0.05844462     -0.00067803
   132.60000000      0.02526327      0.97061324     -0.05828987     -0.00023918
   132.80000000      0.02533016      0.97050784     -0.05810302     -0.00029199
   133.00000000      0.02532066      0.97048103     -0.05758872     -0.00032861
   133.20000000      0.02527680      0.97048371     -0.05748192      0.00041920
   133.40000000      0.02509105      0.97063169     -0.05693032      0.00044005
   133.60000000      0.02481885      0.97086176     -0.05621855      0.00047644
   133.80000000      0.02459501      0.97104167     -0.05584270      0.00025456
   134.00000000      0.02447660      0.97112237     -0.05596157      0.00006062
   134.20000000      0.02444692      0.97111476     -0.05620382     -0.00021641
   134.40000000      0.02448583      0.97104359     -0.05633047     -0.00029927
   134.60000000      0.02467869      0.97081629     -0.05700160     -0.00059721
   134.80000000      0.02476406      0.97069058     -0.05683708     -0.00032204
   135.00000000      0.02501846      0.97040264     -0.05746800     -0.00116419
   135.20000000      0.02523736      0.97014660     -0.05755512     -0.00054533
   135.40000000      0.02540751      0.96993477     -0.05745052     -0.00051704
   135.60000000      0.02558141      0.96972016     -0.05761015     -0.00034523
   135.80000000      0.02562981      0.96962897     -0.05715868     -0.00032288
   136.00000000      0.02567066      0.96954405     -0.05695921     -0.00014755
   136.20000000      0.02571004      0.96946318     -0.05728416      0.00017583
   136.40000000      0.02572550      0.96940439     -0.05699423     -0.00052547
   136.60000000      0.02585286      0.96923748     -0.05735236     -0.00049006
   136.80000000      0.02604715      0.96900363     -0.05770555     -0.00075430
   137.00000000      0.02632154      0.96869183     -0.05814598     -0.00087184
   137.20000000      0.02657606      0.96839315     -0.05817219     -0.00077990
   137.40000000      0.02686168      0.96806729     -0.05835999     -0.00082785
   137.60000000      0.02718734      0.96769760     -0.05891534     -0.00072022
   137.80000000      0.02734667      0.96749160     -0.05868668     -0.00064287
   138.00000000      0.02744790      0.96734742     -0.05809974     -0.00065739
   138.20000000      0.02758840      0.96716040     -0.05814622     -0.00021359
   138.40000000      0.02771492      0.96698242     -0.05830682     -0.00055599
   138.60000000      0.02778678      0.96686233     -0.05793252     -0.00010701
   138.80000000      0.02789517      0.96670692     -0.05829775     -0.00025084
   139.00000000      0.02794676      0.96660882     -0.05834671      0.00000562
   139.20000000      0.02799187      0.96651300     -0.05822689     -0.00047292
   139.40000000      0.02806777      0.96638588     -0.05787877     -0.00033783
   139.60000000      0.02809472      0.96631192     -0.05723429     -0.00027646
   139.80000000      0.02814893      0.96619742     -0.05719667     -0.00011309
   140.00000000      0.02806448      0.96623105     -0.05660638      0.00017973
   140.20000000      0.02793622      0.96630382     -0.05611789      0.00020614
   140.40000000      0.02784022      0.96635313     -0.05604682     -0.00007760
   140.60000000      0.02782265      0.96631290     -0.05635147      0.00010274
   140.80000000      0.02779828      0.96629252     -0.05618515     -0.00046216
   141.00000000      0.02784988      0.96618587     -0.05638790     -0.00015206
   141.20000000      0.02794182      0.96604426     -0.05654902     -0.00052002
   141.40000000      0.02808606      0.96584772     -0.05657985     -0.00068943
   141.60000000      0.02821269      0.96567188     -0.05622833     -0.00079579
   141.80000000      0.02841375      0.96541910     -0.05683392     -0.00024230
   142.00000000      0.02846386      0.96531445     -0.05661545     -0.00023614
   142.20000000      0.02848752      0.96523729     -0.05651244     -0.00033201
   142.40000000      0.02848318      0.96518084     -0.05623059     -0.00039528
   142.60000000      0.02859103      0.96502360     -0.05667620     -0.00029495
   142.80000000      0.02862931      0.96492526     -0.05636396     -0.00029666
   143.00000000      0.02860178      0.96489847     -0.05597137     -0.00012007
   143.20000000      0.02872005      0.96472023     -0.05633347     -0.00075935
   143.40000000      0.02884650      0.96453559     -0.05656476     -0.00032178
   143.60000000      0.02880617      0.96451914     -0.05620675     -0.00012952
   143.80000000      0.02887561      0.96439559     -0.05640693     -0.00045412
   144.00000000      0.02898677      0.96422715     -0.05657042     -0.00037941
   144.20000000      0.02908110      0.96407709     -0.05661542     -0.00072678
   144.40000000      0.02929562      0.96380561     -0.05711118     -0.00061767
   144.60000000      0.02964502      0.96340715     -0.05758688     -0.00165300
   144.80000000      0.03017043      0.96283027     -0.05830429     -0.00175272
   145.00000000      0.03064731      0.96230176     -0.05844201     -0.00159553
   145.20000000      0.03113295      0.96175530     -0.05902246     -0.00132755
   145.40000000      0.03157827      0.96125526     -0.05910362     -0.00141427
   145.60000000      0.03206280      0.96070799     -0.05933129     -0.00101456
   145.80000000      0.03231590      0.96039421     -0.05872780     -0.00077718
   146.00000000      0.03252396      0.96012013     -0.05857018     -0.00046957
   146.20000000      0.03262013      0.95994891     -0.05792088     -0.00023453
   146.40000000      0.03268979      0.95981032     -0.05786107     -0.00034136
   146.60000000      0.03263133      0.95979454     -0.05704640     -0.00019679
   146.80000000      0.03268892      0.95967065     -0.05689418     -0.00044919
   147.00000000      0.03279592      0.95949373     -0.05699822     -0.00051247
   147.20000000      0.03286290      0.95936340     -0.05687285     -0.00036683
   147.40000000      0.03296886      0.95919123     -0.05680261     -0.00083610
   147.60000000      0.03311120      0.95897723     -0.05653995     -0.00083626
   147.80000000      0.03320118      0.95881519     -0.05637866     -0.00056519
   148.00000000      0.03319155      0.95874887     -0.05606137      0.00009204
   148.20000000      0.03308160      0.95878040     -0.05560682     -0.00025904
   148.40000000      0.03297868      0.95881097     -0.05509414     -0.00008359
   148.60000000      0.03288430      0.95882487     -0.05496828      0.00017207
   148.80000000      0.03280457      0.95884516     -0.05499295     -0.00038888
   149.00000000      0.03285823      0.95872681     -0.05538341     -0.00045234
   149.20000000      0.03300149      0.95852710     -0.05554003     -0.00094492
   149.40000000      0.03339316      0.95807926     -0.05665782     -0.00118201
   149.60000000      0.03381293      0.95761340     -0.05709097     -0.00131120
   149.80000000      0.03431553      0.95709849     -0.05766316     -0.00141673
   150.00000000      0.03483438      0.95660797     -0.05801443     -0.00165339
