       0.000000       1.000034      -0.000034      -0.000474      -0.000922
       0.016000       0.999807       0.000193       0.000074       0.015104
       0.032000       0.999070       0.000930       0.001375       0.030956
       0.048000       0.997830       0.002170       0.003383       0.046485
       0.064000       0.996100       0.003900       0.006037       0.061553
       0.080000       0.993896       0.006104       0.009260       0.076044
       0.096000       0.991240       0.008760       0.012967       0.089860
       0.112000       0.988153       0.011847       0.017071       0.102929
       0.128000       0.984661       0.015339       0.021484       0.115195
       0.144000       0.980790       0.019210       0.026123       0.126618
       0.160000       0.976567       0.023433       0.030909       0.137165
       0.176000       0.972021       0.027979       0.035767       0.146808
       0.192000       0.967181       0.032819       0.040618       0.155526
       0.208000       0.962077       0.037923       0.045386       0.163306
       0.224000       0.956740       0.043261       0.049993       0.170151
       0.240000       0.951198       0.048803       0.054366       0.176082
       0.256000       0.945480       0.054521       0.058444       0.181133
       0.272000       0.939614       0.060387       0.062180       0.185355
       0.288000       0.933625       0.066375       0.065547       0.188804
       0.304000       0.927538       0.072462       0.068539       0.191540
       0.320000       0.921374       0.078627       0.071160       0.193617
       0.336000       0.915153       0.084847       0.073426       0.195089
       0.352000       0.908894       0.091106       0.075350       0.196001
       0.368000       0.902614       0.097386       0.076945       0.196398
       0.384000       0.896330       0.103671       0.078218       0.196327
       0.400000       0.890054       0.109946       0.079172       0.195839
       0.416000       0.883800       0.116201       0.079815       0.194987
       0.432000       0.877578       0.122422       0.080154       0.193827
       0.448000       0.871398       0.128603       0.080205       0.192410
       0.464000       0.865266       0.134734       0.079987       0.190779
       0.480000       0.859190       0.140811       0.079528       0.188970
       0.496000       0.853174       0.146827       0.078858       0.187005
       0.512000       0.847223       0.152778       0.078014       0.184902
       0.528000       0.841341       0.158659       0.077034       0.182671
       0.544000       0.835533       0.164467       0.075952       0.180319
       0.560000       0.829802       0.170198       0.074798       0.177855
       0.576000       0.824152       0.175849       0.073594       0.175286
       0.592000       0.818585       0.181416       0.072349       0.172626
       0.608000       0.813104       0.186896       0.071062       0.169892
       0.624000       0.807712       0.192288       0.069725       0.167102
       0.640000       0.802410       0.197590       0.068325       0.164275
       0.656000       0.797199       0.202801       0.066851       0.161425
       0.672000       0.792079       0.207921       0.065298       0.158562
       0.688000       0.787051       0.212949       0.063673       0.155690
       0.704000       0.782115       0.217885       0.061990       0.152809
       0.720000       0.777271       0.222729       0.060276       0.149919
       0.736000       0.772520       0.227480       0.058559       0.147026
       0.752000       0.767862       0.232139       0.056868       0.144137
       0.768000       0.763295       0.236705       0.055229       0.141262
       0.784000       0.758820       0.241180       0.053659       0.138414
       0.800000       0.754436       0.245564       0.052166       0.135602
       0.816000       0.750142       0.249859       0.050748       0.132831
       0.832000       0.745935       0.254066       0.049393       0.130099
       0.848000       0.741815       0.258186       0.048084       0.127401
       0.864000       0.737781       0.262220       0.046797       0.124730
       0.880000       0.733832       0.266169       0.045511       0.122081
       0.896000       0.729967       0.270033       0.044207       0.119460
       0.912000       0.726186       0.273814       0.042880       0.116876
       0.928000       0.722487       0.277514       0.041531       0.114348
       0.944000       0.718867       0.281133       0.040171       0.111889
       0.960000       0.715325       0.284676       0.038816       0.109510
       0.976000       0.711857       0.288143       0.037479       0.107214
       0.992000       0.708462       0.291538       0.036168       0.104994
       1.008000       0.705137       0.294863       0.034884       0.102839
       1.024000       0.701880       0.298120       0.033620       0.100736
       1.040000       0.698690       0.301311       0.032364       0.098675
       1.056000       0.695565       0.304436       0.031100       0.096646
       1.072000       0.692504       0.307496       0.029813       0.094648
       1.088000       0.689507       0.310494       0.028494       0.092682
       1.104000       0.686572       0.313429       0.027143       0.090755
       1.120000       0.683698       0.316302       0.025769       0.088873
       1.136000       0.680883       0.319117       0.024390       0.087044
       1.152000       0.678127       0.321874       0.023023       0.085275
       1.168000       0.675425       0.324575       0.021686       0.083568
       1.184000       0.672778       0.327223       0.020390       0.081919
       1.200000       0.670182       0.329819       0.019138       0.080326
       1.216000       0.667636       0.332364       0.017926       0.078782
       1.232000       0.665139       0.334861       0.016743       0.077285
       1.248000       0.662689       0.337311       0.015578       0.075833
       1.264000       0.660285       0.339715       0.014416       0.074428
       1.280000       0.657926       0.342075       0.013245       0.073074
       1.296000       0.655608       0.344392       0.012054       0.071776
       1.312000       0.653331       0.346669       0.010840       0.070537
       1.328000       0.651093       0.348907       0.009602       0.069362
       1.344000       0.648891       0.351109       0.008349       0.068254
       1.360000       0.646724       0.353276       0.007094       0.067214
       1.376000       0.644589       0.355412       0.005855       0.066238
       1.392000       0.642484       0.357516       0.004649       0.065320
       1.408000       0.640408       0.359593       0.003489       0.064451
       1.424000       0.638359       0.361642       0.002383       0.063620
       1.440000       0.636336       0.363664       0.001329       0.062818
       1.456000       0.634338       0.365662       0.000318       0.062039
       1.472000       0.632365       0.367635      -0.000663       0.061278
       1.488000       0.630416       0.369584      -0.001627       0.060531
       1.504000       0.628491       0.371509      -0.002587       0.059796
       1.520000       0.626589       0.373411      -0.003550       0.059073
       1.536000       0.624710       0.375290      -0.004517       0.058360
       1.552000       0.622854       0.377146      -0.005484       0.057656
       1.568000       0.621020       0.378980      -0.006444       0.056959
       1.584000       0.619209       0.380792      -0.007393       0.056267
       1.600000       0.617419       0.382581      -0.008324       0.055579
       1.616000       0.615652       0.384349      -0.009239       0.054896
       1.632000       0.613906       0.386095      -0.010139       0.054221
       1.648000       0.612181       0.387819      -0.011032       0.053558
       1.664000       0.610478       0.389523      -0.011927       0.052910
       1.680000       0.608795       0.391206      -0.012831       0.052286
       1.696000       0.607131       0.392869      -0.013753       0.051697
       1.712000       0.605486       0.394515      -0.014694       0.051156
       1.728000       0.603857       0.396144      -0.015648       0.050678
       1.744000       0.602242       0.397759      -0.016605       0.050273
       1.760000       0.600638       0.399362      -0.017551       0.049943
       1.776000       0.599044       0.400956      -0.018469       0.049683
       1.792000       0.597458       0.402543      -0.019348       0.049485
       1.808000       0.595877       0.404124      -0.020179       0.049333
       1.824000       0.594300       0.405700      -0.020959       0.049213
       1.840000       0.592727       0.407273      -0.021686       0.049109
       1.856000       0.591157       0.408843      -0.022365       0.049004
       1.872000       0.589591       0.410409      -0.023004       0.048885
       1.888000       0.588029       0.411972      -0.023610       0.048741
       1.904000       0.586472       0.413529      -0.024193       0.048571
       1.920000       0.584921       0.415080      -0.024760       0.048375
       1.936000       0.583376       0.416624      -0.025315       0.048158
       1.952000       0.581839       0.418162      -0.025862       0.047921
       1.968000       0.580309       0.419691      -0.026402       0.047667
       1.984000       0.578788       0.421212      -0.026938       0.047397
       2.000000       0.577276       0.422724      -0.027472       0.047110
       2.016000       0.575773       0.424227      -0.028008       0.046811
       2.032000       0.574280       0.425720      -0.028549       0.046502
       2.048000       0.572797       0.427203      -0.029102       0.046190
       2.064000       0.571324       0.428676      -0.029667       0.045879
       2.080000       0.569861       0.430140      -0.030248       0.045577
       2.096000       0.568407       0.431593      -0.030844       0.045286
       2.112000       0.566963       0.433038      -0.031455       0.045007
       2.128000       0.565527       0.434474      -0.032084       0.044738
       2.144000       0.564099       0.435901      -0.032732       0.044472
       2.160000       0.562680       0.437320      -0.033406       0.044205
       2.176000       0.561270       0.438730      -0.034112       0.043935
       2.192000       0.559869       0.440132      -0.034858       0.043665
       2.208000       0.558476       0.441525      -0.035645       0.043401
       2.224000       0.557091       0.442910      -0.036467       0.043152
       2.240000       0.555714       0.444287      -0.037311       0.042924
       2.256000       0.554343       0.445657      -0.038155       0.042723
       2.272000       0.552979       0.447022      -0.038977       0.042551
       2.288000       0.551620       0.448381      -0.039758       0.042406
       2.304000       0.550265       0.449736      -0.040487       0.042287
       2.320000       0.548913       0.451087      -0.041160       0.042190
       2.336000       0.547564       0.452436      -0.041777       0.042114
       2.352000       0.546218       0.453783      -0.042344       0.042054
       2.368000       0.544873       0.455128      -0.042865       0.042010
       2.384000       0.543529       0.456472      -0.043349       0.041977
       2.400000       0.542186       0.457815      -0.043800       0.041952
       2.416000       0.540844       0.459157      -0.044225       0.041928
       2.432000       0.539503       0.460498      -0.044628       0.041900
       2.448000       0.538163       0.461838      -0.045014       0.041859
       2.464000       0.536824       0.463177      -0.045389       0.041796
       2.480000       0.535488       0.464513      -0.045759       0.041703
       2.496000       0.534155       0.465845      -0.046127       0.041575
       2.512000       0.532828       0.467173      -0.046496       0.041408
       2.528000       0.531506       0.468495      -0.046865       0.041197
       2.544000       0.530191       0.469809      -0.047230       0.040940
       2.560000       0.528886       0.471115      -0.047589       0.040636
       2.576000       0.527591       0.472409      -0.047940       0.040288
       2.592000       0.526308       0.473693      -0.048282       0.039900
       2.608000       0.525038       0.474963      -0.048616       0.039480
       2.624000       0.523782       0.476219      -0.048948       0.039036
       2.640000       0.522540       0.477461      -0.049280       0.038582
       2.656000       0.521312       0.478688      -0.049616       0.038129
       2.672000       0.520099       0.479901      -0.049958       0.037691
       2.688000       0.518900       0.481101      -0.050304       0.037274
       2.704000       0.517714       0.482287      -0.050650       0.036883
       2.720000       0.516539       0.483461      -0.050994       0.036515
       2.736000       0.515376       0.484624      -0.051337       0.036164
       2.752000       0.514225       0.485776      -0.051681       0.035824
       2.768000       0.513084       0.486917      -0.052029       0.035492
       2.784000       0.511953       0.488048      -0.052383       0.035169
       2.800000       0.510833       0.489168      -0.052744       0.034856
       2.816000       0.509722       0.490279      -0.053111       0.034552
       2.832000       0.508621       0.491379      -0.053482       0.034259
       2.848000       0.507530       0.492471      -0.053854       0.033976
       2.864000       0.506447       0.493554      -0.054223       0.033702
       2.880000       0.505373       0.494628      -0.054586       0.033434
       2.896000       0.504307       0.495694      -0.054939       0.033169
       2.912000       0.503250       0.496751      -0.055279       0.032899
       2.928000       0.502201       0.497799      -0.055611       0.032620
       2.944000       0.501162       0.498839      -0.055940       0.032331
       2.960000       0.500132       0.499868      -0.056275       0.032035
       2.976000       0.499112       0.500889      -0.056619       0.031738
       2.992000       0.498101       0.501900      -0.056971       0.031451
       3.008000       0.497099       0.502902      -0.057327       0.031180
       3.024000       0.496105       0.503896      -0.057678       0.030931
       3.040000       0.495119       0.504882      -0.058018       0.030706
       3.056000       0.494140       0.505861      -0.058341       0.030503
       3.072000       0.493167       0.506834      -0.058644       0.030322
       3.088000       0.492199       0.507802      -0.058929       0.030161
       3.104000       0.491236       0.508765      -0.059199       0.030020
       3.120000       0.490278       0.509723      -0.059461       0.029898
       3.136000       0.489323       0.510678      -0.059725       0.029793
       3.152000       0.488371       0.511630      -0.060000       0.029702
       3.168000       0.487422       0.512579      -0.060294       0.029621
       3.184000       0.486475       0.513526      -0.060606       0.029543
       3.200000       0.485531       0.514470      -0.060930       0.029462
       3.216000       0.484589       0.515411      -0.061254       0.029369
       3.232000       0.483651       0.516349      -0.061567       0.029260
       3.248000       0.482717       0.517284      -0.061859       0.029130
       3.264000       0.481787       0.518214      -0.062124       0.028981
       3.280000       0.480862       0.519138      -0.062367       0.028816
       3.296000       0.479943       0.520058      -0.062596       0.028639
       3.312000       0.479030       0.520971      -0.062824       0.028454
       3.328000       0.478122       0.521879      -0.063065       0.028263
       3.344000       0.477221       0.522780      -0.063332       0.028069
       3.360000       0.476326       0.523675      -0.063635       0.027866
       3.376000       0.475437       0.524563      -0.063978       0.027653
       3.392000       0.474556       0.525445      -0.064360       0.027422
       3.408000       0.473683       0.526318      -0.064772       0.027174
       3.424000       0.472817       0.527184      -0.065199       0.026911
       3.440000       0.471960       0.528040      -0.065626       0.026638
       3.456000       0.471112       0.528888      -0.066039       0.026366
       3.472000       0.470273       0.529728      -0.066429       0.026108
       3.488000       0.469441       0.530560      -0.066793       0.025880
       3.504000       0.468616       0.531385      -0.067131       0.025693
       3.520000       0.467796       0.532205      -0.067446       0.025556
       3.536000       0.466980       0.533021      -0.067740       0.025467
       3.552000       0.466166       0.533835      -0.068015       0.025417
       3.568000       0.465353       0.534648      -0.068275       0.025390
       3.584000       0.464541       0.535460      -0.068524       0.025369
       3.600000       0.463730       0.536271      -0.068766       0.025339
       3.616000       0.462920       0.537081      -0.069001       0.025290
       3.632000       0.462111       0.537890      -0.069227       0.025220
       3.648000       0.461306       0.538695      -0.069436       0.025129
       3.664000       0.460503       0.539498      -0.069619       0.025021
       3.680000       0.459705       0.540296      -0.069770       0.024893
       3.696000       0.458910       0.541091      -0.069890       0.024744
       3.712000       0.458121       0.541880      -0.069985       0.024566
       3.728000       0.457338       0.542662      -0.070069       0.024350
       3.744000       0.456563       0.543438      -0.070158       0.024088
       3.760000       0.455797       0.544204      -0.070273       0.023777
       3.776000       0.455042       0.544959      -0.070431       0.023414
       3.792000       0.454299       0.545702      -0.070640       0.023008
       3.808000       0.453570       0.546431      -0.070903       0.022568
       3.824000       0.452855       0.547146      -0.071216       0.022111
       3.840000       0.452155       0.547846      -0.071569       0.021652
       3.856000       0.451469       0.548532      -0.071954       0.021210
       3.872000       0.450797       0.549204      -0.072363       0.020802
       3.888000       0.450137       0.549864      -0.072789       0.020449
       3.904000       0.449488       0.550513      -0.073223       0.020170
       3.920000       0.448845       0.551155      -0.073650       0.019982
       3.936000       0.448208       0.551793      -0.074054       0.019897
       3.952000       0.447571       0.552430      -0.074417       0.019916
       3.968000       0.446932       0.553069      -0.074724       0.020030
       3.984000       0.446288       0.553713      -0.074965       0.020221
       4.000000       0.445637       0.554364      -0.075138       0.020464
       4.016000       0.444978       0.555023      -0.075248       0.020733
       4.032000       0.444310       0.555691      -0.075308       0.021005
       4.048000       0.443634       0.556367      -0.075331       0.021265
       4.064000       0.442950       0.557051      -0.075328       0.021507
       4.080000       0.442258       0.557743      -0.075305       0.021728
       4.096000       0.441559       0.558442      -0.075261       0.021932
       4.112000       0.440854       0.559147      -0.075191       0.022117
       4.128000       0.440144       0.559857      -0.075088       0.022284
       4.144000       0.439428       0.560573      -0.074951       0.022425
       4.160000       0.438709       0.561292      -0.074785       0.022534
       4.176000       0.437987       0.562014      -0.074602       0.022602
       4.192000       0.437263       0.562738      -0.074419       0.022623
       4.208000       0.436539       0.563462      -0.074258       0.022594
       4.224000       0.435817       0.564183      -0.074137       0.022514
       4.240000       0.435099       0.564902      -0.074066       0.022389
       4.256000       0.434385       0.565616      -0.074049       0.022226
       4.272000       0.433677       0.566324      -0.074080       0.022034
       4.288000       0.432975       0.567026      -0.074149       0.021821
       4.304000       0.432280       0.567721      -0.074244       0.021594
       4.320000       0.431593       0.568408      -0.074355       0.021360
       4.336000       0.430913       0.569088      -0.074476       0.021123
       4.352000       0.430241       0.569760      -0.074606       0.020888
       4.368000       0.429576       0.570424      -0.074748       0.020657
       4.384000       0.428919       0.571082      -0.074906       0.020432
       4.400000       0.428269       0.571732      -0.075086       0.020213
       4.416000       0.427625       0.572376      -0.075289       0.019996
       4.432000       0.426989       0.573012      -0.075511       0.019777
       4.448000       0.426360       0.573641      -0.075749       0.019547
       4.464000       0.425738       0.574263      -0.075997       0.019300
       4.480000       0.425125       0.574876      -0.076254       0.019031
       4.496000       0.424520       0.575481      -0.076521       0.018740
       4.512000       0.423926       0.576075      -0.076803       0.018431
       4.528000       0.423341       0.576660      -0.077106       0.018116
       4.544000       0.422766       0.577235      -0.077435       0.017806
       4.560000       0.422201       0.577800      -0.077791       0.017516
       4.576000       0.421645       0.578356      -0.078172       0.017259
       4.592000       0.421096       0.578905      -0.078570       0.017042
       4.608000       0.420554       0.579447      -0.078971       0.016864
       4.624000       0.420016       0.579984      -0.079364       0.016719
       4.640000       0.419483       0.580517      -0.079731       0.016594
       4.656000       0.418954       0.581047      -0.080063       0.016474
       4.672000       0.418429       0.581572      -0.080352       0.016345
       4.688000       0.417908       0.582093      -0.080597       0.016201
       4.704000       0.417393       0.582608      -0.080805       0.016042
       4.720000       0.416882       0.583119      -0.080986       0.015880
       4.736000       0.416376       0.583625      -0.081150       0.015730
       4.752000       0.415875       0.584126      -0.081307       0.015611
       4.768000       0.415377       0.584624      -0.081461       0.015535
       4.784000       0.414880       0.585121      -0.081613       0.015512
       4.800000       0.414383       0.585618      -0.081757       0.015538
       4.816000       0.413885       0.586116      -0.081890       0.015606
       4.832000       0.413384       0.586617      -0.082008       0.015700
       4.848000       0.412880       0.587121      -0.082110       0.015807
       4.864000       0.412373       0.587628      -0.082196       0.015912
       4.880000       0.411862       0.588139      -0.082270       0.016006
       4.896000       0.411348       0.588653      -0.082333       0.016083
       4.912000       0.410833       0.589168      -0.082390       0.016142
       4.928000       0.410315       0.589686      -0.082447       0.016187
       4.944000       0.409797       0.590204      -0.082509       0.016221
       4.960000       0.409277       0.590724      -0.082582       0.016248
       4.976000       0.408757       0.591244      -0.082667       0.016266
       4.992000       0.408236       0.591765      -0.082762       0.016269
       5.008000       0.407716       0.592285      -0.082864       0.016247
       5.024000       0.407197       0.592804      -0.082972       0.016189
       5.040000       0.406681       0.593320      -0.083086       0.016085
       5.056000       0.406168       0.593833      -0.083211       0.015928
       5.072000       0.405662       0.594339      -0.083352       0.015722
       5.088000       0.405162       0.594839      -0.083511       0.015477
       5.104000       0.404671       0.595330      -0.083687       0.015211
       5.120000       0.404189       0.595812      -0.083873       0.014948
       5.136000       0.403714       0.596287      -0.084059       0.014710
       5.152000       0.403247       0.596754      -0.084235       0.014514
       5.168000       0.402785       0.597216      -0.084396       0.014372
       5.184000       0.402327       0.597674      -0.084539       0.014285
       5.200000       0.401870       0.598131      -0.084668       0.014249
       5.216000       0.401414       0.598587      -0.084787       0.014254
       5.232000       0.400958       0.599043      -0.084900       0.014287
       5.248000       0.400500       0.599501      -0.085009       0.014332
       5.264000       0.400040       0.599961      -0.085111       0.014375
       5.280000       0.399580       0.600421      -0.085204       0.014404
       5.296000       0.399119       0.600882      -0.085287       0.014416
       5.312000       0.398657       0.601344      -0.085365       0.014411
       5.328000       0.398196       0.601805      -0.085446       0.014397
       5.344000       0.397736       0.602265      -0.085541       0.014385
       5.360000       0.397276       0.602725      -0.085661       0.014389
       5.376000       0.396815       0.603186      -0.085808       0.014421
       5.392000       0.396352       0.603649      -0.085978       0.014489
       5.408000       0.395887       0.604114      -0.086159       0.014595
       5.424000       0.395418       0.604583      -0.086335       0.014733
       5.440000       0.394944       0.605057      -0.086493       0.014891
       5.456000       0.394465       0.605536      -0.086625       0.015056
       5.472000       0.393980       0.606021      -0.086733       0.015214
       5.488000       0.393491       0.606510      -0.086822       0.015353
       5.504000       0.392998       0.607003      -0.086903       0.015472
       5.520000       0.392501       0.607500      -0.086984       0.015571
       5.536000       0.392002       0.607999      -0.087070       0.015658
       5.552000       0.391499       0.608502      -0.087157       0.015742
       5.568000       0.390994       0.609007      -0.087237       0.015826
       5.584000       0.390486       0.609515      -0.087300       0.015910
       5.600000       0.389976       0.610025      -0.087335       0.015982
       5.616000       0.389464       0.610537      -0.087337       0.016030
       5.632000       0.388951       0.611050      -0.087305       0.016034
       5.648000       0.388438       0.611563      -0.087243       0.015980
       5.664000       0.387929       0.612072      -0.087162       0.015851
       5.680000       0.387425       0.612576      -0.087075       0.015640
       5.696000       0.386929       0.613072      -0.086996       0.015343
       5.712000       0.386444       0.613558      -0.086940       0.014965
       5.728000       0.385972       0.614029      -0.086916       0.014520
       5.744000       0.385515       0.614486      -0.086931       0.014027
       5.760000       0.385074       0.614927      -0.086987       0.013510
       5.776000       0.384650       0.615351      -0.087081       0.012999
       5.792000       0.384242       0.615759      -0.087207       0.012520
       5.808000       0.383848       0.616153      -0.087358       0.012093
       5.824000       0.383467       0.616534      -0.087524       0.011733
       5.840000       0.383097       0.616904      -0.087699       0.011439
       5.856000       0.382734       0.617267      -0.087881       0.011203
       5.872000       0.382379       0.617622      -0.088075       0.011006
       5.888000       0.382030       0.617971      -0.088295       0.010829
       5.904000       0.381686       0.618315      -0.088551       0.010661
       5.920000       0.381347       0.618654      -0.088853       0.010504
       5.936000       0.381014       0.618988      -0.089198       0.010372
       5.952000       0.380683       0.619318      -0.089569       0.010286
       5.968000       0.380354       0.619647      -0.089940       0.010266
       5.984000       0.380025       0.619976      -0.090285       0.010321
       6.000000       0.379693       0.620308      -0.090579       0.010449
       6.016000       0.379356       0.620645      -0.090808       0.010636
       6.032000       0.379012       0.620989      -0.090973       0.010865
       6.048000       0.378660       0.621341      -0.091087       0.011116
       6.064000       0.378300       0.621701      -0.091168       0.011377
       6.080000       0.377932       0.622069      -0.091237       0.011638
       6.096000       0.377556       0.622445      -0.091306       0.011893
       6.112000       0.377171       0.622830      -0.091379       0.012135
       6.128000       0.376779       0.623222      -0.091452       0.012355
       6.144000       0.376381       0.623620      -0.091513       0.012545
       6.160000       0.375977       0.624024      -0.091553       0.012694
       6.176000       0.375569       0.624432      -0.091567       0.012796
       6.192000       0.375158       0.624843      -0.091553       0.012847
       6.208000       0.374747       0.625254      -0.091515       0.012853
       6.224000       0.374336       0.625665      -0.091461       0.012822
       6.240000       0.373927       0.626074      -0.091396       0.012769
       6.256000       0.373519       0.626482      -0.091324       0.012708
       6.272000       0.373113       0.626888      -0.091243       0.012648
       6.288000       0.372710       0.627291      -0.091152       0.012590
       6.304000       0.372308       0.627693      -0.091044       0.012531
       6.320000       0.371908       0.628093      -0.090918       0.012464
       6.336000       0.371510       0.628491      -0.090772       0.012384
       6.352000       0.371115       0.628886      -0.090612       0.012289
       6.368000       0.370724       0.629277      -0.090446       0.012183
       6.384000       0.370336       0.629665      -0.090285       0.012072
       6.400000       0.369951       0.630050      -0.090141       0.011961
       6.416000       0.369570       0.630431      -0.090023       0.011855
       6.432000       0.369192       0.630809      -0.089934       0.011755
       6.448000       0.368818       0.631183      -0.089877       0.011660
       6.464000       0.368446       0.631555      -0.089849       0.011561
       6.480000       0.368078       0.631923      -0.089850       0.011450
       6.496000       0.367714       0.632287      -0.089875       0.011313
       6.512000       0.367354       0.632647      -0.089922       0.011137
       6.528000       0.367001       0.633000      -0.089986       0.010910
       6.544000       0.366657       0.633344      -0.090068       0.010622
       6.560000       0.366322       0.633679      -0.090169       0.010274
       6.576000       0.366000       0.634001      -0.090296       0.009872
       6.592000       0.365691       0.634310      -0.090457       0.009436
       6.608000       0.365396       0.634605      -0.090660       0.008992
       6.624000       0.365115       0.634886      -0.090906       0.008573
       6.640000       0.364847       0.635154      -0.091192       0.008209
       6.656000       0.364589       0.635412      -0.091505       0.007921
       6.672000       0.364339       0.635662      -0.091827       0.007723
       6.688000       0.364094       0.635907      -0.092141       0.007614
       6.704000       0.363851       0.636150      -0.092429       0.007583
       6.720000       0.363608       0.636393      -0.092681       0.007615
       6.736000       0.363363       0.636638      -0.092893       0.007688
       6.752000       0.363115       0.636886      -0.093066       0.007786
       6.768000       0.362864       0.637137      -0.093207       0.007899
       6.784000       0.362610       0.637391      -0.093320       0.008022
       6.800000       0.362351       0.637650      -0.093408       0.008158
       6.816000       0.362087       0.637914      -0.093469       0.008311
       6.832000       0.361819       0.638182      -0.093499       0.008484
       6.848000       0.361544       0.638457      -0.093493       0.008677
       6.864000       0.361263       0.638738      -0.093452       0.008889
       6.880000       0.360975       0.639026      -0.093381       0.009112
       6.896000       0.360680       0.639321      -0.093290       0.009338
       6.912000       0.360378       0.639623      -0.093191       0.009557
       6.928000       0.360069       0.639933      -0.093094       0.009760
       6.944000       0.359753       0.640248      -0.093008       0.009939
       6.960000       0.359433       0.640568      -0.092932       0.010088
       6.976000       0.359108       0.640893      -0.092868       0.010203
       6.992000       0.358780       0.641221      -0.092815       0.010283
       7.008000       0.358450       0.641551      -0.092771       0.010329
       7.024000       0.358119       0.641882      -0.092736       0.010346
       7.040000       0.357788       0.642213      -0.092709       0.010342
       7.056000       0.357458       0.642544      -0.092687       0.010326
       7.072000       0.357128       0.642874      -0.092669       0.010306
       7.088000       0.356798       0.643203      -0.092653       0.010280
       7.104000       0.356470       0.643531      -0.092639       0.010244
       7.120000       0.356143       0.643858      -0.092631       0.010184
       7.136000       0.355818       0.644183      -0.092634       0.010089
       7.152000       0.355498       0.644504      -0.092654       0.009949
       7.168000       0.355182       0.644819      -0.092696       0.009761
       7.184000       0.354873       0.645128      -0.092761       0.009526
       7.200000       0.354573       0.645428      -0.092849       0.009256
       7.216000       0.354281       0.645720      -0.092958       0.008965
       7.232000       0.353999       0.646002      -0.093080       0.008669
       7.248000       0.353726       0.646275      -0.093212       0.008384
       7.264000       0.353462       0.646539      -0.093349       0.008123
       7.280000       0.353206       0.646795      -0.093488       0.007894
       7.296000       0.352957       0.647044      -0.093627       0.007698
       7.312000       0.352713       0.647288      -0.093766       0.007533
       7.328000       0.352474       0.647527      -0.093899       0.007388
       7.344000       0.352240       0.647761      -0.094024       0.007249
       7.360000       0.352011       0.647991      -0.094138       0.007100
       7.376000       0.351786       0.648215      -0.094243       0.006925
       7.392000       0.351568       0.648433      -0.094346       0.006715
       7.408000       0.351357       0.648644      -0.094455       0.006465
       7.424000       0.351154       0.648847      -0.094582       0.006181
       7.440000       0.350961       0.649040      -0.094737       0.005879
       7.456000       0.350778       0.649223      -0.094933       0.005580
       7.472000       0.350604       0.649397      -0.095175       0.005313
       7.488000       0.350437       0.649564      -0.095465       0.005105
       7.504000       0.350276       0.649725      -0.095795       0.004977
       7.520000       0.350118       0.649883      -0.096151       0.004944
       7.536000       0.349959       0.650042      -0.096515       0.005005
       7.552000       0.349797       0.650205      -0.096865       0.005152
       7.568000       0.349629       0.650373      -0.097183       0.005367
       7.584000       0.349453       0.650549      -0.097455       0.005629
       7.600000       0.349268       0.650733      -0.097670       0.005919
       7.616000       0.349074       0.650927      -0.097821       0.006219
       7.632000       0.348870       0.651131      -0.097908       0.006518
       7.648000       0.348657       0.651345      -0.097934       0.006813
       7.664000       0.348434       0.651567      -0.097906       0.007102
       7.680000       0.348202       0.651799      -0.097830       0.007388
       7.696000       0.347961       0.652040      -0.097714       0.007668
       7.712000       0.347712       0.652290      -0.097566       0.007935
       7.728000       0.347454       0.652548      -0.097391       0.008175
       7.744000       0.347189       0.652812      -0.097199       0.008372
       7.760000       0.346919       0.653083      -0.096996       0.008509
       7.776000       0.346645       0.653356      -0.096791       0.008575
       7.792000       0.346371       0.653631      -0.096593       0.008563
       7.808000       0.346098       0.653904      -0.096413       0.008479
       7.824000       0.345829       0.654173      -0.096257       0.008335
       7.840000       0.345565       0.654437      -0.096130       0.008154
       7.856000       0.345307       0.654694      -0.096028       0.007959
       7.872000       0.345055       0.654946      -0.095944       0.007772
       7.888000       0.344809       0.655192      -0.095867       0.007611
       7.904000       0.344568       0.655434      -0.095787       0.007485
       7.920000       0.344330       0.655671      -0.095701       0.007393
       7.936000       0.344094       0.655907      -0.095608       0.007330
       7.952000       0.343860       0.656141      -0.095517       0.007285
       7.968000       0.343628       0.656373      -0.095436       0.007250
       7.984000       0.343396       0.656605      -0.095379       0.007217
       8.000000       0.343166       0.656835      -0.095352       0.007181
       8.016000       0.342937       0.657064      -0.095361       0.007141
       8.032000       0.342709       0.657292      -0.095402       0.007092
       8.048000       0.342483       0.657518      -0.095470       0.007026
       8.064000       0.342260       0.657741      -0.095559       0.006936
       8.080000       0.342040       0.657962      -0.095666       0.006817
       8.096000       0.341824       0.658177      -0.095786       0.006668
       8.112000       0.341613       0.658388      -0.095918       0.006496
       8.128000       0.341408       0.658593      -0.096059       0.006311
       8.144000       0.341209       0.658792      -0.096207       0.006122
       8.160000       0.341016       0.658985      -0.096357       0.005938
       8.176000       0.340829       0.659172      -0.096504       0.005762
       8.192000       0.340647       0.659354      -0.096643       0.005595
       8.208000       0.340471       0.659530      -0.096771       0.005433
       8.224000       0.340300       0.659701      -0.096887       0.005270
       8.240000       0.340134       0.659867      -0.096990       0.005095
       8.256000       0.339974       0.660027      -0.097083       0.004903
       8.272000       0.339820       0.660181      -0.097168       0.004687
       8.288000       0.339674       0.660327      -0.097248       0.004450
       8.304000       0.339536       0.660465      -0.097322       0.004198
       8.320000       0.339405       0.660596      -0.097392       0.003942
       8.336000       0.339283       0.660718      -0.097460       0.003690
       8.352000       0.339169       0.660832      -0.097529       0.003451
       8.368000       0.339062       0.660939      -0.097607       0.003232
       8.384000       0.338962       0.661039      -0.097698       0.003039
       8.400000       0.338867       0.661134      -0.097805       0.002876
       8.416000       0.338778       0.661224      -0.097929       0.002748
       8.432000       0.338691       0.661310      -0.098064       0.002658
       8.448000       0.338607       0.661394      -0.098204       0.002604
       8.464000       0.338524       0.661477      -0.098343       0.002586
       8.480000       0.338441       0.661560      -0.098475       0.002602
       8.496000       0.338357       0.661644      -0.098595       0.002652
       8.512000       0.338271       0.661730      -0.098698       0.002736
       8.528000       0.338182       0.661820      -0.098778       0.002855
       8.544000       0.338088       0.661913      -0.098828       0.003007
       8.560000       0.337989       0.662012      -0.098841       0.003184
       8.576000       0.337884       0.662117      -0.098813       0.003375
       8.592000       0.337773       0.662228      -0.098742       0.003562
       8.608000       0.337656       0.662345      -0.098636       0.003721
       8.624000       0.337535       0.662466      -0.098506       0.003833
       8.640000       0.337412       0.662589      -0.098372       0.003881
       8.656000       0.337288       0.662714      -0.098256       0.003862
       8.672000       0.337165       0.662836      -0.098180       0.003783
       8.688000       0.337046       0.662955      -0.098158       0.003663
       8.704000       0.336931       0.663070      -0.098196       0.003529
       8.720000       0.336820       0.663181      -0.098289       0.003412
       8.736000       0.336712       0.663289      -0.098422       0.003337
       8.752000       0.336606       0.663395      -0.098572       0.003321
       8.768000       0.336499       0.663502      -0.098719       0.003368
       8.784000       0.336390       0.663612      -0.098845       0.003471
       8.800000       0.336276       0.663725      -0.098942       0.003615
       8.816000       0.336158       0.663843      -0.099008       0.003778
       8.832000       0.336034       0.663967      -0.099050       0.003944
       8.848000       0.335906       0.664095      -0.099078       0.004095
       8.864000       0.335773       0.664229      -0.099103       0.004226
       8.880000       0.335636       0.664366      -0.099135       0.004333
       8.896000       0.335495       0.664506      -0.099180       0.004421
       8.912000       0.335353       0.664648      -0.099239       0.004498
       8.928000       0.335208       0.664794      -0.099309       0.004571
       8.944000       0.335060       0.664941      -0.099383       0.004643
       8.960000       0.334910       0.665091      -0.099453       0.004714
       8.976000       0.334759       0.665243      -0.099511       0.004777
       8.992000       0.334605       0.665396      -0.099553       0.004823
       9.008000       0.334450       0.665551      -0.099575       0.004843
       9.024000       0.334295       0.665706      -0.099579       0.004826
       9.040000       0.334142       0.665860      -0.099566       0.004768
       9.056000       0.333991       0.666011      -0.099539       0.004666
       9.072000       0.333844       0.666158      -0.099503       0.004521
       9.088000       0.333702       0.666300      -0.099463       0.004335
       9.104000       0.333566       0.666435      -0.099425       0.004117
       9.120000       0.333438       0.666563      -0.099397       0.003878
       9.136000       0.333318       0.666683      -0.099385       0.003630
       9.152000       0.333206       0.666795      -0.099395       0.003383
       9.168000       0.333102       0.666900      -0.099427       0.003142
       9.184000       0.333005       0.666996      -0.099484       0.002909
       9.200000       0.332915       0.667086      -0.099567       0.002681
       9.216000       0.332833       0.667168      -0.099674       0.002455
       9.232000       0.332758       0.667243      -0.099803       0.002228
       9.248000       0.332691       0.667311      -0.099951       0.001998
       9.264000       0.332630       0.667371      -0.100113       0.001768
       9.280000       0.332577       0.667424      -0.100286       0.001545
       9.296000       0.332531       0.667470      -0.100465       0.001344
       9.312000       0.332491       0.667510      -0.100645       0.001180
       9.328000       0.332455       0.667546      -0.100816       0.001070
       9.344000       0.332422       0.667579      -0.100970       0.001029
       9.360000       0.332389       0.667613      -0.101098       0.001064
       9.376000       0.332353       0.667648      -0.101192       0.001177
       9.392000       0.332312       0.667689      -0.101248       0.001363
       9.408000       0.332265       0.667736      -0.101265       0.001609
       9.424000       0.332209       0.667792      -0.101243       0.001898
       9.440000       0.332143       0.667858      -0.101186       0.002211
       9.456000       0.332067       0.667934      -0.101095       0.002526
       9.472000       0.331982       0.668019      -0.100973       0.002829
       9.488000       0.331887       0.668114      -0.100824       0.003105
       9.504000       0.331783       0.668218      -0.100653       0.003348
       9.520000       0.331673       0.668328      -0.100469       0.003551
       9.536000       0.331556       0.668445      -0.100279       0.003717
       9.552000       0.331435       0.668566      -0.100092       0.003850
       9.568000       0.331310       0.668691      -0.099917       0.003957
       9.584000       0.331182       0.668819      -0.099762       0.004046
       9.600000       0.331052       0.668949      -0.099635       0.004124
       9.616000       0.330918       0.669083      -0.099545       0.004195
       9.632000       0.330783       0.669218      -0.099499       0.004258
       9.648000       0.330646       0.669355      -0.099503       0.004312
       9.664000       0.330507       0.669494      -0.099554       0.004353
       9.680000       0.330368       0.669633      -0.099651       0.004378
       9.696000       0.330227       0.669774      -0.099786       0.004385
       9.712000       0.330087       0.669914      -0.099952       0.004380
       9.728000       0.329947       0.670054      -0.100139       0.004373
       9.744000       0.329807       0.670194      -0.100338       0.004378
       9.760000       0.329667       0.670334      -0.100535       0.004408
       9.776000       0.329525       0.670476      -0.100717       0.004472
       9.792000       0.329380       0.670621      -0.100873       0.004574
       9.808000       0.329232       0.670770      -0.100997       0.004706
       9.824000       0.329079       0.670923      -0.101087       0.004856
       9.840000       0.328921       0.671080      -0.101147       0.005002
       9.856000       0.328759       0.671242      -0.101185       0.005123
       9.872000       0.328593       0.671408      -0.101211       0.005201
       9.888000       0.328426       0.671575      -0.101232       0.005224
       9.904000       0.328260       0.671742      -0.101253       0.005193
       9.920000       0.328095       0.671907      -0.101274       0.005118
       9.936000       0.327932       0.672069      -0.101288       0.005015
       9.952000       0.327774       0.672227      -0.101287       0.004898
       9.968000       0.327619       0.672382      -0.101265       0.004780
       9.984000       0.327468       0.672534      -0.101221       0.004670
      10.000000       0.327320       0.672681      -0.101160       0.004571
      10.016000       0.327175       0.672826      -0.101094       0.004487
      10.032000       0.327033       0.672969      -0.101036       0.004418
      10.048000       0.326892       0.673109      -0.100997       0.004364
      10.064000       0.326753       0.673248      -0.100983       0.004319
      10.080000       0.326616       0.673386      -0.100995       0.004276
      10.096000       0.326480       0.673522      -0.101023       0.004227
      10.112000       0.326345       0.673656      -0.101058       0.004163
      10.128000       0.326213       0.673788      -0.101087       0.004081
      10.144000       0.326084       0.673917      -0.101096       0.003981
      10.160000       0.325959       0.674042      -0.101076       0.003866
      10.176000       0.325837       0.674164      -0.101025       0.003739
      10.192000       0.325720       0.674282      -0.100943       0.003605
      10.208000       0.325606       0.674395      -0.100842       0.003465
      10.224000       0.325498       0.674503      -0.100733       0.003318
      10.240000       0.325394       0.674607      -0.100630       0.003161
      10.256000       0.325296       0.674706      -0.100544       0.002991
      10.272000       0.325203       0.674798      -0.100484       0.002806
      10.288000       0.325116       0.674885      -0.100451       0.002602
      10.304000       0.325037       0.674965      -0.100447       0.002379
      10.320000       0.324964       0.675037      -0.100470       0.002144
      10.336000       0.324899       0.675102      -0.100519       0.001906
      10.352000       0.324842       0.675159      -0.100594       0.001682
      10.368000       0.324791       0.675210      -0.100692       0.001495
      10.384000       0.324746       0.675255      -0.100809       0.001366
      10.400000       0.324703       0.675298      -0.100937       0.001314
      10.416000       0.324661       0.675340      -0.101065       0.001348
      10.432000       0.324616       0.675385      -0.101182       0.001466
      10.448000       0.324566       0.675435      -0.101278       0.001649
      10.464000       0.324510       0.675491      -0.101349       0.001869
      10.480000       0.324447       0.675554      -0.101398       0.002089
      10.496000       0.324377       0.675624      -0.101437       0.002277
      10.512000       0.324302       0.675700      -0.101484       0.002407
      10.528000       0.324223       0.675778      -0.101554       0.002470
      10.544000       0.324144       0.675857      -0.101661       0.002474
      10.560000       0.324065       0.675936      -0.101806       0.002438
      10.576000       0.323988       0.676013      -0.101985       0.002389
      10.592000       0.323912       0.676089      -0.102185       0.002348
      10.608000       0.323838       0.676163      -0.102392       0.002332
      10.624000       0.323763       0.676238      -0.102596       0.002346
      10.640000       0.323687       0.676314      -0.102796       0.002391
      10.656000       0.323610       0.676391      -0.102992       0.002460
      10.672000       0.323529       0.676472      -0.103187       0.002550
      10.688000       0.323446       0.676555      -0.103382       0.002654
      10.704000       0.323359       0.676641      -0.103569       0.002767
      10.720000       0.323269       0.676732      -0.103739       0.002884
      10.736000       0.323175       0.676826      -0.103880       0.002999
      10.752000       0.323077       0.676924      -0.103981       0.003110
      10.768000       0.322976       0.677025      -0.104036       0.003213
      10.784000       0.322872       0.677129      -0.104039       0.003310
      10.800000       0.322764       0.677237      -0.103992       0.003405
      10.816000       0.322654       0.677347      -0.103900       0.003503
      10.832000       0.322540       0.677461      -0.103773       0.003607
      10.848000       0.322423       0.677578      -0.103623       0.003719
      10.864000       0.322302       0.677699      -0.103461       0.003838
      10.880000       0.322177       0.677824      -0.103296       0.003958
      10.896000       0.322049       0.677952      -0.103130       0.004076
      10.912000       0.321916       0.678085      -0.102963       0.004182
      10.928000       0.321781       0.678220      -0.102790       0.004270
      10.944000       0.321643       0.678358      -0.102608       0.004332
      10.960000       0.321504       0.678497      -0.102415       0.004362
      10.976000       0.321365       0.678636      -0.102213       0.004353
      10.992000       0.321226       0.678775      -0.102007       0.004305
      11.008000       0.321090       0.678911      -0.101805       0.004222
      11.024000       0.320956       0.679045      -0.101617       0.004112
      11.040000       0.320827       0.679174      -0.101456       0.003987
      11.056000       0.320701       0.679300      -0.101331       0.003854
      11.072000       0.320580       0.679421      -0.101251       0.003719
      11.088000       0.320463       0.679538      -0.101216       0.003581
      11.104000       0.320351       0.679650      -0.101225       0.003435
      11.120000       0.320244       0.679757      -0.101270       0.003270
      11.136000       0.320142       0.679859      -0.101344       0.003077
      11.152000       0.320047       0.679954      -0.101435       0.002850
      11.168000       0.319960       0.680041      -0.101536       0.002588
      11.184000       0.319882       0.680119      -0.101639       0.002299
      11.200000       0.319813       0.680188      -0.101742       0.001999
      11.216000       0.319754       0.680247      -0.101842       0.001709
      11.232000       0.319703       0.680298      -0.101941       0.001450
      11.248000       0.319661       0.680341      -0.102040       0.001242
      11.264000       0.319623       0.680378      -0.102138       0.001098
      11.280000       0.319590       0.680412      -0.102233       0.001023
      11.296000       0.319557       0.680444      -0.102321       0.001015
      11.312000       0.319524       0.680477      -0.102396       0.001059
      11.328000       0.319489       0.680512      -0.102455       0.001136
      11.344000       0.319451       0.680550      -0.102496       0.001218
      11.360000       0.319411       0.680590      -0.102521       0.001281
      11.376000       0.319370       0.680631      -0.102532       0.001302
      11.392000       0.319329       0.680673      -0.102535       0.001268
      11.408000       0.319289       0.680712      -0.102532       0.001175
      11.424000       0.319254       0.680747      -0.102529       0.001029
      11.440000       0.319224       0.680777      -0.102529       0.000844
      11.456000       0.319200       0.680801      -0.102533       0.000637
      11.472000       0.319183       0.680818      -0.102544       0.000432
      11.488000       0.319172       0.680829      -0.102564       0.000250
      11.504000       0.319167       0.680834      -0.102594       0.000110
      11.520000       0.319165       0.680836      -0.102631       0.000023
      11.536000       0.319164       0.680837      -0.102670      -0.000002
      11.552000       0.319164       0.680837      -0.102703       0.000032
      11.568000       0.319162       0.680839      -0.102722       0.000122
      11.584000       0.319156       0.680845      -0.102718       0.000254
      11.600000       0.319145       0.680856      -0.102690       0.000417
      11.616000       0.319129       0.680872      -0.102639       0.000595
      11.632000       0.319107       0.680894      -0.102574       0.000777
      11.648000       0.319079       0.680922      -0.102506       0.000957
      11.664000       0.319046       0.680955      -0.102444       0.001132
      11.680000       0.319007       0.680994      -0.102396       0.001300
      11.696000       0.318963       0.681038      -0.102368       0.001464
      11.712000       0.318913       0.681088      -0.102361       0.001624
      11.728000       0.318859       0.681142      -0.102375       0.001780
      11.744000       0.318799       0.681202      -0.102407       0.001927
      11.760000       0.318735       0.681265      -0.102458       0.002059
      11.776000       0.318668       0.681333      -0.102532       0.002167
      11.792000       0.318597       0.681404      -0.102633       0.002248
      11.808000       0.318524       0.681477      -0.102767       0.002307
      11.824000       0.318450       0.681551      -0.102936       0.002358
      11.840000       0.318373       0.681628      -0.103135       0.002422
      11.856000       0.318294       0.681707      -0.103353       0.002524
      11.872000       0.318211       0.681790      -0.103573       0.002684
      11.888000       0.318122       0.681879      -0.103775       0.002914
      11.904000       0.318024       0.681977      -0.103943       0.003213
      11.920000       0.317915       0.682085      -0.104066       0.003569
      11.936000       0.317795       0.682206      -0.104141       0.003959
      11.952000       0.317662       0.682339      -0.104166       0.004360
      11.968000       0.317516       0.682485      -0.104146       0.004747
      11.984000       0.317359       0.682642      -0.104079       0.005097
      12.000000       0.317191       0.682810      -0.103965       0.005395
      12.016000       0.317014       0.682987      -0.103804       0.005628
      12.032000       0.316831       0.683170      -0.103600       0.005788
      12.048000       0.316644       0.683357      -0.103363       0.005873
      12.064000       0.316456       0.683545      -0.103104       0.005887
      12.080000       0.316268       0.683733      -0.102837       0.005837
      12.096000       0.316083       0.683918      -0.102575       0.005728
      12.112000       0.315902       0.684099      -0.102325       0.005566
      12.128000       0.315728       0.684274      -0.102097       0.005349
      12.144000       0.315561       0.684440      -0.101896       0.005072
      12.160000       0.315404       0.684597      -0.101731       0.004731
      12.176000       0.315259       0.684743      -0.101610       0.004325
      12.192000       0.315127       0.684874      -0.101538       0.003863
      12.208000       0.315012       0.684989      -0.101519       0.003360
      12.224000       0.314913       0.685089      -0.101551       0.002841
      12.240000       0.314830       0.685171      -0.101624       0.002330
      12.256000       0.314763       0.685238      -0.101724       0.001850
      12.272000       0.314711       0.685290      -0.101836       0.001418
      12.288000       0.314672       0.685329      -0.101947       0.001043
      12.304000       0.314644       0.685358      -0.102048       0.000731
      12.320000       0.314624       0.685377      -0.102136       0.000480
      12.336000       0.314612       0.685389      -0.102213       0.000281
      12.352000       0.314606       0.685395      -0.102284       0.000121
      12.368000       0.314604       0.685397      -0.102355      -0.000013
      12.384000       0.314607       0.685394      -0.102431      -0.000132
      12.400000       0.314613       0.685388      -0.102513      -0.000243
      12.416000       0.314622       0.685379      -0.102602      -0.000341
      12.432000       0.314634       0.685367      -0.102692      -0.000415
      12.448000       0.314648       0.685353      -0.102777      -0.000447
      12.464000       0.314662       0.685339      -0.102853      -0.000420
      12.480000       0.314674       0.685327      -0.102914      -0.000319
      12.496000       0.314682       0.685319      -0.102953      -0.000140
      12.512000       0.314682       0.685318      -0.102970       0.000108
      12.528000       0.314674       0.685327      -0.102966       0.000409
      12.544000       0.314656       0.685345      -0.102944       0.000738
      12.560000       0.314627       0.685374      -0.102917       0.001066
      12.576000       0.314588       0.685413      -0.102895       0.001371
      12.592000       0.314540       0.685461      -0.102889       0.001636
      12.608000       0.314484       0.685517      -0.102904       0.001850
      12.624000       0.314422       0.685579      -0.102939       0.002012
      12.640000       0.314356       0.685645      -0.102986       0.002119
      12.656000       0.314287       0.685714      -0.103035       0.002175
      12.672000       0.314217       0.685784      -0.103078       0.002181
      12.688000       0.314148       0.685853      -0.103113       0.002144
      12.704000       0.314080       0.685921      -0.103147       0.002075
      12.720000       0.314015       0.685986      -0.103188       0.001990
      12.736000       0.313953       0.686048      -0.103248       0.001909
      12.752000       0.313893       0.686108      -0.103337       0.001852
      12.768000       0.313834       0.686167      -0.103454       0.001836
      12.784000       0.313775       0.686226      -0.103594       0.001872
      12.800000       0.313713       0.686288      -0.103742       0.001958
      12.816000       0.313649       0.686352      -0.103884       0.002082
      12.832000       0.313580       0.686421      -0.104008       0.002226
      12.848000       0.313506       0.686495      -0.104109       0.002370
      12.864000       0.313428       0.686573      -0.104190       0.002500
      12.880000       0.313347       0.686655      -0.104255       0.002611
      12.896000       0.313261       0.686740      -0.104305       0.002709
      12.912000       0.313173       0.686828      -0.104339       0.002802
      12.928000       0.313082       0.686919      -0.104353       0.002901
      12.944000       0.312987       0.687014      -0.104339       0.003014
      12.960000       0.312889       0.687112      -0.104289       0.003138
      12.976000       0.312787       0.687215      -0.104199       0.003265
      12.992000       0.312680       0.687321      -0.104068       0.003380
      13.008000       0.312570       0.687430      -0.103898       0.003466
      13.024000       0.312459       0.687542      -0.103694       0.003505
      13.040000       0.312347       0.687654      -0.103461       0.003487
      13.056000       0.312236       0.687765      -0.103207       0.003405
      13.072000       0.312129       0.687871      -0.102941       0.003265
      13.088000       0.312028       0.687973      -0.102674       0.003079
      13.104000       0.311933       0.688068      -0.102417       0.002866
      13.120000       0.311844       0.688156      -0.102183       0.002646
      13.136000       0.311763       0.688237      -0.101983       0.002433
      13.152000       0.311689       0.688312      -0.101827       0.002235
      13.168000       0.311620       0.688381      -0.101722       0.002054
      13.184000       0.311557       0.688444      -0.101671       0.001886
      13.200000       0.311499       0.688501      -0.101675       0.001725
      13.216000       0.311447       0.688554      -0.101728       0.001564
      13.232000       0.311399       0.688601      -0.101823       0.001398
      13.248000       0.311357       0.688643      -0.101951       0.001221
      13.264000       0.311321       0.688680      -0.102106       0.001034
      13.280000       0.311291       0.688709      -0.102283       0.000838
      13.296000       0.311267       0.688733      -0.102481       0.000643
      13.312000       0.311250       0.688751      -0.102699       0.000460
      13.328000       0.311238       0.688763      -0.102929       0.000305
      13.344000       0.311230       0.688771      -0.103161       0.000192
      13.360000       0.311225       0.688776      -0.103381       0.000131
      13.376000       0.311221       0.688780      -0.103575       0.000126
      13.392000       0.311216       0.688785      -0.103730       0.000174
      13.408000       0.311209       0.688791      -0.103840       0.000263
      13.424000       0.311199       0.688802      -0.103907       0.000373
      13.440000       0.311185       0.688815      -0.103939       0.000482
      13.456000       0.311169       0.688832      -0.103954       0.000567
      13.472000       0.311150       0.688851      -0.103966       0.000612
      13.488000       0.311130       0.688871      -0.103991       0.000609
      13.504000       0.311111       0.688890      -0.104036       0.000560
      13.520000       0.311094       0.688906      -0.104100       0.000473
      13.536000       0.311081       0.688920      -0.104174       0.000366
      13.552000       0.311071       0.688930      -0.104243       0.000255
      13.568000       0.311065       0.688936      -0.104294       0.000160
      13.584000       0.311061       0.688940      -0.104314       0.000094
      13.600000       0.311058       0.688943      -0.104300       0.000065
      13.616000       0.311056       0.688945      -0.104257       0.000076
      13.632000       0.311053       0.688948      -0.104194       0.000119
      13.648000       0.311048       0.688953      -0.104125       0.000185
      13.664000       0.311041       0.688960      -0.104057       0.000265
      13.680000       0.311031       0.688970      -0.103996       0.000350
      13.696000       0.311019       0.688982      -0.103942       0.000435
      13.712000       0.311003       0.688998      -0.103888       0.000522
      13.728000       0.310985       0.689016      -0.103826       0.000620
      13.744000       0.310963       0.689038      -0.103748       0.000738
      13.760000       0.310938       0.689064      -0.103644       0.000884
      13.776000       0.310907       0.689095      -0.103510       0.001060
      13.792000       0.310869       0.689132      -0.103341       0.001258
      13.808000       0.310826       0.689175      -0.103141       0.001462
      13.824000       0.310776       0.689225      -0.102913       0.001646
      13.840000       0.310721       0.689280      -0.102667       0.001779
      13.856000       0.310663       0.689338      -0.102414       0.001836
      13.872000       0.310605       0.689397      -0.102167       0.001798
      13.888000       0.310549       0.689452      -0.101936       0.001663
      13.904000       0.310499       0.689502      -0.101731       0.001445
      13.920000       0.310457       0.689544      -0.101557       0.001173
      13.936000       0.310424       0.689577      -0.101416       0.000884
      13.952000       0.310400       0.689601      -0.101307       0.000615
      13.968000       0.310384       0.689617      -0.101229       0.000392
      13.984000       0.310375       0.689627      -0.101184       0.000233
      14.000000       0.310369       0.689633      -0.101173       0.000141
      14.016000       0.310365       0.689637      -0.101200       0.000111
      14.032000       0.310361       0.689641      -0.101267       0.000137
      14.048000       0.310356       0.689646      -0.101375       0.000210
      14.064000       0.310347       0.689654      -0.101514       0.000323
      14.080000       0.310335       0.689667      -0.101672       0.000471
      14.096000       0.310317       0.689685      -0.101831       0.000647
      14.112000       0.310293       0.689709      -0.101977       0.000842
      14.128000       0.310263       0.689739      -0.102097       0.001044
      14.144000       0.310226       0.689776      -0.102182       0.001242
      14.160000       0.310184       0.689818      -0.102232       0.001423
      14.176000       0.310136       0.689867      -0.102250       0.001575
      14.192000       0.310083       0.689919      -0.102247       0.001688
      14.208000       0.310028       0.689974      -0.102237       0.001758
      14.224000       0.309971       0.690031      -0.102234       0.001784
      14.240000       0.309914       0.690088      -0.102249       0.001766
      14.256000       0.309858       0.690144      -0.102289       0.001710
      14.272000       0.309805       0.690197      -0.102355       0.001624
      14.288000       0.309755       0.690247      -0.102445       0.001521
      14.304000       0.309708       0.690294      -0.102553       0.001416
      14.320000       0.309664       0.690338      -0.102669       0.001327
      14.336000       0.309622       0.690379      -0.102785       0.001269
      14.352000       0.309582       0.690420      -0.102893       0.001255
      14.368000       0.309542       0.690460      -0.102986       0.001290
      14.384000       0.309499       0.690503      -0.103060       0.001377
      14.400000       0.309453       0.690549      -0.103109       0.001510
      14.416000       0.309402       0.690600      -0.103129       0.001679
      14.432000       0.309345       0.690656      -0.103114       0.001865
      14.448000       0.309283       0.690719      -0.103059       0.002043
      14.464000       0.309215       0.690787      -0.102961       0.002185
      14.480000       0.309144       0.690858      -0.102820       0.002264
      14.496000       0.309071       0.690931      -0.102640       0.002261
      14.512000       0.309000       0.691002      -0.102433       0.002165
      14.528000       0.308933       0.691068      -0.102218       0.001975
      14.544000       0.308874       0.691127      -0.102019       0.001701
      14.560000       0.308825       0.691176      -0.101862       0.001362
      14.576000       0.308788       0.691214      -0.101771       0.000982
      14.592000       0.308762       0.691239      -0.101760       0.000587
      14.608000       0.308750       0.691252      -0.101833       0.000202
      14.624000       0.308749       0.691252      -0.101983      -0.000152
      14.640000       0.308759       0.691242      -0.102193      -0.000467
      14.656000       0.308779       0.691223      -0.102441      -0.000739
      14.672000       0.308806       0.691195      -0.102703      -0.000976
      14.688000       0.308841       0.691161      -0.102962      -0.001193
      14.704000       0.308882       0.691119      -0.103205      -0.001403
      14.720000       0.308931       0.691071      -0.103435      -0.001616
      14.736000       0.308986       0.691016      -0.103656      -0.001837
      14.752000       0.309048       0.690953      -0.103878      -0.002061
      14.768000       0.309118       0.690884      -0.104106      -0.002277
      14.784000       0.309194       0.690808      -0.104343      -0.002468
      14.800000       0.309275       0.690726      -0.104586      -0.002616
      14.816000       0.309360       0.690641      -0.104825      -0.002702
      14.832000       0.309447       0.690554      -0.105049      -0.002710
      14.848000       0.309533       0.690469      -0.105248      -0.002635
      14.864000       0.309615       0.690387      -0.105413      -0.002481
      14.880000       0.309691       0.690311      -0.105541      -0.002256
      14.896000       0.309759       0.690243      -0.105632      -0.001978
      14.912000       0.309817       0.690184      -0.105688      -0.001664
      14.928000       0.309865       0.690136      -0.105714      -0.001330
      14.944000       0.309902       0.690099      -0.105711      -0.000990
      14.960000       0.309928       0.690073      -0.105678      -0.000651
      14.976000       0.309944       0.690057      -0.105612      -0.000316
      14.992000       0.309948       0.690053      -0.105511       0.000016
