      0.0461498      0.9978905      0.0021095      0.0062747      0.0452807
      0.0932414      0.9916304      0.0083696      0.0244652      0.0864248
      0.1403330      0.9818986      0.0181014      0.0515613      0.1184661
      0.1874247      0.9696750      0.0303250      0.0834789      0.1391172
      0.2345163      0.9560647      0.0439353      0.1159286      0.1480047
      0.2816079      0.9421253      0.0578747      0.1451972      0.1464380
      0.3286995      0.9287319      0.0712681      0.1686804      0.1368871
      0.3757911      0.9164972      0.0835028      0.1850951      0.1223395
      0.4228828      0.9057522      0.0942478      0.1943936      0.1057026
      0.4699744      0.8965761      0.1034239      0.1974691      0.0893654
      0.5170660      0.8888570      0.1111430      0.1957656      0.0749710
      0.5641576      0.8823652      0.1176348      0.1908991      0.0633860
      0.6112492      0.8768220      0.1231780      0.1843621      0.0548147
      0.6583409      0.8719534      0.1280466      0.1773417      0.0489907
      0.7054325      0.8675241      0.1324759      0.1706504      0.0453844
      0.7525241      0.8633542      0.1366458      0.1647439      0.0433803
      0.7996157      0.8593206      0.1406794      0.1597901      0.0424037
      0.8467074      0.8553492      0.1446508      0.1557596      0.0419915
      0.8937990      0.8514035      0.1485965      0.1525121      0.0418166
      0.9408906      0.8474713      0.1525287      0.1498653      0.0416796
      0.9879822      0.8435544      0.1564456      0.1476411      0.0414826
      1.0350738      0.8396602      0.1603398      0.1456910      0.0411984
      1.0821655      0.8357963      0.1642037      0.1439055      0.0408409
      1.1292571      0.8319684      0.1680316      0.1422123      0.0404426
      1.1763487      0.8281784      0.1718216      0.1405694      0.0400392
      1.2234403      0.8244255      0.1755745      0.1389564      0.0396607
      1.2705319      0.8207062      0.1792938      0.1373666      0.0393284
      1.3176236      0.8170156      0.1829844      0.1358005      0.0390537
      1.3647152      0.8133479      0.1866521      0.1342615      0.0388402
      1.4118068      0.8096976      0.1903024      0.1327530      0.0386851
      1.4588984      0.8060593      0.1939407      0.1312775      0.0385819
      1.5059901      0.8024287      0.1975713      0.1298357      0.0385217
      1.5530817      0.7988020      0.2011980      0.1284269      0.0384949
      1.6001733      0.7951768      0.2048232      0.1270491      0.0384916
      1.6472649      0.7915511      0.2084489      0.1256994      0.0385029
      1.6943565      0.7879239      0.2120761      0.1243745      0.0385207
      1.7414482      0.7842951      0.2157049      0.1230708      0.0385380
      1.7885398      0.7806648      0.2193352      0.1217846      0.0385489
      1.8356314      0.7770341      0.2229659      0.1205124      0.0385489
      1.8827230      0.7734040      0.2265960      0.1192508      0.0385343
      1.9298146      0.7697761      0.2302239      0.1179970      0.0385025
      1.9769063      0.7661520      0.2338480      0.1167482      0.0384520
      2.0239979      0.7625336      0.2374664      0.1155022      0.0383819
      2.0710895      0.7589228      0.2410772      0.1142571      0.0382919
      2.1181811      0.7553213      0.2446787      0.1130115      0.0381824
      2.1652728      0.7517311      0.2482689      0.1117641      0.0380544
      2.2123644      0.7481537      0.2518463      0.1105141      0.0379090
      2.2594560      0.7445908      0.2554092      0.1092612      0.0377477
      2.3065476      0.7410437      0.2589563      0.1080051      0.0375722
      2.3536392      0.7375138      0.2624862      0.1067459      0.0373842
      2.4007309      0.7340021      0.2659979      0.1054839      0.0371855
      2.4478225      0.7305096      0.2694904      0.1042195      0.0369779
      2.4949141      0.7270370      0.2729630      0.1029534      0.0367630
      2.5420057      0.7235849      0.2764151      0.1016864      0.0365426
      2.5890973      0.7201537      0.2798463      0.1004191      0.0363179
      2.6361890      0.7167439      0.2832561      0.0991526      0.0360903
      2.6832806      0.7133556      0.2866444      0.0978875      0.0358610
      2.7303722      0.7099889      0.2900111      0.0966248      0.0356310
      2.7774638      0.7066439      0.2933561      0.0953653      0.0354011
      2.8245555      0.7033205      0.2966795      0.0941098      0.0351720
      2.8716471      0.7000186      0.2999814      0.0928589      0.0349442
      2.9187387      0.6967381      0.3032619      0.0916134      0.0347182
      2.9658303      0.6934788      0.3065212      0.0903738      0.0344943
      3.0129219      0.6902405      0.3097595      0.0891407      0.0342727
      3.0600136      0.6870229      0.3129771      0.0879144      0.0340534
      3.1071052      0.6838258      0.3161742      0.0866953      0.0338367
      3.1541968      0.6806491      0.3193509      0.0854838      0.0336224
      3.2012884      0.6774924      0.3225076      0.0842800      0.0334105
      3.2483800      0.6743556      0.3256444      0.0830842      0.0332009
      3.2954717      0.6712384      0.3287616      0.0818964      0.0329936
      3.3425633      0.6681407      0.3318593      0.0807168      0.0327883
      3.3896549      0.6650622      0.3349378      0.0795454      0.0325850
      3.4367465      0.6620027      0.3379973      0.0783821      0.0323835
      3.4838382      0.6589621      0.3410379      0.0772271      0.0321837
      3.5309298      0.6559403      0.3440597      0.0760802      0.0319855
      3.5780214      0.6529371      0.3470629      0.0749413      0.0317886
      3.6251130      0.6499524      0.3500476      0.0738105      0.0315931
      3.6722046      0.6469860      0.3530140      0.0726876      0.0313989
      3.7192963      0.6440378      0.3559622      0.0715725      0.0312057
      3.7663879      0.6411078      0.3588922      0.0704652      0.0310136
      3.8134795      0.6381959      0.3618041      0.0693656      0.0308224
      3.8605711      0.6353019      0.3646981      0.0682734      0.0306322
      3.9076627      0.6324258      0.3675742      0.0671888      0.0304429
      3.9547544      0.6295674      0.3704326      0.0661116      0.0302544
      4.0018460      0.6267268      0.3732732      0.0650416      0.0300667
      4.0489376      0.6239039      0.3760961      0.0639789      0.0298799
      4.0960292      0.6210984      0.3789016      0.0629233      0.0296939
      4.1431209      0.6183105      0.3816895      0.0618747      0.0295086
      4.1902125      0.6155400      0.3844600      0.0608332      0.0293242
      4.2373041      0.6127868      0.3872132      0.0597986      0.0291406
      4.2843957      0.6100509      0.3899491      0.0587709      0.0289577
      4.3314873      0.6073321      0.3926679      0.0577499      0.0287758
      4.3785790      0.6046304      0.3953696      0.0567358      0.0285947
      4.4256706      0.6019458      0.3980542      0.0557283      0.0284144
      4.4727622      0.5992781      0.4007219      0.0547276      0.0282350
      4.5198538      0.5966272      0.4033728      0.0537334      0.0280565
      4.5669454      0.5939932      0.4060068      0.0527458      0.0278789
      4.6140371      0.5913758      0.4086242      0.0517647      0.0277022
      4.6611287      0.5887749      0.4112251      0.0507901      0.0275265
      4.7082203      0.5861907      0.4138093      0.0498220      0.0273517
      4.7553119      0.5836228      0.4163772      0.0488602      0.0271779
      4.8024036      0.5810712      0.4189288      0.0479048      0.0270050
      4.8494952      0.5785359      0.4214641      0.0469557      0.0268331
      4.8965868      0.5760167      0.4239833      0.0460130      0.0266622
      4.9436784      0.5735136      0.4264864      0.0450764      0.0264923
      4.9907700      0.5710264      0.4289736      0.0441461      0.0263234
      5.0378617      0.5685551      0.4314449      0.0432219      0.0261554
      5.0849533      0.5660996      0.4339004      0.0423038      0.0259885
      5.1320449      0.5636597      0.4363403      0.0413919      0.0258225
      5.1791365      0.5612355      0.4387645      0.0404859      0.0256576
      5.2262281      0.5588267      0.4411733      0.0395860      0.0254936
      5.2733198      0.5564333      0.4435667      0.0386920      0.0253306
      5.3204114      0.5540552      0.4459448      0.0378039      0.0251686
      5.3675030      0.5516923      0.4483077      0.0369218      0.0250076
      5.4145946      0.5493446      0.4506554      0.0360454      0.0248476
      5.4616863      0.5470118      0.4529882      0.0351749      0.0246886
      5.5087779      0.5446940      0.4553060      0.0343101      0.0245306
      5.5558695      0.5423911      0.4576089      0.0334510      0.0243735
      5.6029611      0.5401029      0.4598971      0.0325976      0.0242174
      5.6500527      0.5378293      0.4621707      0.0317498      0.0240622
      5.6971444      0.5355703      0.4644297      0.0309077      0.0239080
      5.7442360      0.5333258      0.4666742      0.0300710      0.0237548
      5.7913276      0.5310957      0.4689043      0.0292399      0.0236025
      5.8384192      0.5288799      0.4711201      0.0284143      0.0234511
      5.8855108      0.5266783      0.4733217      0.0275941      0.0233007
      5.9326025      0.5244908      0.4755092      0.0267792      0.0231512
      5.9796941      0.5223173      0.4776827      0.0259698      0.0230027
      6.0267857      0.5201578      0.4798422      0.0251656      0.0228550
      6.0738773      0.5180122      0.4819878      0.0243668      0.0227083
      6.1209690      0.5158803      0.4841197      0.0235732      0.0225625
      6.1680606      0.5137621      0.4862379      0.0227847      0.0224177
      6.2151522      0.5116575      0.4883425      0.0220015      0.0222737
      6.2622438      0.5095665      0.4904335      0.0212234      0.0221306
      6.3093354      0.5074888      0.4925112      0.0204504      0.0219884
      6.3564271      0.5054246      0.4945754      0.0196824      0.0218471
      6.4035187      0.5033736      0.4966264      0.0189194      0.0217067
      6.4506103      0.5013357      0.4986643      0.0181615      0.0215672
      6.4977019      0.4993110      0.5006890      0.0174085      0.0214286
      6.5447936      0.4972993      0.5027007      0.0166604      0.0212908
      6.5918852      0.4953005      0.5046995      0.0159172      0.0211539
      6.6389768      0.4933146      0.5066854      0.0151788      0.0210179
      6.6860684      0.4913414      0.5086586      0.0144453      0.0208827
      6.7331600      0.4893809      0.5106191      0.0137166      0.0207484
      6.7802517      0.4874331      0.5125669      0.0129926      0.0206149
      6.8273433      0.4854978      0.5145022      0.0122733      0.0204823
      6.8744349      0.4835749      0.5164251      0.0115587      0.0203505
      6.9215265      0.4816644      0.5183356      0.0108487      0.0202195
      6.9686181      0.4797662      0.5202338      0.0101434      0.0200894
      7.0157098      0.4778802      0.5221198      0.0094427      0.0199601
      7.0628014      0.4760063      0.5239937      0.0087465      0.0198316
      7.1098930      0.4741446      0.5258554      0.0080549      0.0197040
      7.1569846      0.4722947      0.5277053      0.0073677      0.0195771
      7.2040763      0.4704569      0.5295431      0.0066850      0.0194511
      7.2511679      0.4686308      0.5313692      0.0060068      0.0193259
      7.2982595      0.4668165      0.5331835      0.0053330      0.0192014
      7.3453511      0.4650139      0.5349861      0.0046635      0.0190778
      7.3924427      0.4632228      0.5367772      0.0039984      0.0189550
      7.4395344      0.4614434      0.5385566      0.0033376      0.0188329
      7.4866260      0.4596753      0.5403247      0.0026811      0.0187116
      7.5337176      0.4579187      0.5420813      0.0020288      0.0185911
      7.5808092      0.4561734      0.5438266      0.0013808      0.0184714
      7.6279008      0.4544393      0.5455607      0.0007370      0.0183524
      7.6749925      0.4527164      0.5472836      0.0000974      0.0182342
      7.7220841      0.4510045      0.5489955     -0.0005381      0.0181167
      7.7691757      0.4493038      0.5506962     -0.0011695      0.0180000
      7.8162673      0.4476139      0.5523861     -0.0017968      0.0178841
      7.8633590      0.4459350      0.5540650     -0.0024200      0.0177688
      7.9104506      0.4442668      0.5557332     -0.0030392      0.0176544
      7.9575422      0.4426095      0.5573905     -0.0036543      0.0175406
      8.0046338      0.4409628      0.5590372     -0.0042655      0.0174276
      8.0517254      0.4393267      0.5606733     -0.0048727      0.0173153
      8.0988171      0.4377011      0.5622989     -0.0054760      0.0172038
      8.1459087      0.4360860      0.5639140     -0.0060754      0.0170929
      8.1930003      0.4344813      0.5655187     -0.0066709      0.0169828
      8.2400919      0.4328870      0.5671130     -0.0072625      0.0168733
      8.2871835      0.4313030      0.5686970     -0.0078504      0.0167646
      8.3342752      0.4297291      0.5702709     -0.0084344      0.0166566
      8.3813668      0.4281654      0.5718346     -0.0090146      0.0165492
      8.4284584      0.4266118      0.5733882     -0.0095911      0.0164426
      8.4755500      0.4250681      0.5749319     -0.0101639      0.0163366
      8.5226417      0.4235345      0.5764655     -0.0107329      0.0162313
      8.5697333      0.4220107      0.5779893     -0.0112983      0.0161267
      8.6168249      0.4204967      0.5795033     -0.0118600      0.0160228
      8.6639165      0.4189925      0.5810075     -0.0124181      0.0159195
      8.7110081      0.4174980      0.5825020     -0.0129726      0.0158169
      8.7580998      0.4160131      0.5839869     -0.0135235      0.0157150
      8.8051914      0.4145378      0.5854622     -0.0140708      0.0156137
      8.8522830      0.4130720      0.5869280     -0.0146146      0.0155130
      8.8993746      0.4116156      0.5883844     -0.0151549      0.0154130
      8.9464662      0.4101687      0.5898313     -0.0156917      0.0153137
      8.9935579      0.4087310      0.5912690     -0.0162250      0.0152150
      9.0406495      0.4073027      0.5926973     -0.0167549      0.0151169
      9.0877411      0.4058835      0.5941165     -0.0172813      0.0150195
      9.1348327      0.4044735      0.5955265     -0.0178044      0.0149227
      9.1819244      0.4030726      0.5969274     -0.0183240      0.0148265
      9.2290160      0.4016807      0.5983193     -0.0188404      0.0147309
      9.2761076      0.4002977      0.5997023     -0.0193533      0.0146359
      9.3231992      0.3989237      0.6010763     -0.0198630      0.0145416
      9.3702908      0.3975586      0.6024414     -0.0203694      0.0144478
      9.4173825      0.3962022      0.6037978     -0.0208725      0.0143547
      9.4644741      0.3948546      0.6051454     -0.0213724      0.0142622
      9.5115657      0.3935157      0.6064843     -0.0218690      0.0141702
      9.5586573      0.3921854      0.6078146     -0.0223624      0.0140789
      9.6057489      0.3908637      0.6091363     -0.0228527      0.0139881
      9.6528406      0.3895505      0.6104495     -0.0233397      0.0138979
      9.6999322      0.3882457      0.6117543     -0.0238237      0.0138083
      9.7470238      0.3869494      0.6130506     -0.0243045      0.0137193
      9.7941154      0.3856615      0.6143385     -0.0247822      0.0136309
      9.8412071      0.3843818      0.6156182     -0.0252568      0.0135430
      9.8882987      0.3831104      0.6168896     -0.0257283      0.0134557
      9.9353903      0.3818472      0.6181528     -0.0261969      0.0133689
      9.9824819      0.3805921      0.6194079     -0.0266624      0.0132827
     10.0295735      0.3793452      0.6206548     -0.0271248      0.0131971
     10.0766652      0.3781062      0.6218938     -0.0275843      0.0131120
     10.1237568      0.3768753      0.6231247     -0.0280409      0.0130275
     10.1708484      0.3756523      0.6243477     -0.0284945      0.0129435
     10.2179400      0.3744371      0.6255629     -0.0289451      0.0128600
     10.2650316      0.3732298      0.6267702     -0.0293929      0.0127771
     10.3121233      0.3720303      0.6279697     -0.0298377      0.0126948
     10.3592149      0.3708386      0.6291614     -0.0302797      0.0126129
     10.4063065      0.3696545      0.6303455     -0.0307189      0.0125316
     10.4533981      0.3684780      0.6315220     -0.0311552      0.0124508
     10.5004898      0.3673091      0.6326909     -0.0315887      0.0123705
     10.5475814      0.3661478      0.6338522     -0.0320194      0.0122908
     10.5946730      0.3649940      0.6350060     -0.0324473      0.0122115
     10.6417646      0.3638475      0.6361525     -0.0328725      0.0121328
     10.6888562      0.3627085      0.6372915     -0.0332949      0.0120546
     10.7359479      0.3615769      0.6384231     -0.0337146      0.0119768
     10.7830395      0.3604525      0.6395475     -0.0341316      0.0118996
     10.8301311      0.3593353      0.6406647     -0.0345458      0.0118229
     10.8772227      0.3582254      0.6417746     -0.0349575      0.0117467
     10.9243143      0.3571227      0.6428773     -0.0353664      0.0116709
     10.9714060      0.3560270      0.6439730     -0.0357728      0.0115957
     11.0184976      0.3549384      0.6450616     -0.0361765      0.0115209
     11.0655892      0.3538568      0.6461432     -0.0365776      0.0114466
     11.1126808      0.3527822      0.6472178     -0.0369761      0.0113728
     11.1597725      0.3517145      0.6482855     -0.0373720      0.0112995
     11.2068641      0.3506538      0.6493462     -0.0377654      0.0112267
     11.2539557      0.3495998      0.6504002     -0.0381563      0.0111543
     11.3010473      0.3485527      0.6514473     -0.0385446      0.0110824
     11.3481389      0.3475122      0.6524878     -0.0389304      0.0110109
     11.3952306      0.3464786      0.6535214     -0.0393138      0.0109399
     11.4423222      0.3454515      0.6545485     -0.0396946      0.0108694
     11.4894138      0.3444311      0.6555689     -0.0400731      0.0107993
     11.5365054      0.3434173      0.6565827     -0.0404490      0.0107297
     11.5835970      0.3424100      0.6575900     -0.0408226      0.0106605
     11.6306887      0.3414092      0.6585908     -0.0411937      0.0105917
     11.6777803      0.3404149      0.6595851     -0.0415624      0.0105234
     11.7248719      0.3394269      0.6605731     -0.0419288      0.0104556
     11.7719635      0.3384454      0.6615546     -0.0422928      0.0103882
     11.8190552      0.3374701      0.6625299     -0.0426545      0.0103212
     11.8661468      0.3365012      0.6634988     -0.0430138      0.0102546
     11.9132384      0.3355385      0.6644615     -0.0433708      0.0101885
     11.9603300      0.3345820      0.6654180     -0.0437255      0.0101228
     12.0074216      0.3336317      0.6663683     -0.0440779      0.0100576
     12.0545133      0.3326875      0.6673125     -0.0444280      0.0099927
     12.1016049      0.3317494      0.6682506     -0.0447759      0.0099283
     12.1486965      0.3308173      0.6691827     -0.0451216      0.0098643
     12.1957881      0.3298912      0.6701088     -0.0454650      0.0098007
     12.2428797      0.3289712      0.6710288     -0.0458062      0.0097375
     12.2899714      0.3280570      0.6719430     -0.0461452      0.0096747
     12.3370630      0.3271488      0.6728512     -0.0464820      0.0096123
     12.3841546      0.3262464      0.6737536     -0.0468166      0.0095503
     12.4312462      0.3253498      0.6746502     -0.0471491      0.0094888
     12.4783379      0.3244590      0.6755410     -0.0474794      0.0094276
     12.5254295      0.3235739      0.6764261     -0.0478076      0.0093668
     12.5725211      0.3226946      0.6773054     -0.0481337      0.0093064
     12.6196127      0.3218209      0.6781791     -0.0484577      0.0092464
     12.6667043      0.3209529      0.6790471     -0.0487796      0.0091868
     12.7137960      0.3200904      0.6799096     -0.0490994      0.0091275
     12.7608876      0.3192335      0.6807665     -0.0494172      0.0090687
     12.8079792      0.3183822      0.6816178     -0.0497329      0.0090102
     12.8550708      0.3175363      0.6824637     -0.0500466      0.0089521
     12.9021624      0.3166959      0.6833041     -0.0503582      0.0088944
     12.9492541      0.3158609      0.6841391     -0.0506679      0.0088370
     12.9963457      0.3150313      0.6849687     -0.0509755      0.0087801
     13.0434373      0.3142070      0.6857930     -0.0512812      0.0087234
     13.0905289      0.3133881      0.6866119     -0.0515849      0.0086672
     13.1376206      0.3125744      0.6874256     -0.0518866      0.0086113
     13.1847122      0.3117660      0.6882340     -0.0521864      0.0085558
     13.2318038      0.3109628      0.6890372     -0.0524842      0.0085006
     13.2788954      0.3101647      0.6898353     -0.0527802      0.0084458
     13.3259870      0.3093718      0.6906282     -0.0530742      0.0083914
     13.3730787      0.3085841      0.6914159     -0.0533663      0.0083372
     13.4201703      0.3078014      0.6921986     -0.0536566      0.0082835
     13.4672619      0.3070237      0.6929763     -0.0539449      0.0082301
     13.5143535      0.3062511      0.6937489     -0.0542315      0.0081770
     13.5614451      0.3054834      0.6945166     -0.0545161      0.0081243
     13.6085368      0.3047207      0.6952793     -0.0547989      0.0080719
     13.6556284      0.3039629      0.6960371     -0.0550800      0.0080199
     13.7027200      0.3032100      0.6967900     -0.0553591      0.0079681
     13.7498116      0.3024620      0.6975380     -0.0556365      0.0079168
     13.7969033      0.3017188      0.6982812     -0.0559121      0.0078657
     13.8439949      0.3009804      0.6990196     -0.0561860      0.0078150
     13.8910865      0.3002467      0.6997533     -0.0564580      0.0077646
     13.9381781      0.2995178      0.7004822     -0.0567283      0.0077145
     13.9852697      0.2987935      0.7012065     -0.0569969      0.0076648
     14.0323614      0.2980739      0.7019261     -0.0572637      0.0076154
     14.0794530      0.2973590      0.7026410     -0.0575289      0.0075663
     14.1265446      0.2966487      0.7033513     -0.0577923      0.0075175
     14.1736362      0.2959430      0.7040570     -0.0580540      0.0074690
     14.2207278      0.2952418      0.7047582     -0.0583140      0.0074209
     14.2678195      0.2945451      0.7054549     -0.0585723      0.0073730
     14.3149111      0.2938529      0.7061471     -0.0588290      0.0073255
     14.3620027      0.2931652      0.7068348     -0.0590840      0.0072782
     14.4090943      0.2924820      0.7075180     -0.0593374      0.0072313
     14.4561860      0.2918031      0.7081969     -0.0595891      0.0071847
     14.5032776      0.2911286      0.7088714     -0.0598393      0.0071384
     14.5503692      0.2904585      0.7095415     -0.0600878      0.0070923
     14.5974608      0.2897926      0.7102074     -0.0603347      0.0070466
     14.6445524      0.2891311      0.7108689     -0.0605800      0.0070012
     14.6916441      0.2884738      0.7115262     -0.0608237      0.0069560
     14.7387357      0.2878208      0.7121792     -0.0610659      0.0069112
     14.7858273      0.2871720      0.7128280     -0.0613065      0.0068666
     14.8329189      0.2865274      0.7134726     -0.0615455      0.0068223
     14.8800105      0.2858869      0.7141131     -0.0617830      0.0067783
     14.9271022      0.2852505      0.7147495     -0.0620190      0.0067346
     14.9741938      0.2846183      0.7153817     -0.0622534      0.0066912
     15.0212854      0.2839901      0.7160099     -0.0624864      0.0066481
     15.0683770      0.2833660      0.7166340     -0.0627178      0.0066052
     15.1154687      0.2827459      0.7172541     -0.0629478      0.0065626
     15.1625603      0.2821298      0.7178702     -0.0631762      0.0065203
     15.2096519      0.2815177      0.7184823     -0.0634032      0.0064783
     15.2567435      0.2809095      0.7190905     -0.0636287      0.0064365
     15.3038351      0.2803053      0.7196947     -0.0638528      0.0063950
     15.3509268      0.2797049      0.7202951     -0.0640754      0.0063537
     15.3980184      0.2791084      0.7208916     -0.0642966      0.0063128
     15.4451100      0.2785158      0.7214842     -0.0645164      0.0062721
     15.4922016      0.2779270      0.7220730     -0.0647347      0.0062316
     15.5392932      0.2773420      0.7226580     -0.0649517      0.0061915
     15.5863849      0.2767607      0.7232393     -0.0651672      0.0061515
     15.6334765      0.2761832      0.7238168     -0.0653814      0.0061119
     15.6805681      0.2756094      0.7243906     -0.0655941      0.0060725
     15.7276597      0.2750394      0.7249606     -0.0658055      0.0060333
     15.7747514      0.2744730      0.7255270     -0.0660156      0.0059944
     15.8218430      0.2739102      0.7260898     -0.0662243      0.0059557
     15.8689346      0.2733511      0.7266489     -0.0664316      0.0059173
     15.9160262      0.2727956      0.7272044     -0.0666376      0.0058792
     15.9631178      0.2722436      0.7277564     -0.0668423      0.0058413
     16.0102095      0.2716953      0.7283047     -0.0670456      0.0058036
     16.0573011      0.2711504      0.7288496     -0.0672477      0.0057662
     16.1043927      0.2706091      0.7293909     -0.0674484      0.0057290
     16.1514843      0.2700713      0.7299287     -0.0676478      0.0056921
     16.1985759      0.2695369      0.7304631     -0.0678460      0.0056554
     16.2456676      0.2690060      0.7309940     -0.0680429      0.0056189
     16.2927592      0.2684785      0.7315215     -0.0682385      0.0055827
     16.3398508      0.2679544      0.7320456     -0.0684328      0.0055467
     16.3869424      0.2674337      0.7325663     -0.0686259      0.0055109
     16.4340341      0.2669163      0.7330837     -0.0688178      0.0054754
     16.4811257      0.2664023      0.7335977     -0.0690084      0.0054401
     16.5282173      0.2658916      0.7341084     -0.0691978      0.0054050
     16.5753089      0.2653841      0.7346159     -0.0693859      0.0053702
     16.6224005      0.2648800      0.7351200     -0.0695729      0.0053355
     16.6694922      0.2643791      0.7356209     -0.0697586      0.0053011
     16.7165838      0.2638814      0.7361186     -0.0699432      0.0052669
     16.7636754      0.2633870      0.7366130     -0.0701265      0.0052330
     16.8107670      0.2628957      0.7371043     -0.0703087      0.0051992
     16.8578586      0.2624076      0.7375924     -0.0704897      0.0051657
     16.9049503      0.2619227      0.7380773     -0.0706695      0.0051324
     16.9520419      0.2614408      0.7385592     -0.0708482      0.0050993
     16.9991335      0.2609621      0.7390379     -0.0710257      0.0050664
     17.0462251      0.2604865      0.7395135     -0.0712021      0.0050338
     17.0933168      0.2600139      0.7399861     -0.0713773      0.0050013
     17.1404084      0.2595444      0.7404556     -0.0715514      0.0049691
     17.1875000      0.2590779      0.7409221     -0.0717244      0.0049370
     17.2345916      0.2586144      0.7413856     -0.0718963      0.0049052
     17.2816832      0.2581539      0.7418461     -0.0720671      0.0048736
     17.3287749      0.2576964      0.7423036     -0.0722367      0.0048421
     17.3758665      0.2572418      0.7427582     -0.0724053      0.0048109
     17.4229581      0.2567902      0.7432098     -0.0725728      0.0047799
     17.4700497      0.2563414      0.7436586     -0.0727392      0.0047491
     17.5171414      0.2558956      0.7441044     -0.0729045      0.0047185
     17.5642330      0.2554526      0.7445474     -0.0730688      0.0046880
     17.6113246      0.2550125      0.7449875     -0.0732320      0.0046578
     17.6584162      0.2545753      0.7454247     -0.0733941      0.0046278
     17.7055078      0.2541408      0.7458592     -0.0735552      0.0045979
     17.7525995      0.2537092      0.7462908     -0.0737153      0.0045683
     17.7996911      0.2532803      0.7467197     -0.0738743      0.0045388
     17.8467827      0.2528542      0.7471458     -0.0740323      0.0045096
     17.8938743      0.2524308      0.7475692     -0.0741893      0.0044805
     17.9409659      0.2520102      0.7479898     -0.0743453      0.0044516
     17.9880576      0.2515923      0.7484077     -0.0745003      0.0044229
     18.0351492      0.2511771      0.7488229     -0.0746542      0.0043944
     18.0822408      0.2507645      0.7492355     -0.0748072      0.0043660
     18.1293324      0.2503547      0.7496453     -0.0749592      0.0043379
     18.1764241      0.2499474      0.7500526     -0.0751102      0.0043099
     18.2235157      0.2495428      0.7504572     -0.0752603      0.0042821
     18.2706073      0.2491408      0.7508592     -0.0754093      0.0042545
     18.3176989      0.2487414      0.7512586     -0.0755574      0.0042271
     18.3647905      0.2483446      0.7516554     -0.0757046      0.0041998
     18.4118822      0.2479503      0.7520497     -0.0758508      0.0041727
     18.4589738      0.2475586      0.7524414     -0.0759961      0.0041458
     18.5060654      0.2471693      0.7528307     -0.0761404      0.0041191
     18.5531570      0.2467826      0.7532174     -0.0762838      0.0040925
     18.6002486      0.2463984      0.7536016     -0.0764263      0.0040662
     18.6473403      0.2460167      0.7539833     -0.0765678      0.0040399
     18.6944319      0.2456374      0.7543626     -0.0767085      0.0040139
     18.7415235      0.2452606      0.7547394     -0.0768482      0.0039880
     18.7886151      0.2448862      0.7551138     -0.0769870      0.0039623
     18.8357068      0.2445143      0.7554857     -0.0771250      0.0039367
     18.8827984      0.2441447      0.7558553     -0.0772620      0.0039114
     18.9298900      0.2437775      0.7562225     -0.0773982      0.0038861
     18.9769816      0.2434127      0.7565873     -0.0775335      0.0038611
     19.0240732      0.2430502      0.7569498     -0.0776679      0.0038362
     19.0711649      0.2426900      0.7573100     -0.0778014      0.0038115
     19.1182565      0.2423322      0.7576678     -0.0779341      0.0037869
     19.1653481      0.2419767      0.7580233     -0.0780660      0.0037625
     19.2124397      0.2416235      0.7583765     -0.0781969      0.0037382
     19.2595313      0.2412726      0.7587274     -0.0783271      0.0037141
     19.3066230      0.2409239      0.7590761     -0.0784564      0.0036901
     19.3537146      0.2405775      0.7594225     -0.0785848      0.0036664
     19.4008062      0.2402333      0.7597667     -0.0787125      0.0036427
     19.4478978      0.2398913      0.7601087     -0.0788393      0.0036192
     19.4949895      0.2395515      0.7604485     -0.0789653      0.0035959
     19.5420811      0.2392139      0.7607861     -0.0790905      0.0035727
     19.5891727      0.2388785      0.7611215     -0.0792148      0.0035497
     19.6362643      0.2385453      0.7614547     -0.0793384      0.0035268
     19.6833559      0.2382142      0.7617858     -0.0794612      0.0035040
     19.7304476      0.2378852      0.7621148     -0.0795832      0.0034814
     19.7775392      0.2375584      0.7624416     -0.0797044      0.0034590
     19.8246308      0.2372337      0.7627663     -0.0798248      0.0034367
     19.8717224      0.2369110      0.7630890     -0.0799444      0.0034145
     19.9188140      0.2365905      0.7634095     -0.0800633      0.0033925
     19.9659057      0.2362720      0.7637280     -0.0801814      0.0033706
     20.0129973      0.2359556      0.7640444     -0.0802987      0.0033489
     20.0600889      0.2356412      0.7643588     -0.0804153      0.0033273
     20.1071805      0.2353288      0.7646712     -0.0805312      0.0033059
     20.1542722      0.2350185      0.7649815     -0.0806462      0.0032845
     20.2013638      0.2347101      0.7652899     -0.0807606      0.0032634
     20.2484554      0.2344037      0.7655963     -0.0808742      0.0032423
     20.2955470      0.2340994      0.7659006     -0.0809871      0.0032214
     20.3426386      0.2337969      0.7662031     -0.0810992      0.0032006
     20.3897303      0.2334965      0.7665035     -0.0812106      0.0031800
     20.4368219      0.2331979      0.7668021     -0.0813213      0.0031595
     20.4839135      0.2329013      0.7670987     -0.0814313      0.0031391
     20.5310051      0.2326066      0.7673934     -0.0815406      0.0031189
     20.5780967      0.2323138      0.7676862     -0.0816492      0.0030988
     20.6251884      0.2320229      0.7679771     -0.0817571      0.0030788
     20.6722800      0.2317339      0.7682661     -0.0818642      0.0030589
     20.7193716      0.2314467      0.7685533     -0.0819707      0.0030392
     20.7664632      0.2311614      0.7688386     -0.0820765      0.0030196
     20.8135549      0.2308779      0.7691221     -0.0821817      0.0030002
     20.8606465      0.2305962      0.7694038     -0.0822861      0.0029808
     20.9077381      0.2303164      0.7696836     -0.0823899      0.0029616
     20.9548297      0.2300384      0.7699616     -0.0824930      0.0029425
     21.0019213      0.2297621      0.7702379     -0.0825954      0.0029235
     21.0490130      0.2294877      0.7705123     -0.0826972      0.0029047
     21.0961046      0.2292150      0.7707850     -0.0827983      0.0028859
     21.1431962      0.2289441      0.7710559     -0.0828988      0.0028673
     21.1902878      0.2286749      0.7713251     -0.0829986      0.0028488
     21.2373794      0.2284074      0.7715926     -0.0830978      0.0028305
     21.2844711      0.2281417      0.7718583     -0.0831963      0.0028122
     21.3315627      0.2278777      0.7721223     -0.0832942      0.0027941
     21.3786543      0.2276154      0.7723846     -0.0833915      0.0027761
     21.4257459      0.2273548      0.7726452     -0.0834881      0.0027582
     21.4728376      0.2270958      0.7729042     -0.0835841      0.0027404
     21.5199292      0.2268386      0.7731614     -0.0836795      0.0027227
     21.5670208      0.2265830      0.7734170     -0.0837743      0.0027052
     21.6141124      0.2263290      0.7736710     -0.0838685      0.0026877
     21.6612040      0.2260767      0.7739233     -0.0839621      0.0026704
     21.7082957      0.2258260      0.7741740     -0.0840550      0.0026532
     21.7553873      0.2255769      0.7744231     -0.0841474      0.0026361
     21.8024789      0.2253294      0.7746706     -0.0842392      0.0026191
     21.8495705      0.2250836      0.7749164     -0.0843303      0.0026022
     21.8966621      0.2248393      0.7751607     -0.0844209      0.0025854
     21.9437538      0.2245965      0.7754035     -0.0845109      0.0025687
     21.9908454      0.2243554      0.7756446     -0.0846004      0.0025522
     22.0379370      0.2241158      0.7758842     -0.0846892      0.0025357
     22.0850286      0.2238777      0.7761223     -0.0847775      0.0025194
     22.1321203      0.2236412      0.7763588     -0.0848652      0.0025031
     22.1792119      0.2234062      0.7765938     -0.0849523      0.0024870
     22.2263035      0.2231728      0.7768272     -0.0850389      0.0024709
     22.2733951      0.2229408      0.7770592     -0.0851249      0.0024550
     22.3204867      0.2227103      0.7772897     -0.0852104      0.0024392
     22.3675784      0.2224813      0.7775187     -0.0852953      0.0024235
     22.4146700      0.2222538      0.7777462     -0.0853797      0.0024078
     22.4617616      0.2220278      0.7779722     -0.0854635      0.0023923
     22.5088532      0.2218032      0.7781968     -0.0855468      0.0023769
     22.5559448      0.2215800      0.7784200     -0.0856295      0.0023616
     22.6030365      0.2213583      0.7786417     -0.0857117      0.0023463
     22.6501281      0.2211381      0.7788619     -0.0857934      0.0023312
     22.6972197      0.2209192      0.7790808     -0.0858746      0.0023162
     22.7443113      0.2207018      0.7792982     -0.0859552      0.0023012
     22.7914030      0.2204857      0.7795143     -0.0860353      0.0022864
     22.8384946      0.2202711      0.7797289     -0.0861149      0.0022717
     22.8855862      0.2200578      0.7799422     -0.0861940      0.0022570
     22.9326778      0.2198460      0.7801540     -0.0862726      0.0022425
     22.9797694      0.2196354      0.7803646     -0.0863506      0.0022280
     23.0268611      0.2194263      0.7805737     -0.0864282      0.0022136
     23.0739527      0.2192185      0.7807815     -0.0865052      0.0021994
     23.1210443      0.2190120      0.7809880     -0.0865818      0.0021852
     23.1681359      0.2188068      0.7811932     -0.0866579      0.0021711
     23.2152275      0.2186030      0.7813970     -0.0867335      0.0021571
     23.2623192      0.2184005      0.7815995     -0.0868086      0.0021432
     23.3094108      0.2181993      0.7818007     -0.0868832      0.0021294
     23.3565024      0.2179994      0.7820006     -0.0869573      0.0021156
     23.4035940      0.2178008      0.7821992     -0.0870309      0.0021020
     23.4506857      0.2176035      0.7823965     -0.0871041      0.0020884
     23.4977773      0.2174074      0.7825926     -0.0871768      0.0020750
     23.5448689      0.2172126      0.7827874     -0.0872491      0.0020616
     23.5919605      0.2170191      0.7829809     -0.0873208      0.0020483
     23.6390521      0.2168268      0.7831732     -0.0873921      0.0020351
     23.6861438      0.2166357      0.7833643     -0.0874630      0.0020220
     23.7332354      0.2164459      0.7835541     -0.0875334      0.0020089
     23.7803270      0.2162573      0.7837427     -0.0876033      0.0019960
     23.8274186      0.2160699      0.7839301     -0.0876728      0.0019831
     23.8745102      0.2158838      0.7841162     -0.0877418      0.0019703
     23.9216019      0.2156988      0.7843012     -0.0878104      0.0019576
     23.9686935      0.2155150      0.7844850     -0.0878786      0.0019450
     24.0157851      0.2153324      0.7846676     -0.0879463      0.0019324
     24.0628767      0.2151510      0.7848490     -0.0880136      0.0019200
     24.1099684      0.2149707      0.7850293     -0.0880804      0.0019076
     24.1570600      0.2147917      0.7852083     -0.0881468      0.0018953
     24.2041516      0.2146137      0.7853863     -0.0882128      0.0018831
     24.2512432      0.2144370      0.7855630     -0.0882783      0.0018709
     24.2983348      0.2142613      0.7857387     -0.0883435      0.0018589
     24.3454265      0.2140868      0.7859132     -0.0884082      0.0018469
     24.3925181      0.2139134      0.7860866     -0.0884725      0.0018350
     24.4396097      0.2137411      0.7862589     -0.0885364      0.0018232
     24.4867013      0.2135700      0.7864300     -0.0885998      0.0018114
     24.5337929      0.2133999      0.7866001     -0.0886629      0.0017997
     24.5808846      0.2132310      0.7867690     -0.0887255      0.0017881
     24.6279762      0.2130631      0.7869369     -0.0887878      0.0017766
     24.6750678      0.2128963      0.7871037     -0.0888496      0.0017651
     24.7221594      0.2127306      0.7872694     -0.0889111      0.0017537
     24.7692511      0.2125660      0.7874340     -0.0889721      0.0017424
     24.8163427      0.2124024      0.7875976     -0.0890328      0.0017312
     24.8634343      0.2122399      0.7877601     -0.0890931      0.0017200
     24.9105259      0.2120784      0.7879216     -0.0891529      0.0017090
     24.9576175      0.2119180      0.7880820     -0.0892124      0.0016979
     25.0047092      0.2117586      0.7882414     -0.0892716      0.0016870
     25.0518008      0.2116002      0.7883998     -0.0893303      0.0016761
     25.0988924      0.2114428      0.7885572     -0.0893886      0.0016653
     25.1459840      0.2112865      0.7887135     -0.0894466      0.0016546
     25.1930756      0.2111312      0.7888688     -0.0895042      0.0016439
     25.2401673      0.2109768      0.7890232     -0.0895614      0.0016333
     25.2872589      0.2108235      0.7891765     -0.0896183      0.0016228
     25.3343505      0.2106712      0.7893288     -0.0896748      0.0016123
     25.3814421      0.2105198      0.7894802     -0.0897309      0.0016019
     25.4285338      0.2103694      0.7896306     -0.0897867      0.0015916
     25.4756254      0.2102200      0.7897800     -0.0898421      0.0015813
     25.5227170      0.2100716      0.7899284     -0.0898971      0.0015711
     25.5698086      0.2099241      0.7900759     -0.0899518      0.0015610
     25.6169002      0.2097775      0.7902225     -0.0900062      0.0015509
     25.6639919      0.2096319      0.7903681     -0.0900602      0.0015409
     25.7110835      0.2094873      0.7905127     -0.0901138      0.0015310
     25.7581751      0.2093435      0.7906565     -0.0901671      0.0015211
     25.8052667      0.2092007      0.7907993     -0.0902201      0.0015113
     25.8523583      0.2090588      0.7909412     -0.0902727      0.0015016
     25.8994500      0.2089179      0.7910821     -0.0903249      0.0014919
     25.9465416      0.2087778      0.7912222     -0.0903769      0.0014823
     25.9936332      0.2086387      0.7913613     -0.0904285      0.0014727
     26.0407248      0.2085004      0.7914996     -0.0904797      0.0014632
     26.0878165      0.2083631      0.7916369     -0.0905307      0.0014538
     26.1349081      0.2082266      0.7917734     -0.0905813      0.0014444
     26.1819997      0.2080910      0.7919090     -0.0906316      0.0014351
     26.2290913      0.2079562      0.7920438     -0.0906815      0.0014258
     26.2761829      0.2078224      0.7921776     -0.0907312      0.0014166
     26.3232746      0.2076894      0.7923106     -0.0907805      0.0014075
     26.3703662      0.2075573      0.7924427     -0.0908295      0.0013984
     26.4174578      0.2074260      0.7925740     -0.0908782      0.0013894
     26.4645494      0.2072955      0.7927045     -0.0909265      0.0013805
     26.5116410      0.2071660      0.7928340     -0.0909746      0.0013715
     26.5587327      0.2070372      0.7929628     -0.0910223      0.0013627
     26.6058243      0.2069093      0.7930907     -0.0910698      0.0013539
     26.6529159      0.2067822      0.7932178     -0.0911169      0.0013452
     26.7000075      0.2066559      0.7933441     -0.0911638      0.0013365
     26.7470992      0.2065304      0.7934696     -0.0912103      0.0013279
     26.7941908      0.2064057      0.7935943     -0.0912565      0.0013193
     26.8412824      0.2062819      0.7937181     -0.0913024      0.0013108
     26.8883740      0.2061588      0.7938412     -0.0913481      0.0013024
     26.9354656      0.2060366      0.7939634     -0.0913934      0.0012940
     26.9825573      0.2059151      0.7940849     -0.0914385      0.0012856
     27.0296489      0.2057944      0.7942056     -0.0914832      0.0012773
     27.0767405      0.2056745      0.7943255     -0.0915277      0.0012691
     27.1238321      0.2055553      0.7944447     -0.0915719      0.0012609
     27.1709237      0.2054369      0.7945631     -0.0916158      0.0012528
     27.2180154      0.2053193      0.7946807     -0.0916594      0.0012447
     27.2651070      0.2052025      0.7947975     -0.0917027      0.0012367
     27.3121986      0.2050864      0.7949136     -0.0917458      0.0012287
     27.3592902      0.2049710      0.7950290     -0.0917885      0.0012208
     27.4063819      0.2048564      0.7951436     -0.0918310      0.0012129
     27.4534735      0.2047426      0.7952574     -0.0918733      0.0012051
     27.5005651      0.2046294      0.7953706     -0.0919152      0.0011973
     27.5476567      0.2045170      0.7954830     -0.0919569      0.0011896
     27.5947483      0.2044053      0.7955947     -0.0919983      0.0011819
     27.6418400      0.2042944      0.7957056     -0.0920394      0.0011743
     27.6889316      0.2041841      0.7958159     -0.0920803      0.0011667
     27.7360232      0.2040746      0.7959254     -0.0921209      0.0011592
     27.7831148      0.2039658      0.7960342     -0.0921613      0.0011518
     27.8302064      0.2038576      0.7961424     -0.0922014      0.0011443
     27.8772981      0.2037502      0.7962498     -0.0922412      0.0011369
     27.9243897      0.2036435      0.7963565     -0.0922808      0.0011296
     27.9714813      0.2035374      0.7964626     -0.0923201      0.0011223
     28.0185729      0.2034321      0.7965679     -0.0923592      0.0011151
     28.0656646      0.2033274      0.7966726     -0.0923980      0.0011079
     28.1127562      0.2032234      0.7967766     -0.0924366      0.0011008
     28.1598478      0.2031200      0.7968800     -0.0924749      0.0010937
     28.2069394      0.2030174      0.7969826     -0.0925130      0.0010866
     28.2540310      0.2029154      0.7970846     -0.0925508      0.0010796
     28.3011227      0.2028140      0.7971860     -0.0925884      0.0010726
     28.3482143      0.2027133      0.7972867     -0.0926257      0.0010657
     28.3953059      0.2026133      0.7973867     -0.0926628      0.0010589
     28.4423975      0.2025138      0.7974862     -0.0926997      0.0010520
     28.4894892      0.2024151      0.7975849     -0.0927363      0.0010452
     28.5365808      0.2023170      0.7976830     -0.0927727      0.0010385
     28.5836724      0.2022195      0.7977805     -0.0928089      0.0010318
     28.6307640      0.2021226      0.7978774     -0.0928448      0.0010252
     28.6778556      0.2020264      0.7979736     -0.0928805      0.0010185
     28.7249473      0.2019307      0.7980693     -0.0929159      0.0010120
     28.7720389      0.2018357      0.7981643     -0.0929512      0.0010055
     28.8191305      0.2017413      0.7982587     -0.0929862      0.0009990
     28.8662221      0.2016476      0.7983524     -0.0930210      0.0009925
     28.9133137      0.2015544      0.7984456     -0.0930555      0.0009861
     28.9604054      0.2014618      0.7985382     -0.0930898      0.0009798
     29.0074970      0.2013698      0.7986302     -0.0931239      0.0009735
     29.0545886      0.2012784      0.7987216     -0.0931578      0.0009672
     29.1016802      0.2011876      0.7988124     -0.0931915      0.0009609
     29.1487719      0.2010974      0.7989026     -0.0932250      0.0009547
     29.1958635      0.2010078      0.7989922     -0.0932582      0.0009486
     29.2429551      0.2009187      0.7990813     -0.0932912      0.0009425
     29.2900467      0.2008303      0.7991697     -0.0933240      0.0009364
     29.3371383      0.2007424      0.7992576     -0.0933566      0.0009304
     29.3842300      0.2006550      0.7993450     -0.0933890      0.0009244
     29.4313216      0.2005682      0.7994318     -0.0934212      0.0009184
     29.4784132      0.2004820      0.7995180     -0.0934532      0.0009125
     29.5255048      0.2003964      0.7996036     -0.0934849      0.0009066
     29.5725964      0.2003112      0.7996888     -0.0935165      0.0009007
     29.6196881      0.2002267      0.7997733     -0.0935478      0.0008949
     29.6667797      0.2001427      0.7998573     -0.0935790      0.0008892
     29.7138713      0.2000592      0.7999408     -0.0936100      0.0008834
     29.7609629      0.1999763      0.8000237     -0.0936407      0.0008777
     29.8080546      0.1998939      0.8001061     -0.0936713      0.0008721
     29.8551462      0.1998120      0.8001880     -0.0937016      0.0008665
     29.9022378      0.1997306      0.8002694     -0.0937318      0.0008609
     29.9493294      0.1996498      0.8003502     -0.0937618      0.0008553
     29.9964210      0.1995695      0.8004305     -0.0937915      0.0008498
     30.0435127      0.1994897      0.8005103     -0.0938211      0.0008443
     30.0906043      0.1994105      0.8005895     -0.0938505      0.0008389
     30.1376959      0.1993317      0.8006683     -0.0938797      0.0008335
     30.1847875      0.1992535      0.8007465     -0.0939087      0.0008281
     30.2318791      0.1991757      0.8008243     -0.0939376      0.0008228
     30.2789708      0.1990985      0.8009015     -0.0939662      0.0008175
     30.3260624      0.1990218      0.8009782     -0.0939947      0.0008122
     30.3731540      0.1989455      0.8010545     -0.0940229      0.0008069
     30.4202456      0.1988698      0.8011302     -0.0940510      0.0008017
     30.4673373      0.1987945      0.8012055     -0.0940789      0.0007966
     30.5144289      0.1987197      0.8012803     -0.0941067      0.0007914
     30.5615205      0.1986454      0.8013546     -0.0941342      0.0007863
     30.6086121      0.1985716      0.8014284     -0.0941616      0.0007813
     30.6557037      0.1984982      0.8015018     -0.0941888      0.0007762
     30.7027954      0.1984254      0.8015746     -0.0942158      0.0007712
     30.7498870      0.1983530      0.8016470     -0.0942427      0.0007662
     30.7969786      0.1982810      0.8017190     -0.0942693      0.0007613
     30.8440702      0.1982096      0.8017904     -0.0942958      0.0007564
     30.8911618      0.1981386      0.8018614     -0.0943222      0.0007515
     30.9382535      0.1980680      0.8019320     -0.0943483      0.0007467
     30.9853451      0.1979979      0.8020021     -0.0943743      0.0007419
     31.0324367      0.1979283      0.8020717     -0.0944002      0.0007371
     31.0795283      0.1978591      0.8021409     -0.0944258      0.0007323
     31.1266200      0.1977903      0.8022097     -0.0944513      0.0007276
     31.1737116      0.1977220      0.8022780     -0.0944766      0.0007229
     31.2208032      0.1976541      0.8023459     -0.0945018      0.0007182
     31.2678948      0.1975867      0.8024133     -0.0945268      0.0007136
     31.3149864      0.1975197      0.8024803     -0.0945516      0.0007090
     31.3620781      0.1974532      0.8025468     -0.0945763      0.0007044
     31.4091697      0.1973870      0.8026130     -0.0946009      0.0006999
     31.4562613      0.1973213      0.8026787     -0.0946252      0.0006954
     31.5033529      0.1972560      0.8027440     -0.0946494      0.0006909
     31.5504445      0.1971912      0.8028088     -0.0946735      0.0006865
     31.5975362      0.1971267      0.8028733     -0.0946974      0.0006820
     31.6446278      0.1970627      0.8029373     -0.0947211      0.0006776
     31.6917194      0.1969991      0.8030009     -0.0947447      0.0006733
     31.7388110      0.1969359      0.8030641     -0.0947682      0.0006689
     31.7859027      0.1968731      0.8031269     -0.0947914      0.0006646
     31.8329943      0.1968107      0.8031893     -0.0948146      0.0006603
     31.8800859      0.1967487      0.8032513     -0.0948376      0.0006561
     31.9271775      0.1966871      0.8033129     -0.0948604      0.0006518
     31.9742691      0.1966259      0.8033741     -0.0948831      0.0006476
     32.0213608      0.1965651      0.8034349     -0.0949056      0.0006435
     32.0684524      0.1965047      0.8034953     -0.0949280      0.0006393
     32.1155440      0.1964447      0.8035553     -0.0949503      0.0006352
     32.1626356      0.1963851      0.8036149     -0.0949724      0.0006311
     32.2097272      0.1963258      0.8036742     -0.0949944      0.0006270
     32.2568189      0.1962670      0.8037330     -0.0950162      0.0006230
     32.3039105      0.1962085      0.8037915     -0.0950379      0.0006190
     32.3510021      0.1961504      0.8038496     -0.0950594      0.0006150
     32.3980937      0.1960926      0.8039074     -0.0950808      0.0006110
     32.4451854      0.1960353      0.8039647     -0.0951021      0.0006071
     32.4922770      0.1959783      0.8040217     -0.0951233      0.0006031
     32.5393686      0.1959217      0.8040783     -0.0951442      0.0005993
     32.5864602      0.1958654      0.8041346     -0.0951651      0.0005954
     32.6335518      0.1958095      0.8041905     -0.0951858      0.0005916
     32.6806435      0.1957540      0.8042460     -0.0952064      0.0005877
     32.7277351      0.1956988      0.8043012     -0.0952269      0.0005840
     32.7748267      0.1956440      0.8043560     -0.0952472      0.0005802
     32.8219183      0.1955895      0.8044105     -0.0952674      0.0005764
     32.8690099      0.1955354      0.8044646     -0.0952875      0.0005727
     32.9161016      0.1954816      0.8045184     -0.0953074      0.0005690
     32.9631932      0.1954282      0.8045718     -0.0953272      0.0005654
     33.0102848      0.1953751      0.8046249     -0.0953469      0.0005617
     33.0573764      0.1953224      0.8046776     -0.0953665      0.0005581
     33.1044681      0.1952700      0.8047300     -0.0953859      0.0005545
     33.1515597      0.1952179      0.8047821     -0.0954052      0.0005509
     33.1986513      0.1951662      0.8048338     -0.0954244      0.0005474
     33.2457429      0.1951148      0.8048852     -0.0954434      0.0005438
     33.2928345      0.1950638      0.8049362     -0.0954624      0.0005403
     33.3399262      0.1950131      0.8049869     -0.0954812      0.0005369
     33.3870178      0.1949627      0.8050373     -0.0954999      0.0005334
     33.4341094      0.1949126      0.8050874     -0.0955184      0.0005300
     33.4812010      0.1948628      0.8051372     -0.0955369      0.0005265
     33.5282926      0.1948134      0.8051866     -0.0955552      0.0005231
     33.5753843      0.1947643      0.8052357     -0.0955734      0.0005198
     33.6224759      0.1947155      0.8052845     -0.0955915      0.0005164
     33.6695675      0.1946670      0.8053330     -0.0956095      0.0005131
     33.7166591      0.1946188      0.8053812     -0.0956274      0.0005098
     33.7637508      0.1945710      0.8054290     -0.0956451      0.0005065
     33.8108424      0.1945234      0.8054766     -0.0956627      0.0005032
     33.8579340      0.1944762      0.8055238     -0.0956803      0.0005000
     33.9050256      0.1944293      0.8055707     -0.0956977      0.0004968
     33.9521172      0.1943826      0.8056174     -0.0957150      0.0004936
     33.9992089      0.1943363      0.8056637     -0.0957321      0.0004904
     34.0463005      0.1942903      0.8057097     -0.0957492      0.0004872
     34.0933921      0.1942445      0.8057555     -0.0957662      0.0004841
     34.1404837      0.1941991      0.8058009     -0.0957830      0.0004809
     34.1875753      0.1941539      0.8058461     -0.0957998      0.0004778
     34.2346670      0.1941091      0.8058909     -0.0958164      0.0004748
     34.2817586      0.1940645      0.8059355     -0.0958329      0.0004717
     34.3288502      0.1940202      0.8059798     -0.0958494      0.0004687
     34.3759418      0.1939762      0.8060238     -0.0958657      0.0004656
     34.4230335      0.1939325      0.8060675     -0.0958819      0.0004626
     34.4701251      0.1938891      0.8061109     -0.0958980      0.0004597
     34.5172167      0.1938459      0.8061541     -0.0959140      0.0004567
     34.5643083      0.1938030      0.8061970     -0.0959299      0.0004537
     34.6113999      0.1937604      0.8062396     -0.0959457      0.0004508
     34.6584916      0.1937181      0.8062819     -0.0959614      0.0004479
     34.7055832      0.1936761      0.8063239     -0.0959770      0.0004450
     34.7526748      0.1936343      0.8063657     -0.0959925      0.0004422
     34.7997664      0.1935928      0.8064072     -0.0960079      0.0004393
     34.8468580      0.1935515      0.8064485     -0.0960231      0.0004365
     34.8939497      0.1935106      0.8064894     -0.0960383      0.0004337
     34.9410413      0.1934699      0.8065301     -0.0960534      0.0004309
     34.9881329      0.1934294      0.8065706     -0.0960684      0.0004281
     35.0352245      0.1933892      0.8066108     -0.0960833      0.0004253
     35.0823162      0.1933493      0.8066507     -0.0960981      0.0004226
     35.1294078      0.1933096      0.8066904     -0.0961129      0.0004199
     35.1764994      0.1932702      0.8067298     -0.0961275      0.0004171
     35.2235910      0.1932310      0.8067690     -0.0961420      0.0004145
     35.2706826      0.1931921      0.8068079     -0.0961564      0.0004118
     35.3177743      0.1931535      0.8068465     -0.0961708      0.0004091
     35.3648659      0.1931151      0.8068849     -0.0961850      0.0004065
     35.4119575      0.1930769      0.8069231     -0.0961992      0.0004039
     35.4590491      0.1930390      0.8069610     -0.0962132      0.0004013
     35.5061407      0.1930013      0.8069987     -0.0962272      0.0003987
     35.5532324      0.1929639      0.8070361     -0.0962411      0.0003961
     35.6003240      0.1929267      0.8070733     -0.0962548      0.0003936
     35.6474156      0.1928898      0.8071102     -0.0962685      0.0003910
     35.6945072      0.1928530      0.8071470     -0.0962822      0.0003885
     35.7415989      0.1928166      0.8071834     -0.0962957      0.0003860
     35.7886905      0.1927803      0.8072197     -0.0963091      0.0003835
     35.8357821      0.1927443      0.8072557     -0.0963225      0.0003810
     35.8828737      0.1927086      0.8072914     -0.0963357      0.0003786
     35.9299653      0.1926730      0.8073270     -0.0963489      0.0003761
     35.9770570      0.1926377      0.8073623     -0.0963620      0.0003737
     36.0241486      0.1926026      0.8073974     -0.0963750      0.0003713
     36.0712402      0.1925678      0.8074322     -0.0963879      0.0003689
     36.1183318      0.1925331      0.8074669     -0.0964008      0.0003665
     36.1654234      0.1924987      0.8075013     -0.0964135      0.0003642
     36.2125151      0.1924645      0.8075355     -0.0964262      0.0003618
     36.2596067      0.1924306      0.8075694     -0.0964388      0.0003595
     36.3066983      0.1923968      0.8076032     -0.0964513      0.0003572
     36.3537899      0.1923633      0.8076367     -0.0964638      0.0003549
     36.4008816      0.1923300      0.8076700     -0.0964761      0.0003526
     36.4479732      0.1922969      0.8077031     -0.0964884      0.0003503
     36.4950648      0.1922640      0.8077360     -0.0965006      0.0003480
     36.5421564      0.1922313      0.8077687     -0.0965127      0.0003458
     36.5892480      0.1921989      0.8078011     -0.0965247      0.0003436
     36.6363397      0.1921666      0.8078334     -0.0965367      0.0003413
     36.6834313      0.1921346      0.8078654     -0.0965486      0.0003391
     36.7305229      0.1921027      0.8078973     -0.0965604      0.0003370
     36.7776145      0.1920711      0.8079289     -0.0965721      0.0003348
     36.8247061      0.1920397      0.8079603     -0.0965838      0.0003326
     36.8717978      0.1920084      0.8079916     -0.0965954      0.0003305
     36.9188894      0.1919774      0.8080226     -0.0966069      0.0003284
     36.9659810      0.1919466      0.8080534     -0.0966183      0.0003262
     37.0130726      0.1919160      0.8080840     -0.0966297      0.0003241
     37.0601643      0.1918855      0.8081145     -0.0966409      0.0003220
     37.1072559      0.1918553      0.8081447     -0.0966522      0.0003200
     37.1543475      0.1918253      0.8081747     -0.0966633      0.0003179
     37.2014391      0.1917954      0.8082046     -0.0966744      0.0003159
     37.2485307      0.1917658      0.8082342     -0.0966854      0.0003138
     37.2956224      0.1917363      0.8082637     -0.0966963      0.0003118
     37.3427140      0.1917070      0.8082930     -0.0967071      0.0003098
     37.3898056      0.1916779      0.8083221     -0.0967179      0.0003078
     37.4368972      0.1916491      0.8083509     -0.0967286      0.0003058
     37.4839888      0.1916203      0.8083797     -0.0967393      0.0003038
     37.5310805      0.1915918      0.8084082     -0.0967499      0.0003019
     37.5781721      0.1915635      0.8084365     -0.0967604      0.0002999
     37.6252637      0.1915353      0.8084647     -0.0967708      0.0002980
     37.6723553      0.1915074      0.8084926     -0.0967812      0.0002961
     37.7194470      0.1914796      0.8085204     -0.0967915      0.0002942
     37.7665386      0.1914519      0.8085481     -0.0968017      0.0002923
     37.8136302      0.1914245      0.8085755     -0.0968119      0.0002904
     37.8607218      0.1913972      0.8086028     -0.0968220      0.0002885
     37.9078134      0.1913702      0.8086298     -0.0968321      0.0002866
     37.9549051      0.1913432      0.8086568     -0.0968420      0.0002848
     38.0019967      0.1913165      0.8086835     -0.0968519      0.0002830
     38.0490883      0.1912899      0.8087101     -0.0968618      0.0002811
     38.0961799      0.1912636      0.8087364     -0.0968716      0.0002793
     38.1432715      0.1912373      0.8087627     -0.0968813      0.0002775
     38.1903632      0.1912113      0.8087887     -0.0968910      0.0002757
     38.2374548      0.1911854      0.8088146     -0.0969006      0.0002740
     38.2845464      0.1911597      0.8088403     -0.0969101      0.0002722
     38.3316380      0.1911341      0.8088659     -0.0969196      0.0002704
     38.3787297      0.1911087      0.8088913     -0.0969290      0.0002687
     38.4258213      0.1910835      0.8089165     -0.0969383      0.0002670
     38.4729129      0.1910584      0.8089416     -0.0969476      0.0002652
     38.5200045      0.1910335      0.8089665     -0.0969569      0.0002635
     38.5670961      0.1910088      0.8089912     -0.0969661      0.0002618
     38.6141878      0.1909842      0.8090158     -0.0969752      0.0002601
     38.6612794      0.1909598      0.8090402     -0.0969842      0.0002585
     38.7083710      0.1909355      0.8090645     -0.0969932      0.0002568
     38.7554626      0.1909114      0.8090886     -0.0970022      0.0002551
     38.8025542      0.1908875      0.8091125     -0.0970110      0.0002535
     38.8496459      0.1908637      0.8091363     -0.0970199      0.0002519
     38.8967375      0.1908400      0.8091600     -0.0970286      0.0002502
     38.9438291      0.1908165      0.8091835     -0.0970373      0.0002486
     38.9909207      0.1907932      0.8092068     -0.0970460      0.0002470
     39.0380124      0.1907700      0.8092300     -0.0970546      0.0002454
     39.0851040      0.1907470      0.8092530     -0.0970631      0.0002438
     39.1321956      0.1907241      0.8092759     -0.0970716      0.0002423
     39.1792872      0.1907013      0.8092987     -0.0970801      0.0002407
     39.2263788      0.1906787      0.8093213     -0.0970884      0.0002392
     39.2734705      0.1906563      0.8093437     -0.0970968      0.0002376
     39.3205621      0.1906340      0.8093660     -0.0971050      0.0002361
     39.3676537      0.1906118      0.8093882     -0.0971133      0.0002346
     39.4147453      0.1905898      0.8094102     -0.0971214      0.0002330
     39.4618369      0.1905679      0.8094321     -0.0971295      0.0002315
     39.5089286      0.1905462      0.8094538     -0.0971376      0.0002301
     39.5560202      0.1905246      0.8094754     -0.0971456      0.0002286
     39.6031118      0.1905031      0.8094969     -0.0971536      0.0002271
     39.6502034      0.1904818      0.8095182     -0.0971615      0.0002256
     39.6972951      0.1904606      0.8095394     -0.0971693      0.0002242
     39.7443867      0.1904396      0.8095604     -0.0971771      0.0002227
     39.7914783      0.1904187      0.8095813     -0.0971849      0.0002213
     39.8385699      0.1903979      0.8096021     -0.0971926      0.0002199
     39.8856615      0.1903773      0.8096227     -0.0972002      0.0002185
     39.9327532      0.1903567      0.8096433     -0.0972078      0.0002170
     39.9798448      0.1903364      0.8096636     -0.0972154      0.0002156
