       0.049000       0.997457       0.002543       0.002283       0.048266
       0.099000       0.990199       0.009801       0.009491       0.096536
       0.149000       0.978244       0.021756       0.021044       0.141990
       0.199000       0.961934       0.038066       0.036298       0.183450
       0.249000       0.941719       0.058281       0.054504       0.219955
       0.299000       0.918133       0.081867       0.074869       0.250770
       0.349000       0.891772       0.108228       0.096586       0.275387
       0.399000       0.863272       0.136729       0.118837       0.293526
       0.449000       0.833285       0.166716       0.140816       0.305139
       0.499000       0.802456       0.197545       0.161761       0.310400
       0.549000       0.771405       0.228596       0.181011       0.309674
       0.599000       0.740704       0.259296       0.198046       0.303463
       0.649000       0.710875       0.289126       0.212504       0.292365
       0.699000       0.682373       0.317628       0.224164       0.277030
       0.749000       0.655587       0.344414       0.232917       0.258149
       0.799000       0.630837       0.369164       0.238740       0.236437
       0.849000       0.608370       0.391631       0.241681       0.212622
       0.899000       0.588359       0.411642       0.241859       0.187418
       0.949000       0.570910       0.429091       0.239471       0.161498
       0.999000       0.556063       0.443938       0.234780       0.135467
       1.049000       0.543803       0.456198       0.228093       0.109842
       1.099000       0.534066       0.465935       0.219735       0.085061
       1.149000       0.526750       0.473251       0.210023       0.061491
       1.199000       0.521717       0.478284       0.199251       0.039452
       1.249000       0.518799       0.481201       0.187697       0.019219
       1.299000       0.517805       0.482196       0.175633       0.001018
       1.349000       0.518523       0.481478       0.163319      -0.014990
       1.399000       0.520727       0.479274       0.151000      -0.028713
       1.449000       0.524188       0.475812       0.138892      -0.040130
       1.499000       0.528677       0.471323       0.127172      -0.049278
       1.549000       0.533971       0.466030       0.115976      -0.056231
       1.599000       0.539853       0.460147       0.105411      -0.061079
       1.649000       0.546120       0.453881       0.095563      -0.063923
       1.699000       0.552575       0.447426       0.086513      -0.064878
       1.749000       0.559037       0.440964       0.078325      -0.064085
       1.799000       0.565340       0.434661       0.071034      -0.061719
       1.849000       0.571335       0.428666       0.064640      -0.057974
       1.899000       0.576895       0.423106       0.059120      -0.053052
       1.949000       0.581913       0.418088       0.054436      -0.047156
       1.999000       0.586301       0.413700       0.050552      -0.040486
       2.049000       0.589991       0.410010       0.047434      -0.033233
       2.099000       0.592934       0.407067       0.045040      -0.025583
       2.149000       0.595100       0.404901       0.043313      -0.017702
       2.199000       0.596472       0.403529       0.042181      -0.009743
       2.249000       0.597050       0.402951       0.041566      -0.001845
       2.299000       0.596847       0.403153       0.041393       0.005856
       2.349000       0.595890       0.404111       0.041595       0.013230
       2.399000       0.594216       0.405784       0.042101       0.020156
       2.449000       0.591877       0.408124       0.042840       0.026532
       2.499000       0.588931       0.411070       0.043733       0.032284
       2.549000       0.585443       0.414558       0.044696       0.037364
       2.599000       0.581481       0.418520       0.045656       0.041747
       2.649000       0.577117       0.422884       0.046551       0.045426
       2.699000       0.572420       0.427581       0.047338       0.048396
       2.749000       0.567461       0.432540       0.047987       0.050659
       2.799000       0.562312       0.437689       0.048480       0.052218
       2.849000       0.557041       0.442960       0.048795       0.053087
       2.899000       0.551716       0.448285       0.048910       0.053297
       2.949000       0.546402       0.453599       0.048802       0.052896
       2.999000       0.541155       0.458846       0.048451       0.051950
       3.049000       0.536027       0.463974       0.047844       0.050527
       3.099000       0.531063       0.468938       0.046978       0.048694
       3.149000       0.526300       0.473701       0.045862       0.046510
       3.199000       0.521771       0.478230       0.044516       0.044027
       3.249000       0.517503       0.482498       0.042959       0.041293
       3.299000       0.513520       0.486481       0.041205       0.038354
       3.349000       0.509838       0.490163       0.039265       0.035264
       3.399000       0.506470       0.493531       0.037146       0.032084
       3.449000       0.503422       0.496579       0.034862       0.028881
       3.499000       0.500692       0.499309       0.032435       0.025718
       3.549000       0.498275       0.501726       0.029890       0.022650
       3.599000       0.496158       0.503843       0.027257       0.019718
       3.649000       0.494326       0.505675       0.024570       0.016952
       3.699000       0.492761       0.507240       0.021859       0.014372
       3.749000       0.491445       0.508556       0.019141       0.011996
       3.799000       0.490355       0.509646       0.016423       0.009845
       3.849000       0.489467       0.510534       0.013705       0.007947
       3.899000       0.488756       0.511245       0.010998       0.006326
       3.949000       0.488192       0.511809       0.008329       0.004997
       3.999000       0.487747       0.512254       0.005728       0.003959
       4.049000       0.487391       0.512610       0.003221       0.003196
       4.099000       0.487099       0.512902       0.000827       0.002686
       4.149000       0.486846       0.513155      -0.001448       0.002408
       4.199000       0.486610       0.513391      -0.003601       0.002344
       4.249000       0.486371       0.513630      -0.005629       0.002477
       4.299000       0.486109       0.513892      -0.007532       0.002793
       4.349000       0.485807       0.514194      -0.009305       0.003269
       4.399000       0.485451       0.514550      -0.010947       0.003876
       4.449000       0.485029       0.514972      -0.012465       0.004578
       4.499000       0.484533       0.515468      -0.013871       0.005345
       4.549000       0.483959       0.516043      -0.015182       0.006152
       4.599000       0.483302       0.516699      -0.016413       0.006983
       4.649000       0.482562       0.517440      -0.017581       0.007825
       4.699000       0.481737       0.518264      -0.018699       0.008670
       4.749000       0.480828       0.519173      -0.019782       0.009505
       4.799000       0.479836       0.520165      -0.020838       0.010319
       4.849000       0.478765       0.521236      -0.021870       0.011099
       4.899000       0.477618       0.522383      -0.022873       0.011833
       4.949000       0.476401       0.523601      -0.023844       0.012508
       4.999000       0.475119       0.524882      -0.024779       0.013113
       5.049000       0.473781       0.526220      -0.025681       0.013636
       5.099000       0.472395       0.527607      -0.026554       0.014070
       5.149000       0.470970       0.529031      -0.027405       0.014410
       5.199000       0.469516       0.530485      -0.028238       0.014653
       5.249000       0.468043       0.531959      -0.029060       0.014797
       5.299000       0.466560       0.533441      -0.029873       0.014842
       5.349000       0.465077       0.534924      -0.030683       0.014801
       5.399000       0.463602       0.536399      -0.031497       0.014688
       5.449000       0.462141       0.537860      -0.032316       0.014520
       5.499000       0.460700       0.539301      -0.033140       0.014301
       5.549000       0.459283       0.540718      -0.033972       0.014023
       5.599000       0.457897       0.542104      -0.034820       0.013679
       5.649000       0.456550       0.543452      -0.035698       0.013264
       5.699000       0.455247       0.544755      -0.036618       0.012786
       5.749000       0.453994       0.546007      -0.037589       0.012265
       5.799000       0.452794       0.547207      -0.038607       0.011726
       5.849000       0.451649       0.548353      -0.039663       0.011188
       5.899000       0.450556       0.549445      -0.040743       0.010665
       5.949000       0.449515       0.550486      -0.041832       0.010167
       5.999000       0.448522       0.551480      -0.042915       0.009700
       6.049000       0.447574       0.552428      -0.043983       0.009268
       6.099000       0.446667       0.553335      -0.045031       0.008879
       6.149000       0.445796       0.554205      -0.046054       0.008538
       6.199000       0.444957       0.555044      -0.047052       0.008244
       6.249000       0.444146       0.555855      -0.048024       0.007985
       6.299000       0.443360       0.556641      -0.048974       0.007746
       6.349000       0.442597       0.557404      -0.049909       0.007516
       6.399000       0.441857       0.558145      -0.050834       0.007292
       6.449000       0.441138       0.558863      -0.051747       0.007080
       6.499000       0.440440       0.559561      -0.052643       0.006890
       6.549000       0.439759       0.560242      -0.053520       0.006732
       6.599000       0.439092       0.560909      -0.054375       0.006609
       6.649000       0.438436       0.561565      -0.055206       0.006519
       6.699000       0.437788       0.562213      -0.056008       0.006452
       6.749000       0.437145       0.562856      -0.056772       0.006397
       6.799000       0.436508       0.563493      -0.057498       0.006338
       6.849000       0.435878       0.564123      -0.058192       0.006265
       6.899000       0.435256       0.564745      -0.058866       0.006179
       6.949000       0.434642       0.565359      -0.059533       0.006092
       6.999000       0.434037       0.565964      -0.060204       0.006024
       7.049000       0.433436       0.566565      -0.060884       0.005990
       7.099000       0.432837       0.567164      -0.061569       0.005996
       7.149000       0.432236       0.567765      -0.062255       0.006032
       7.199000       0.431631       0.568371      -0.062937       0.006079
       7.249000       0.431021       0.568980      -0.063615       0.006112
       7.299000       0.430409       0.569592      -0.064291       0.006113
       7.349000       0.429800       0.570202      -0.064971       0.006076
       7.399000       0.429195       0.570806      -0.065658       0.006008
       7.449000       0.428599       0.571403      -0.066355       0.005923
       7.499000       0.428010       0.571991      -0.067057       0.005842
       7.549000       0.427430       0.572572      -0.067757       0.005779
       7.599000       0.426854       0.573147      -0.068445       0.005737
       7.649000       0.426281       0.573720      -0.069113       0.005716
       7.699000       0.425710       0.574291      -0.069756       0.005710
       7.749000       0.425139       0.574862      -0.070376       0.005718
       7.799000       0.424566       0.575435      -0.070976       0.005743
       7.849000       0.423990       0.576011      -0.071556       0.005783
       7.899000       0.423409       0.576592      -0.072116       0.005827
       7.949000       0.422825       0.577176      -0.072662       0.005861
       7.999000       0.422238       0.577763      -0.073199       0.005873
       8.049000       0.421651       0.578350      -0.073733       0.005856
       8.099000       0.421068       0.578934      -0.074262       0.005813
       8.149000       0.420489       0.579512      -0.074786       0.005751
       8.199000       0.419918       0.580084      -0.075298       0.005681
       8.249000       0.419353       0.580648      -0.075799       0.005608
       8.299000       0.418796       0.581205      -0.076293       0.005534
       8.349000       0.418247       0.581755      -0.076784       0.005455
       8.399000       0.417705       0.582296      -0.077276       0.005365
       8.449000       0.417174       0.582827      -0.077770       0.005256
       8.499000       0.416655       0.583346      -0.078263       0.005127
       8.549000       0.416149       0.583852      -0.078754       0.004982
       8.599000       0.415659       0.584343      -0.079245       0.004835
       8.649000       0.415182       0.584820      -0.079738       0.004704
       8.699000       0.414717       0.585285      -0.080237       0.004604
       8.749000       0.414260       0.585741      -0.080742       0.004540
       8.799000       0.413808       0.586194      -0.081245       0.004508
       8.849000       0.413358       0.586644      -0.081738       0.004496
       8.899000       0.412908       0.587093      -0.082211       0.004493
       8.949000       0.412459       0.587542      -0.082658       0.004490
       8.999000       0.412010       0.587991      -0.083079       0.004487
       9.049000       0.411561       0.588440      -0.083477       0.004486
       9.099000       0.411113       0.588888      -0.083855       0.004484
       9.149000       0.410665       0.589336      -0.084216       0.004471
       9.199000       0.410220       0.589782      -0.084566       0.004428
       9.249000       0.409781       0.590220      -0.084915       0.004332
       9.299000       0.409355       0.590646      -0.085275       0.004172
       9.349000       0.408949       0.591052      -0.085656       0.003952
       9.399000       0.408567       0.591435      -0.086059       0.003690
       9.449000       0.408211       0.591790      -0.086484       0.003419
       9.499000       0.407882       0.592120      -0.086930       0.003177
       9.549000       0.407574       0.592428      -0.087393       0.002997
       9.599000       0.407279       0.592722      -0.087868       0.002905
       9.649000       0.406989       0.593012      -0.088342       0.002908
       9.699000       0.406695       0.593306      -0.088799       0.002996
       9.749000       0.406388       0.593613      -0.089220       0.003144
       9.799000       0.406065       0.593936      -0.089590       0.003312
       9.849000       0.405726       0.594275      -0.089901       0.003462
       9.899000       0.405375       0.594626      -0.090159       0.003560
       9.949000       0.405017       0.594985      -0.090375       0.003590
       9.999000       0.404659       0.595342      -0.090568       0.003553
      10.049000       0.404308       0.595693      -0.090757       0.003457
      10.099000       0.403969       0.596032      -0.090961       0.003319
      10.149000       0.403645       0.596356      -0.091189       0.003160
      10.199000       0.403337       0.596664      -0.091445       0.002997
      10.249000       0.403045       0.596956      -0.091725       0.002849
      10.299000       0.402766       0.597235      -0.092022       0.002725
      10.349000       0.402499       0.597502      -0.092332       0.002628
      10.399000       0.402240       0.597761      -0.092650       0.002552
      10.449000       0.401988       0.598013      -0.092975       0.002490
      10.499000       0.401742       0.598259      -0.093307       0.002431
      10.549000       0.401502       0.598499      -0.093646       0.002371
      10.599000       0.401268       0.598733      -0.093991       0.002311
      10.649000       0.401040       0.598962      -0.094340       0.002262
      10.699000       0.400815       0.599186      -0.094697       0.002235
      10.749000       0.400591       0.599410      -0.095063       0.002243
      10.799000       0.400365       0.599636      -0.095434       0.002288
      10.849000       0.400133       0.599869      -0.095800       0.002368
      10.899000       0.399891       0.600111      -0.096150       0.002471
      10.949000       0.399638       0.600363      -0.096475       0.002581
      10.999000       0.399375       0.600627      -0.096772       0.002684
      11.049000       0.399102       0.600900      -0.097039       0.002773
      11.099000       0.398821       0.601181      -0.097277       0.002847
      11.149000       0.398533       0.601468      -0.097483       0.002904
      11.199000       0.398240       0.601761      -0.097657       0.002942
      11.249000       0.397946       0.602056      -0.097804       0.002950
      11.299000       0.397652       0.602349      -0.097930       0.002916
      11.349000       0.397364       0.602637      -0.098050       0.002831
      11.399000       0.397087       0.602914      -0.098173       0.002695
      11.449000       0.396826       0.603175      -0.098311       0.002518
      11.499000       0.396584       0.603417      -0.098470       0.002323
      11.549000       0.396362       0.603640      -0.098651       0.002137
      11.599000       0.396156       0.603846      -0.098855       0.001987
      11.649000       0.395962       0.604039      -0.099081       0.001888
      11.699000       0.395776       0.604225      -0.099328       0.001841
      11.749000       0.395593       0.604408      -0.099588       0.001834
      11.799000       0.395409       0.604592      -0.099854       0.001848
      11.849000       0.395223       0.604778      -0.100115       0.001866
      11.899000       0.395036       0.604965      -0.100362       0.001881
      11.949000       0.394847       0.605154      -0.100588       0.001897
      11.999000       0.394656       0.605345      -0.100788       0.001919
      12.049000       0.394463       0.605538      -0.100970       0.001948
      12.099000       0.394267       0.605735      -0.101146       0.001976
      12.149000       0.394068       0.605933      -0.101330       0.001989
      12.199000       0.393870       0.606132      -0.101530       0.001978
      12.249000       0.393674       0.606328      -0.101744       0.001936
      12.299000       0.393484       0.606518      -0.101966       0.001859
      12.349000       0.393303       0.606698      -0.102188       0.001752
      12.399000       0.393134       0.606867      -0.102406       0.001628
      12.449000       0.392977       0.607024      -0.102618       0.001511
      12.499000       0.392831       0.607171      -0.102822       0.001421
      12.549000       0.392691       0.607310      -0.103013       0.001375
      12.599000       0.392554       0.607447      -0.103183       0.001376
      12.649000       0.392415       0.607587      -0.103329       0.001422
      12.699000       0.392269       0.607733      -0.103452       0.001504
      12.749000       0.392113       0.607889      -0.103560       0.001613
      12.799000       0.391945       0.608056      -0.103664       0.001736
      12.849000       0.391766       0.608236      -0.103772       0.001859
      12.899000       0.391574       0.608427      -0.103883       0.001963
      12.949000       0.391374       0.608627      -0.103992       0.002031
      12.999000       0.391170       0.608831      -0.104097       0.002049
      13.049000       0.390966       0.609035      -0.104203       0.002014
      13.099000       0.390768       0.609233      -0.104321       0.001940
      13.149000       0.390579       0.609423      -0.104458       0.001851
      13.199000       0.390398       0.609604      -0.104613       0.001773
      13.249000       0.390223       0.609778      -0.104773       0.001725
      13.299000       0.390052       0.609950      -0.104923       0.001709
      13.349000       0.389881       0.610121      -0.105055       0.001714
      13.399000       0.389709       0.610292      -0.105163       0.001719
      13.449000       0.389538       0.610463      -0.105249       0.001698
      13.499000       0.389371       0.610630      -0.105325       0.001628
      13.549000       0.389214       0.610787      -0.105407       0.001500
      13.599000       0.389073       0.610929      -0.105503       0.001326
      13.649000       0.388950       0.611052      -0.105618       0.001133
      13.699000       0.388846       0.611156      -0.105747       0.000953
      13.749000       0.388758       0.611243      -0.105889       0.000811
      13.799000       0.388682       0.611320      -0.106042       0.000725
      13.849000       0.388611       0.611390      -0.106207       0.000697
      13.899000       0.388541       0.611461      -0.106383       0.000720
      13.949000       0.388466       0.611535      -0.106564       0.000780
      13.999000       0.388384       0.611617      -0.106742       0.000859
      14.049000       0.388294       0.611707      -0.106913       0.000945
      14.099000       0.388195       0.611806      -0.107076       0.001037
      14.149000       0.388086       0.611915      -0.107233       0.001141
      14.199000       0.387966       0.612035      -0.107382       0.001261
      14.249000       0.387834       0.612168      -0.107516       0.001394
      14.299000       0.387688       0.612314      -0.107625       0.001521
      14.349000       0.387531       0.612471      -0.107701       0.001615
      14.399000       0.387366       0.612635      -0.107751       0.001656
      14.449000       0.387201       0.612800      -0.107788       0.001634
      14.499000       0.387041       0.612960      -0.107827       0.001559
      14.549000       0.386891       0.613111      -0.107881       0.001447
      14.599000       0.386753       0.613249      -0.107960       0.001316
      14.649000       0.386628       0.613374      -0.108068       0.001181
      14.699000       0.386516       0.613485      -0.108200       0.001047
      14.749000       0.386418       0.613583      -0.108349       0.000919
      14.799000       0.386332       0.613669      -0.108500       0.000801
      14.849000       0.386257       0.613744      -0.108644       0.000701
      14.899000       0.386191       0.613810      -0.108772       0.000631
      14.949000       0.386130       0.613872      -0.108881       0.000601
      14.999000       0.386069       0.613932      -0.108972       0.000616
      15.049000       0.386005       0.613996      -0.109044       0.000670
      15.099000       0.385934       0.614067      -0.109096       0.000750
      15.149000       0.385855       0.614146      -0.109130       0.000838
      15.199000       0.385767       0.614234      -0.109146       0.000918
      15.249000       0.385672       0.614329      -0.109156       0.000976
      15.299000       0.385573       0.614429      -0.109175       0.001010
      15.349000       0.385471       0.614531      -0.109225       0.001027
      15.399000       0.385367       0.614634      -0.109323       0.001040
      15.449000       0.385262       0.614739      -0.109469       0.001060
      15.499000       0.385155       0.614846      -0.109647       0.001089
      15.549000       0.385045       0.614956      -0.109829       0.001113
      15.599000       0.384933       0.615068      -0.109989       0.001112
      15.649000       0.384824       0.615177      -0.110116       0.001070
      15.699000       0.384721       0.615281      -0.110217       0.000988
      15.749000       0.384627       0.615375      -0.110308       0.000891
      15.799000       0.384542       0.615460      -0.110404       0.000817
      15.849000       0.384462       0.615540      -0.110505       0.000795
      15.899000       0.384381       0.615621      -0.110597       0.000831
      15.949000       0.384294       0.615707      -0.110666       0.000898
      15.999000       0.384201       0.615800      -0.110709       0.000957
      16.049000       0.384104       0.615897      -0.110737       0.000982
      16.099000       0.384006       0.615995      -0.110763       0.000969
      16.149000       0.383911       0.616090      -0.110795       0.000935
      16.199000       0.383819       0.616182      -0.110829       0.000907
      16.249000       0.383729       0.616272      -0.110856       0.000901
      16.299000       0.383638       0.616363      -0.110872       0.000917
      16.349000       0.383545       0.616456      -0.110880       0.000938
      16.399000       0.383451       0.616550      -0.110898       0.000938
      16.449000       0.383359       0.616642      -0.110944       0.000900
      16.499000       0.383273       0.616729      -0.111033       0.000824
      16.549000       0.383195       0.616806      -0.111162       0.000731
      16.599000       0.383126       0.616875      -0.111310       0.000648
      16.649000       0.383064       0.616937      -0.111450       0.000596
      16.699000       0.383006       0.616995      -0.111561       0.000580
      16.749000       0.382948       0.617054      -0.111637       0.000590
      16.799000       0.382888       0.617114      -0.111686       0.000607
      16.849000       0.382827       0.617175      -0.111720       0.000611
      16.899000       0.382766       0.617235      -0.111749       0.000588
      16.949000       0.382710       0.617291      -0.111780       0.000531
      16.999000       0.382661       0.617340      -0.111811       0.000439
      17.049000       0.382624       0.617378      -0.111842       0.000311
      17.099000       0.382600       0.617401      -0.111882       0.000150
      17.149000       0.382594       0.617407      -0.111943      -0.000041
      17.199000       0.382609       0.617392      -0.112035      -0.000254
      17.249000       0.382646       0.617356      -0.112161      -0.000476
      17.299000       0.382704       0.617298      -0.112317      -0.000685
      17.349000       0.382781       0.617220      -0.112492      -0.000855
      17.399000       0.382872       0.617129      -0.112672      -0.000953
      17.449000       0.382968       0.617033      -0.112844      -0.000949
      17.499000       0.383058       0.616943      -0.112998      -0.000825
      17.549000       0.383129       0.616872      -0.113120      -0.000582
      17.599000       0.383171       0.616830      -0.113198      -0.000246
      17.649000       0.383177       0.616824      -0.113223       0.000137
      17.699000       0.383144       0.616857      -0.113195       0.000514
      17.749000       0.383076       0.616925      -0.113121       0.000842
      17.799000       0.382978       0.617023      -0.113021       0.001106
      17.849000       0.382857       0.617144      -0.112913       0.001310
      17.899000       0.382717       0.617284      -0.112808       0.001473
      17.949000       0.382563       0.617438      -0.112707       0.001607
      17.999000       0.382397       0.617604      -0.112603       0.001707
      18.049000       0.382223       0.617778      -0.112490       0.001757
      18.099000       0.382048       0.617953      -0.112371       0.001734
      18.149000       0.381879       0.618122      -0.112262       0.001631
      18.199000       0.381724       0.618277      -0.112177       0.001457
      18.249000       0.381589       0.618412      -0.112128       0.001239
      18.299000       0.381477       0.618524      -0.112114       0.001012
      18.349000       0.381387       0.618615      -0.112128       0.000794
      18.399000       0.381317       0.618684      -0.112164       0.000592
      18.449000       0.381268       0.618733      -0.112220       0.000394
      18.499000       0.381239       0.618762      -0.112304       0.000191
      18.549000       0.381230       0.618771      -0.112422      -0.000019
      18.599000       0.381243       0.618759      -0.112577      -0.000225
      18.649000       0.381274       0.618727      -0.112763      -0.000407
      18.699000       0.381322       0.618679      -0.112968      -0.000541
      18.749000       0.381380       0.618621      -0.113178      -0.000609
      18.799000       0.381441       0.618560      -0.113382      -0.000597
      18.849000       0.381497       0.618504      -0.113574      -0.000502
      18.899000       0.381539       0.618462      -0.113745      -0.000330
      18.949000       0.381561       0.618440      -0.113889      -0.000099
      18.999000       0.381558       0.618443      -0.114000       0.000163
      19.049000       0.381529       0.618473      -0.114077       0.000426
      19.099000       0.381474       0.618528      -0.114116       0.000666
      19.149000       0.381397       0.618605      -0.114117       0.000867
      19.199000       0.381302       0.618700      -0.114080       0.001024
      19.249000       0.381194       0.618808      -0.114008       0.001131
      19.299000       0.381077       0.618924      -0.113912       0.001183
      19.349000       0.380959       0.619042      -0.113811       0.001173
      19.399000       0.380845       0.619156      -0.113727       0.001101
      19.449000       0.380740       0.619261      -0.113676       0.000982
      19.499000       0.380649       0.619352      -0.113663       0.000840
      19.549000       0.380572       0.619429      -0.113678       0.000698
      19.599000       0.380509       0.619492      -0.113712       0.000568
      19.649000       0.380458       0.619543      -0.113763       0.000446
      19.699000       0.380420       0.619581      -0.113835       0.000322
      19.749000       0.380394       0.619607      -0.113934       0.000185
      19.799000       0.380383       0.619618      -0.114054       0.000035
      19.849000       0.380388       0.619614      -0.114185      -0.000123
      19.899000       0.380408       0.619594      -0.114314      -0.000274
      19.949000       0.380442       0.619560      -0.114435      -0.000400
      19.999000       0.380486       0.619515      -0.114546      -0.000488
