     0.00000000      1.00070831     -0.00070831     -0.00020437      0.00029911
     0.20000000      0.97402849      0.02597153      0.07601179      0.09015157
     0.40000000      0.94115833      0.05884167      0.08212907      0.07568029
     0.60000000      0.91330500      0.08669500      0.07778356      0.06314397
     0.80000000      0.89099627      0.10900374      0.07438231      0.04837916
     1.00000000      0.87433619      0.12566383      0.07308421      0.03539308
     1.20000000      0.86195890      0.13804110      0.07191504      0.02753021
     1.40000000      0.85162128      0.14837873      0.07039582      0.02466766
     1.60000000      0.84182306      0.15817697      0.06730832      0.02493374
     1.80000000      0.83151329      0.16848671      0.06463268      0.02662771
     2.00000000      0.82057034      0.17942968      0.06302835      0.02783419
     2.20000000      0.80958649      0.19041352      0.06128988      0.02699367
     2.40000000      0.79878996      0.20121004      0.05949305      0.02695933
     2.60000000      0.78824642      0.21175358      0.05775049      0.02591226
     2.80000000      0.77798559      0.22201442      0.05586082      0.02533131
     3.00000000      0.76789779      0.23210222      0.05376429      0.02520804
     3.20000000      0.75784153      0.24215847      0.05183842      0.02505656
     3.40000000      0.74792697      0.25207305      0.04938073      0.02460764
     3.60000000      0.73814538      0.26185462      0.04733859      0.02399373
     3.80000000      0.72873767      0.27126234      0.04508759      0.02320705
     4.00000000      0.71961570      0.28038430      0.04278060      0.02239121
     4.20000000      0.71080765      0.28919235      0.04046940      0.02176876
     4.40000000      0.70213026      0.29786977      0.03868541      0.02164364
     4.60000000      0.69362377      0.30637626      0.03673499      0.02103097
     4.80000000      0.68516336      0.31483665      0.03455128      0.02125213
     5.00000000      0.67667644      0.32332357      0.03257344      0.02120045
     5.20000000      0.66827223      0.33172778      0.03088110      0.02071339
     5.40000000      0.66014160      0.33985844      0.02865064      0.02011931
     5.60000000      0.65219298      0.34780703      0.02693984      0.01955049
     5.80000000      0.64460191      0.35539811      0.02444216      0.01858720
     6.00000000      0.63716946      0.36283055      0.02268686      0.01856017
     6.20000000      0.62981629      0.37018372      0.02133710      0.01810224
     6.40000000      0.62264730      0.37735273      0.01948380      0.01770385
     6.60000000      0.61550182      0.38449820      0.01762455      0.01791567
     6.80000000      0.60841198      0.39158804      0.01631015      0.01727834
     7.00000000      0.60147397      0.39852605      0.01445446      0.01750547
     7.20000000      0.59451507      0.40548493      0.01289479      0.01736738
     7.40000000      0.58771176      0.41228824      0.01165960      0.01649524
     7.60000000      0.58117854      0.41882148      0.01023596      0.01627563
     7.80000000      0.57483666      0.42516334      0.00839276      0.01539178
     8.00000000      0.56880010      0.43119990      0.00693248      0.01466688
     8.20000000      0.56283100      0.43716900      0.00551436      0.01498794
     8.40000000      0.55686212      0.44313790      0.00468384      0.01470758
     8.60000000      0.55103111      0.44896893      0.00309733      0.01452047
     8.80000000      0.54526677      0.45473327      0.00178746      0.01431223
     9.00000000      0.53957199      0.46042801      0.00075069      0.01409754
     9.20000000      0.53394144      0.46605857     -0.00060552      0.01402856
     9.40000000      0.52830251      0.47169750     -0.00158369      0.01407213
     9.60000000      0.52276647      0.47723356     -0.00268668      0.01362007
     9.80000000      0.51740686      0.48259315     -0.00366524      0.01315839
    10.00000000      0.51220578      0.48779423     -0.00423840      0.01272306
    10.20000000      0.50733023      0.49266978     -0.00589299      0.01192373
    10.40000000      0.50244944      0.49755056     -0.00671606      0.01215183
    10.60000000      0.49760265      0.50239737     -0.00754709      0.01208940
    10.80000000      0.49279798      0.50720203     -0.00844155      0.01207045
    11.00000000      0.48807026      0.51192978     -0.00957491      0.01161720
    11.20000000      0.48341441      0.51658561     -0.01064830      0.01162461
    11.40000000      0.47869033      0.52130972     -0.01134681      0.01170974
    11.60000000      0.47415666      0.52584336     -0.01205584      0.01088349
    11.80000000      0.46979430      0.53020571     -0.01272219      0.01095442
    12.00000000      0.46547104      0.53452896     -0.01365987      0.01053004
    12.20000000      0.46122908      0.53877094     -0.01429532      0.01060046
    12.40000000      0.45706591      0.54293409     -0.01490055      0.01021082
    12.60000000      0.45303111      0.54696890     -0.01542523      0.00997417
    12.80000000      0.44917812      0.55082188     -0.01594731      0.00959115
    13.00000000      0.44537936      0.55462065     -0.01738547      0.00964830
    13.20000000      0.44150814      0.55849188     -0.01780300      0.00950014
    13.40000000      0.43775776      0.56224224     -0.01863114      0.00937964
    13.60000000      0.43399651      0.56600349     -0.01923031      0.00931328
    13.80000000      0.43028532      0.56971473     -0.02007271      0.00929735
    14.00000000      0.42654699      0.57345304     -0.02012002      0.00896460
    14.20000000      0.42289926      0.57710079     -0.02052810      0.00927165
    14.40000000      0.41931229      0.58068772     -0.02137306      0.00898089
    14.60000000      0.41581348      0.58418654     -0.02181447      0.00845661
    14.80000000      0.41238010      0.58761991     -0.02219397      0.00845865
    15.00000000      0.40906026      0.59093978     -0.02265763      0.00810284
    15.20000000      0.40582494      0.59417508     -0.02301559      0.00815609
    15.40000000      0.40269440      0.59730561     -0.02355004      0.00764020
    15.60000000      0.39966591      0.60033410     -0.02436452      0.00775099
    15.80000000      0.39654634      0.60345370     -0.02435636      0.00783928
    16.00000000      0.39352065      0.60647936     -0.02520610      0.00740919
    16.20000000      0.39044263      0.60955738     -0.02569074      0.00769778
    16.40000000      0.38736638      0.61263363     -0.02583916      0.00761146
    16.60000000      0.38444870      0.61555131     -0.02650038      0.00707098
    16.80000000      0.38148063      0.61851937     -0.02654885      0.00744681
    17.00000000      0.37866246      0.62133756     -0.02751911      0.00691060
    17.20000000      0.37582310      0.62417693     -0.02732735      0.00705296
    17.40000000      0.37307285      0.62692717     -0.02813177      0.00686070
    17.60000000      0.37031905      0.62968097     -0.02809255      0.00650678
    17.80000000      0.36763385      0.63236615     -0.02827223      0.00683824
    18.00000000      0.36496801      0.63503199     -0.02850836      0.00671923
    18.20000000      0.36235998      0.63764003     -0.02906229      0.00656824
    18.40000000      0.35977435      0.64022567     -0.02932972      0.00634308
    18.60000000      0.35725531      0.64274468     -0.02962114      0.00653540
    18.80000000      0.35483255      0.64516749     -0.03016694      0.00587608
    19.00000000      0.35248348      0.64751652     -0.03085887      0.00579036
    19.20000000      0.35012188      0.64987810     -0.03082840      0.00591599
    19.40000000      0.34782112      0.65217887     -0.03148134      0.00585857
    19.60000000      0.34550335      0.65449666     -0.03189873      0.00585839
    19.80000000      0.34314737      0.65685265     -0.03212019      0.00576982
    20.00000000      0.34078326      0.65921676     -0.03202165      0.00588888
    20.20000000      0.33843521      0.66156480     -0.03242757      0.00599312
    20.40000000      0.33597920      0.66402081     -0.03188494      0.00589516
    20.60000000      0.33367136      0.66632865     -0.03202868      0.00561065
    20.80000000      0.33142276      0.66857726     -0.03252092      0.00590518
    21.00000000      0.32915143      0.67084858     -0.03235888      0.00518771
    21.20000000      0.32717886      0.67282117     -0.03317673      0.00507699
    21.40000000      0.32519694      0.67480304     -0.03319739      0.00456749
    21.60000000      0.32337157      0.67662841     -0.03400189      0.00464677
    21.80000000      0.32151579      0.67848418     -0.03429524      0.00464833
    22.00000000      0.31961446      0.68038552     -0.03456266      0.00503701
    22.20000000      0.31761480      0.68238516     -0.03511056      0.00511885
    22.40000000      0.31564928      0.68435067     -0.03510918      0.00473226
    22.60000000      0.31381597      0.68618400     -0.03497530      0.00440097
    22.80000000      0.31202970      0.68797023     -0.03539664      0.00454436
    23.00000000      0.31012281      0.68987716     -0.03548616      0.00486712
    23.20000000      0.30814226      0.69185768     -0.03501687      0.00471139
    23.40000000      0.30633240      0.69366759     -0.03531162      0.00455522
    23.60000000      0.30453371      0.69546628     -0.03538773      0.00427122
    23.80000000      0.30290115      0.69709877     -0.03637415      0.00423313
    24.00000000      0.30109880      0.69890113     -0.03590914      0.00428894
    24.20000000      0.29940454      0.70059538     -0.03608812      0.00416949
    24.40000000      0.29778324      0.70221671     -0.03659984      0.00390598
    24.60000000      0.29606721      0.70393272     -0.03658433      0.00470377
    24.80000000      0.29433610      0.70566386     -0.03666238      0.00411707
    25.00000000      0.29267997      0.70731998     -0.03640431      0.00379047
    25.20000000      0.29113718      0.70886277     -0.03711649      0.00403812
    25.40000000      0.28952337      0.71047659     -0.03698380      0.00371535
    25.60000000      0.28799063      0.71200920     -0.03746731      0.00380446
    25.80000000      0.28652302      0.71347696     -0.03793476      0.00359948
    26.00000000      0.28511165      0.71488826     -0.03843961      0.00358272
    26.20000000      0.28366981      0.71633007     -0.03854594      0.00358115
    26.40000000      0.28222556      0.71777438     -0.03825100      0.00357376
    26.60000000      0.28082533      0.71917461     -0.03881717      0.00396665
    26.80000000      0.27923528      0.72076456     -0.03876137      0.00391672
    27.00000000      0.27759523      0.72240462     -0.03799046      0.00402933
    27.20000000      0.27608660      0.72391324     -0.03823758      0.00383394
    27.40000000      0.27457621      0.72542361     -0.03828859      0.00404078
    27.60000000      0.27296910      0.72703081     -0.03800083      0.00377257
    27.80000000      0.27152864      0.72847117     -0.03828369      0.00345415
    28.00000000      0.27022458      0.72977522     -0.03882687      0.00333396
    28.20000000      0.26889009      0.73110977     -0.03858234      0.00308069
    28.40000000      0.26767792      0.73232193     -0.03917249      0.00293385
    28.60000000      0.26643323      0.73356657     -0.03929523      0.00298256
    28.80000000      0.26526718      0.73473260     -0.03969855      0.00277367
    29.00000000      0.26417262      0.73582715     -0.04004587      0.00293078
    29.20000000      0.26303481      0.73696491     -0.04032558      0.00289972
    29.40000000      0.26182472      0.73817509     -0.04025921      0.00300131
    29.60000000      0.26058273      0.73941698     -0.04052746      0.00325798
    29.80000000      0.25935657      0.74064310     -0.04062553      0.00286054
    30.00000000      0.25813669      0.74186307     -0.04079471      0.00312002
    30.20000000      0.25688678      0.74311293     -0.04082588      0.00317341
    30.40000000      0.25556648      0.74443320     -0.04045599      0.00301461
    30.60000000      0.25426937      0.74573034     -0.04019085      0.00318800
    30.80000000      0.25299338      0.74700637     -0.04041154      0.00362357
    31.00000000      0.25162763      0.74837206     -0.04007122      0.00331881
    31.20000000      0.25035570      0.74964395     -0.04022171      0.00304965
    31.40000000      0.24917877      0.75082093     -0.04021161      0.00270076
    31.60000000      0.24816856      0.75183105     -0.04097716      0.00251933
    31.80000000      0.24715553      0.75284403     -0.04070816      0.00206804
    32.00000000      0.24634720      0.75365251     -0.04144061      0.00196266
    32.20000000      0.24547127      0.75452839     -0.04143780      0.00231847
    32.40000000      0.24454622      0.75545331     -0.04182836      0.00247540
    32.60000000      0.24347513      0.75652447     -0.04158522      0.00260547
    32.80000000      0.24247366      0.75752585     -0.04177655      0.00252154
    33.00000000      0.24142578      0.75857377     -0.04176367      0.00294174
    33.20000000      0.24032769      0.75967182     -0.04184970      0.00279222
    33.40000000      0.23922879      0.76077078     -0.04132070      0.00233766
    33.60000000      0.23825291      0.76174651     -0.04155821      0.00237848
    33.80000000      0.23737419      0.76262519     -0.04203184      0.00213109
    34.00000000      0.23657769      0.76342171     -0.04278190      0.00208630
    34.20000000      0.23567440      0.76432501     -0.04269551      0.00230563
    34.40000000      0.23482192      0.76517746     -0.04316823      0.00233955
    34.60000000      0.23381121      0.76618812     -0.04260019      0.00261261
    34.80000000      0.23284991      0.76714950     -0.04295560      0.00254784
    35.00000000      0.23178989      0.76820940     -0.04240026      0.00258389
    35.20000000      0.23071550      0.76928378     -0.04213640      0.00285222
    35.40000000      0.22956498      0.77043427     -0.04201615      0.00289655
    35.60000000      0.22840649      0.77159273     -0.04206017      0.00285077
    35.80000000      0.22729412      0.77270504     -0.04181824      0.00220543
    36.00000000      0.22634543      0.77365372     -0.04189913      0.00237120
    36.20000000      0.22560405      0.77439499     -0.04261587      0.00148255
    36.40000000      0.22487397      0.77512507     -0.04273673      0.00160162
    36.60000000      0.22426242      0.77573659     -0.04316540      0.00121534
    36.80000000      0.22370330      0.77629572     -0.04363024      0.00185087
    37.00000000      0.22303546      0.77696353     -0.04371936      0.00150642
    37.20000000      0.22238217      0.77761679     -0.04386949      0.00171580
    37.40000000      0.22164739      0.77835149     -0.04362649      0.00148081
    37.60000000      0.22096429      0.77903466     -0.04375012      0.00179248
    37.80000000      0.22024918      0.77974971     -0.04422750      0.00216172
    38.00000000      0.21937080      0.78062804     -0.04378038      0.00223720
    38.20000000      0.21852304      0.78147572     -0.04379094      0.00184639
    38.40000000      0.21763321      0.78236557     -0.04354346      0.00239912
    38.60000000      0.21679219      0.78320652     -0.04390635      0.00202571
    38.80000000      0.21590220      0.78409649     -0.04369155      0.00231417
    39.00000000      0.21505761      0.78494102     -0.04368009      0.00196419
    39.20000000      0.21416783      0.78583077     -0.04306593      0.00208807
    39.40000000      0.21334548      0.78665304     -0.04349870      0.00217028
    39.60000000      0.21246792      0.78753051     -0.04314593      0.00165648
    39.80000000      0.21173803      0.78826041     -0.04354753      0.00193251
    40.00000000      0.21094601      0.78905240     -0.04332635      0.00150935
    40.20000000      0.21037359      0.78962476     -0.04381403      0.00110356
    40.40000000      0.20977607      0.79022219     -0.04406655      0.00156207
    40.60000000      0.20917304      0.79082505     -0.04424872      0.00133727
    40.80000000      0.20861997      0.79137815     -0.04483612      0.00179534
    41.00000000      0.20794024      0.79205782     -0.04446845      0.00150615
    41.20000000      0.20740923      0.79258876     -0.04492036      0.00125728
    41.40000000      0.20674999      0.79324784     -0.04475494      0.00187285
    41.60000000      0.20601922      0.79397854     -0.04463481      0.00199906
    41.80000000      0.20537744      0.79462035     -0.04475183      0.00167629
    42.00000000      0.20475794      0.79523973     -0.04501934      0.00157251
    42.20000000      0.20412143      0.79587616     -0.04460473      0.00120404
    42.40000000      0.20363237      0.79636508     -0.04525897      0.00182037
    42.60000000      0.20294029      0.79705714     -0.04506014      0.00171132
    42.80000000      0.20229488      0.79770243     -0.04501350      0.00155207
    43.00000000      0.20169285      0.79830424     -0.04520277      0.00151883
    43.20000000      0.20092749      0.79906972     -0.04483651      0.00217863
    43.40000000      0.20017051      0.79982652     -0.04499388      0.00191264
    43.60000000      0.19938091      0.80061605     -0.04457092      0.00179998
    43.80000000      0.19862792      0.80136886     -0.04451697      0.00193335
    44.00000000      0.19789724      0.80209953     -0.04437002      0.00149004
    44.20000000      0.19730840      0.80268822     -0.04468849      0.00116277
    44.40000000      0.19678471      0.80321185     -0.04500288      0.00142385
    44.60000000      0.19624942      0.80374706     -0.04550387      0.00139623
    44.80000000      0.19570853      0.80428773     -0.04539524      0.00117462
    45.00000000      0.19523492      0.80476132     -0.04554518      0.00140641
    45.20000000      0.19468837      0.80530766     -0.04575418      0.00160704
    45.40000000      0.19404935      0.80594662     -0.04524771      0.00137309
    45.60000000      0.19348531      0.80651061     -0.04519932      0.00141110
    45.80000000      0.19288886      0.80710681     -0.04525870      0.00173135
    46.00000000      0.19227713      0.80771839     -0.04519357      0.00130258
    46.20000000      0.19179239      0.80820301     -0.04558824      0.00091597
    46.40000000      0.19136677      0.80862853     -0.04595655      0.00107297
    46.60000000      0.19099247      0.80900278     -0.04635249      0.00091034
    46.80000000      0.19073621      0.80925898     -0.04734769      0.00077787
    47.00000000      0.19032083      0.80967424     -0.04720956      0.00090324
    47.20000000      0.18994895      0.81004604     -0.04712416      0.00073951
    47.40000000      0.18948133      0.81051358     -0.04706565      0.00141641
    47.60000000      0.18892392      0.81107076     -0.04687382      0.00139094
    47.80000000      0.18818290      0.81181150     -0.04636085      0.00214404
    48.00000000      0.18733127      0.81266284     -0.04540657      0.00187691
    48.20000000      0.18657880      0.81341516     -0.04536803      0.00203707
    48.40000000      0.18582839      0.81416549     -0.04507705      0.00168090
    48.60000000      0.18515040      0.81484334     -0.04491604      0.00173330
    48.80000000      0.18455246      0.81544106     -0.04505390      0.00138754
    49.00000000      0.18410489      0.81588867     -0.04554846      0.00137692
    49.20000000      0.18365745      0.81633591     -0.04555835      0.00096266
    49.40000000      0.18327064      0.81672252     -0.04579143      0.00085928
    49.60000000      0.18289741      0.81709556     -0.04591551      0.00068660
    49.80000000      0.18265020      0.81734258     -0.04655617      0.00075840
    50.00000000      0.18229213      0.81770057     -0.04657460      0.00088969
    50.20000000      0.18196372      0.81802874     -0.04656037      0.00043980
    50.40000000      0.18174097      0.81825126     -0.04705656      0.00065580
    50.60000000      0.18139120      0.81860080     -0.04701362      0.00087467
    50.80000000      0.18099301      0.81899869     -0.04695879      0.00079946
    51.00000000      0.18064558      0.81934581     -0.04715039      0.00108521
    51.20000000      0.18023279      0.81975847     -0.04697403      0.00089852
    51.40000000      0.17980058      0.82019060     -0.04706754      0.00148037
    51.60000000      0.17923037      0.82076048     -0.04690252      0.00143799
    51.80000000      0.17861476      0.82137599     -0.04665491      0.00162014
    52.00000000      0.17807143      0.82191895     -0.04652594      0.00109048
    52.20000000      0.17758247      0.82240767     -0.04653076      0.00123908
    52.40000000      0.17711638      0.82287346     -0.04678454      0.00122309
    52.60000000      0.17667382      0.82331593     -0.04656147      0.00085093
    52.80000000      0.17635632      0.82363311     -0.04705996      0.00071240
    53.00000000      0.17594038      0.82404888     -0.04696043      0.00126521
    53.20000000      0.17553346      0.82445542     -0.04726260      0.00094138
    53.40000000      0.17504554      0.82494308     -0.04698191      0.00120695
    53.60000000      0.17456357      0.82542489     -0.04693610      0.00129067
    53.80000000      0.17399546      0.82599258     -0.04639053      0.00129938
    54.00000000      0.17352199      0.82646579     -0.04636561      0.00121565
    54.20000000      0.17305194      0.82693552     -0.04644727      0.00139024
    54.40000000      0.17253050      0.82745674     -0.04638650      0.00126863
    54.60000000      0.17209119      0.82789577     -0.04638995      0.00097565
    54.80000000      0.17181396      0.82817276     -0.04708557      0.00059177
    55.00000000      0.17153034      0.82845631     -0.04711927      0.00055306
    55.20000000      0.17129456      0.82869169     -0.04757588      0.00092790
    55.40000000      0.17103812      0.82894786     -0.04787759      0.00082051
    55.60000000      0.17071056      0.82927493     -0.04767995      0.00057940
    55.80000000      0.17042801      0.82955711     -0.04785680      0.00102392
    56.00000000      0.17004884      0.82993576     -0.04758580      0.00054395
    56.20000000      0.16961471      0.83036956     -0.04718390      0.00119639
    56.40000000      0.16924194      0.83074202     -0.04741618      0.00113810
    56.60000000      0.16883044      0.83115307     -0.04742427      0.00089418
    56.80000000      0.16850213      0.83148105     -0.04759561      0.00054156
    57.00000000      0.16819928      0.83178343     -0.04800720      0.00074589
    57.20000000      0.16786316      0.83211920     -0.04810217      0.00092241
    57.40000000      0.16762144      0.83236073     -0.04840710      0.00043550
    57.60000000      0.16740135      0.83258047     -0.04859681      0.00069170
    57.80000000      0.16700917      0.83297211     -0.04813188      0.00096643
    58.00000000      0.16660602      0.83337492     -0.04827742      0.00121372
    58.20000000      0.16614488      0.83383564     -0.04792137      0.00130802
    58.40000000      0.16557097      0.83440919     -0.04726273      0.00120174
    58.60000000      0.16496891      0.83501097     -0.04667572      0.00152154
    58.80000000      0.16450446      0.83547484     -0.04698954      0.00094099
    59.00000000      0.16405358      0.83592499     -0.04682969      0.00106273
    59.20000000      0.16362414      0.83635379     -0.04684830      0.00127876
    59.40000000      0.16331000      0.83666757     -0.04724104      0.00057914
    59.60000000      0.16300324      0.83697391     -0.04735713      0.00086411
    59.80000000      0.16270679      0.83727014     -0.04749555      0.00074422
    60.00000000      0.16242061      0.83755603     -0.04763028      0.00067059
    60.20000000      0.16206991      0.83790627     -0.04749584      0.00107356
    60.40000000      0.16176755      0.83820812     -0.04777045      0.00092601
    60.60000000      0.16147111      0.83850404     -0.04770608      0.00041586
    60.80000000      0.16128278      0.83869211     -0.04797235      0.00051422
    61.00000000      0.16105640      0.83891789     -0.04804658      0.00053701
    61.20000000      0.16093931      0.83903457     -0.04858160      0.00040376
    61.40000000      0.16087312      0.83910008     -0.04918098     -0.00002105
    61.60000000      0.16075006      0.83922257     -0.04913899      0.00009989
    61.80000000      0.16066635      0.83930565     -0.04932434      0.00028903
    62.00000000      0.16048735      0.83948404     -0.04941003      0.00070102
    62.20000000      0.16018580      0.83978512     -0.04911390      0.00055261
    62.40000000      0.15989202      0.84007823     -0.04911072      0.00090887
    62.60000000      0.15951451      0.84045499     -0.04917431      0.00113415
    62.80000000      0.15900890      0.84095991     -0.04839595      0.00104727
    63.00000000      0.15852299      0.84144526     -0.04789423      0.00114967
    63.20000000      0.15815269      0.84181492     -0.04823507      0.00136337
    63.40000000      0.15766861      0.84229854     -0.04795510      0.00115095
    63.60000000      0.15718373      0.84278264     -0.04763147      0.00105363
    63.80000000      0.15674741      0.84321860     -0.04775933      0.00134777
    64.00000000      0.15627697      0.84368842     -0.04738674      0.00071916
    64.20000000      0.15592480      0.84403966     -0.04740535      0.00095071
    64.40000000      0.15562747      0.84433643     -0.04777313      0.00088199
    64.60000000      0.15531881      0.84464414     -0.04738069      0.00013476
    64.80000000      0.15519903      0.84476352     -0.04797364      0.00020251
    65.00000000      0.15502437      0.84493718     -0.04808603      0.00047308
    65.20000000      0.15494163      0.84501914     -0.04882468      0.00026984
    65.40000000      0.15490172      0.84505848     -0.04925839      0.00011109
    65.60000000      0.15485557      0.84510406     -0.04930497      0.00007808
    65.80000000      0.15482479      0.84513398     -0.04956335      0.00037785
    66.00000000      0.15462735      0.84533061     -0.04951178      0.00088377
    66.20000000      0.15428022      0.84567707     -0.04894333      0.00085981
    66.40000000      0.15386871      0.84608794     -0.04851769      0.00111510
    66.60000000      0.15336106      0.84659477     -0.04788907      0.00114266
    66.80000000      0.15295902      0.84699613     -0.04776409      0.00079299
    67.00000000      0.15260287      0.84735138     -0.04778690      0.00088726
    67.20000000      0.15235600      0.84759745     -0.04799768      0.00052490
    67.40000000      0.15225036      0.84770220     -0.04884287      0.00031520
    67.60000000      0.15213456      0.84781738     -0.04903481     -0.00018482
    67.80000000      0.15218862      0.84776245     -0.04971985      0.00003483
    68.00000000      0.15220070      0.84774924     -0.05006055     -0.00010037
    68.20000000      0.15207711      0.84787190     -0.04995459      0.00049853
    68.40000000      0.15195029      0.84799779     -0.05000931      0.00036973
    68.60000000      0.15165585      0.84829129     -0.04963759      0.00112671
    68.80000000      0.15119868      0.84874731     -0.04919654      0.00101132
    69.00000000      0.15077797      0.84916704     -0.04898256      0.00095086
    69.20000000      0.15028912      0.84965470     -0.04828408      0.00135289
    69.40000000      0.14989228      0.85005070     -0.04833261      0.00105627
    69.60000000      0.14955740      0.85038472     -0.04850619      0.00081662
    69.80000000      0.14925028      0.85069111     -0.04845684      0.00041147
    70.00000000      0.14899553      0.85094467     -0.04836810      0.00088321
    70.20000000      0.14877379      0.85116555     -0.04859242      0.00088422
    70.40000000      0.14851643      0.85142189     -0.04864796      0.00045461
    70.60000000      0.14820120      0.85173613     -0.04842863      0.00088453
    70.80000000      0.14790051      0.85203559     -0.04825902      0.00058779
    71.00000000      0.14762600      0.85230869     -0.04834968      0.00102947
    71.20000000      0.14732242      0.85261137     -0.04814321      0.00045567
    71.40000000      0.14715921      0.85277353     -0.04853190      0.00051503
    71.60000000      0.14697980      0.85295182     -0.04858077      0.00032253
    71.80000000      0.14679766      0.85313300     -0.04880978      0.00031943
    72.00000000      0.14671212      0.85321710     -0.04885939     -0.00026985
    72.20000000      0.14673589      0.85319210     -0.04902268      0.00002106
    72.40000000      0.14673206      0.85319491     -0.04968539      0.00031774
    72.60000000      0.14656564      0.85336027     -0.04945458      0.00041517
    72.80000000      0.14644399      0.85348072     -0.04972217      0.00038814
    73.00000000      0.14627229      0.85365134     -0.04967768      0.00038216
    73.20000000      0.14609464      0.85382726     -0.04941322      0.00059379
    73.40000000      0.14600795      0.85391283     -0.04985277      0.00022306
    73.60000000      0.14586917      0.85405026     -0.04972366      0.00022293
    73.80000000      0.14575567      0.85416255     -0.04997978      0.00053750
    74.00000000      0.14557504      0.85434174     -0.04996592      0.00048369
    74.20000000      0.14539323      0.85452227     -0.04990726      0.00047419
    74.40000000      0.14516624      0.85474795     -0.05005295      0.00096804
    74.60000000      0.14490089      0.85501220     -0.04979626      0.00048228
    74.80000000      0.14460558      0.85530604     -0.04946047      0.00102937
    75.00000000      0.14424596      0.85566441     -0.04898110      0.00060544
    75.20000000      0.14390072      0.85600819     -0.04868696      0.00080121
    75.40000000      0.14358881      0.85631894     -0.04876583      0.00081368
    75.60000000      0.14323384      0.85667247     -0.04867339      0.00096389
    75.80000000      0.14285924      0.85704566     -0.04851556      0.00110090
    76.00000000      0.14256441      0.85733890     -0.04867995      0.00043851
    76.20000000      0.14229234      0.85760931     -0.04838216      0.00071670
    76.40000000      0.14208090      0.85781897     -0.04874172      0.00070682
    76.60000000      0.14186601      0.85803247     -0.04828766      0.00027944
    76.80000000      0.14171500      0.85818173     -0.04819636      0.00033466
    77.00000000      0.14157218      0.85832298     -0.04868619      0.00047557
    77.20000000      0.14134486      0.85854846     -0.04844407      0.00048073
    77.40000000      0.14126221      0.85862953     -0.04899903      0.00034589
    77.60000000      0.14122786      0.85866219     -0.04926823     -0.00005371
    77.80000000      0.14134721      0.85854169     -0.04997351     -0.00038171
    78.00000000      0.14145867      0.85842883     -0.05057362     -0.00022735
    78.20000000      0.14150743      0.85837833     -0.05072427     -0.00017779
    78.40000000      0.14155397      0.85833049     -0.05097911      0.00012848
    78.60000000      0.14149294      0.85838951     -0.05086830      0.00029577
    78.80000000      0.14135713      0.85852399     -0.05057449      0.00015945
    79.00000000      0.14118028      0.85869858     -0.05031961      0.00047607
    79.20000000      0.14086150      0.85901524     -0.04960680      0.00088053
    79.40000000      0.14053331      0.85934176     -0.04933822      0.00087398
    79.60000000      0.14024005      0.85963333     -0.04917585      0.00077633
    79.80000000      0.14001803      0.85985364     -0.04938099      0.00037716
    80.00000000      0.13976944      0.86010013     -0.04935727      0.00057022
    80.20000000      0.13961379      0.86025381     -0.04963067      0.00007793
    80.40000000      0.13958189      0.86028300     -0.05013582      0.00023795
    80.60000000      0.13948103      0.86038216     -0.05016773      0.00035389
    80.80000000      0.13938585      0.86047530     -0.05017834     -0.00024207
    81.00000000      0.13925305      0.86060630     -0.04990885      0.00045349
    81.20000000      0.13897610      0.86088083     -0.04955141      0.00065153
    81.40000000      0.13868050      0.86117466     -0.04930029      0.00092335
    81.60000000      0.13842136      0.86143170     -0.04920710      0.00066474
    81.80000000      0.13814648      0.86170450     -0.04880600      0.00066663
    82.00000000      0.13794450      0.86190432     -0.04911609      0.00073085
    82.20000000      0.13769377      0.86215301     -0.04926377      0.00041191
    82.40000000      0.13751108      0.86233369     -0.04929795      0.00030548
    82.60000000      0.13748299      0.86235957     -0.04997519      0.00019718
    82.80000000      0.13742999      0.86241041     -0.04974244     -0.00008755
    83.00000000      0.13739723      0.86244107     -0.04981049      0.00012337
    83.20000000      0.13721984      0.86261643     -0.04958091      0.00053267
    83.40000000      0.13708202      0.86275144     -0.04974538      0.00035691
    83.60000000      0.13690578      0.86292569     -0.04924978      0.00025505
    83.80000000      0.13670618      0.86312280     -0.04939655      0.00081465
    84.00000000      0.13644416      0.86338209     -0.04906396      0.00063604
    84.20000000      0.13622931      0.86359454     -0.04902804      0.00029818
    84.40000000      0.13609781      0.86372404     -0.04940698      0.00056022
    84.60000000      0.13584241      0.86397670     -0.04886549      0.00025465
    84.80000000      0.13574078      0.86407639     -0.04936157      0.00023001
    85.00000000      0.13570224      0.86411278     -0.04964886     -0.00001810
    85.20000000      0.13568266      0.86412995     -0.04984943      0.00016891
    85.40000000      0.13567843      0.86413136     -0.04976981     -0.00025824
    85.60000000      0.13590083      0.86390694     -0.05089718     -0.00044348
    85.80000000      0.13594212      0.86386317     -0.05074171     -0.00039258
    86.00000000      0.13602137      0.86378147     -0.05090974     -0.00021429
    86.20000000      0.13616827      0.86363172     -0.05148950     -0.00036118
    86.40000000      0.13625166      0.86354576     -0.05180097     -0.00020578
    86.60000000      0.13621438      0.86357998     -0.05142448      0.00015928
    86.80000000      0.13618853      0.86360299     -0.05142830     -0.00010897
    87.00000000      0.13606263      0.86372605     -0.05115256      0.00050963
    87.20000000      0.13575792      0.86402780     -0.05032287      0.00059591
    87.40000000      0.13539413      0.86438814     -0.04993986      0.00125985
    87.60000000      0.13490773      0.86487153     -0.04912740      0.00080158
    87.80000000      0.13451594      0.86526016     -0.04886026      0.00104037
    88.00000000      0.13407744      0.86569528     -0.04833041      0.00095445
    88.20000000      0.13380445      0.86596513     -0.04876338      0.00080227
    88.40000000      0.13354186      0.86622477     -0.04850227      0.00035756
    88.60000000      0.13353070      0.86623294     -0.04919335      0.00039267
    88.80000000      0.13345607      0.86630453     -0.04919555     -0.00001863
    89.00000000      0.13336231      0.86639591     -0.04921095      0.00023288
    89.20000000      0.13335749      0.86639744     -0.04959636     -0.00000510
    89.40000000      0.13330731      0.86644510     -0.04943976      0.00015035
    89.60000000      0.13319994      0.86654903     -0.04947253      0.00062655
    89.80000000      0.13305358      0.86669220     -0.04920827      0.00006535
    90.00000000      0.13300720      0.86673534     -0.04947718      0.00017073
    90.20000000      0.13291329      0.86682587     -0.04952388      0.00027382
    90.40000000      0.13289643      0.86684011     -0.04995957      0.00005205
    90.60000000      0.13287588      0.86685786     -0.05037023      0.00004638
    90.80000000      0.13287886      0.86685119     -0.05038552     -0.00008844
    91.00000000      0.13294100      0.86678543     -0.05060088     -0.00016726
    91.20000000      0.13295674      0.86676648     -0.05054560      0.00014835
    91.40000000      0.13294345      0.86677598     -0.05061041     -0.00009551
    91.60000000      0.13289406      0.86682187     -0.05050232      0.00019993
    91.80000000      0.13282038      0.86689221     -0.05041263      0.00027868
    92.00000000      0.13264451      0.86706437     -0.05013869      0.00044131
    92.20000000      0.13250804      0.86719701     -0.05025171      0.00017846
    92.40000000      0.13239769      0.86730401     -0.05015929      0.00013907
    92.60000000      0.13245088      0.86724685     -0.05100820      0.00026091
    92.80000000      0.13241982      0.86727455     -0.05069834     -0.00056644
    93.00000000      0.13254657      0.86714409     -0.05114986      0.00002601
    93.20000000      0.13265200      0.86703434     -0.05139660     -0.00002289
    93.40000000      0.13261427      0.86706802     -0.05095842      0.00025228
    93.60000000      0.13257163      0.86710662     -0.05111856      0.00045623
    93.80000000      0.13228953      0.86738411     -0.05075143      0.00098488
    94.00000000      0.13190895      0.86776011     -0.04972966      0.00057383
    94.20000000      0.13159259      0.86807233     -0.04943164      0.00096017
    94.40000000      0.13123014      0.86843010     -0.04910577      0.00072158
    94.60000000      0.13091512      0.86874163     -0.04876692      0.00065291
    94.80000000      0.13073247      0.86892007     -0.04893614      0.00033552
    95.00000000      0.13056793      0.86908042     -0.04893945      0.00039946
    95.20000000      0.13047318      0.86917124     -0.04944406      0.00025244
    95.40000000      0.13038039      0.86925943     -0.04945322      0.00009611
    95.60000000      0.13037134      0.86926427     -0.04952503      0.00006595
    95.80000000      0.13047680      0.86915428     -0.05007032     -0.00015242
    96.00000000      0.13042918      0.86919756     -0.04973704     -0.00023452
    96.20000000      0.13043171      0.86919131     -0.05008721      0.00042591
    96.40000000      0.13039952      0.86921867     -0.05026659     -0.00002216
    96.60000000      0.13037073      0.86924342     -0.05033006      0.00011816
    96.80000000      0.13027866      0.86933102     -0.04995970      0.00011570
    97.00000000      0.13022138      0.86938376     -0.05005318      0.00035541
    97.20000000      0.13016939      0.86943116     -0.04981787      0.00003065
    97.40000000      0.13014002      0.86945508     -0.05008607      0.00037308
    97.60000000      0.13004243      0.86954839     -0.05015920      0.00008147
    97.80000000      0.12987428      0.86971220     -0.04968032      0.00035997
    98.00000000      0.12981859      0.86976191     -0.04983226      0.00011415
    98.20000000      0.12974604      0.86982979     -0.04990259      0.00006876
    98.40000000      0.12969883      0.86987237     -0.04997137      0.00006042
    98.60000000      0.12969815      0.86986768     -0.05029504     -0.00025485
    98.80000000      0.12974620      0.86981444     -0.05039599     -0.00016332
    99.00000000      0.12979615      0.86975935     -0.05073551      0.00013080
    99.20000000      0.12984622      0.86970418     -0.05106181     -0.00016606
    99.40000000      0.12987281      0.86967142     -0.05104976     -0.00020710
    99.60000000      0.12977237      0.86976685     -0.05056253      0.00033370
    99.80000000      0.12973659      0.86979729     -0.05062045     -0.00004679
   100.00000000      0.12963247      0.86989526     -0.05031245      0.00051498
   100.20000000      0.12944027      0.87008302     -0.05030460      0.00043114
   100.40000000      0.12928418      0.87023311     -0.05002614      0.00002862
   100.60000000      0.12929066      0.87022119     -0.05041599      0.00017604
   100.80000000      0.12933004      0.87017622     -0.05066581     -0.00045668
   101.00000000      0.12935279      0.87014806     -0.05084314      0.00005879
   101.20000000      0.12939469      0.87010033     -0.05106259     -0.00035563
   101.40000000      0.12944870      0.87003984     -0.05128634      0.00008673
   101.60000000      0.12941674      0.87006563     -0.05113950      0.00006461
   101.80000000      0.12928394      0.87019241     -0.05080864      0.00058820
   102.00000000      0.12901544      0.87045468     -0.05013084      0.00070393
   102.20000000      0.12871812      0.87074638     -0.04962217      0.00079814
   102.40000000      0.12840640      0.87105060     -0.04930207      0.00108866
   102.60000000      0.12808128      0.87136921     -0.04888196      0.00069861
   102.80000000      0.12778545      0.87165853     -0.04878324      0.00076070
   103.00000000      0.12744449      0.87199280     -0.04828583      0.00083828
   103.20000000      0.12735600      0.87207529     -0.04899464     -0.00010430
   103.40000000      0.12727684      0.87214912     -0.04896411      0.00012162
   103.60000000      0.12733650      0.87208436     -0.04935417     -0.00028780
   103.80000000      0.12738869      0.87202511     -0.04945933     -0.00029804
   104.00000000      0.12744291      0.87196454     -0.04962152      0.00011191
   104.20000000      0.12746071      0.87194072     -0.04984192      0.00003704
   104.40000000      0.12750359      0.87189163     -0.05011290     -0.00002723
   104.60000000      0.12753088      0.87185856     -0.05013927      0.00003512
   104.80000000      0.12751890      0.87186412     -0.04986391     -0.00025516
   105.00000000      0.12763932      0.87173647     -0.05032370     -0.00030949
   105.20000000      0.12782747      0.87154173     -0.05094467     -0.00047313
   105.40000000      0.12796921      0.87139292     -0.05100923     -0.00034828
   105.60000000      0.12815155      0.87120406     -0.05125967     -0.00055766
   105.80000000      0.12830376      0.87104506     -0.05149878     -0.00026936
   106.00000000      0.12840757      0.87093476     -0.05150387     -0.00039200
   106.20000000      0.12849215      0.87084152     -0.05135907     -0.00026165
   106.40000000      0.12860512      0.87071985     -0.05169191     -0.00006939
   106.60000000      0.12846846      0.87084922     -0.05084255      0.00023615
   106.80000000      0.12845522      0.87085413     -0.05096345     -0.00009366
   107.00000000      0.12843220      0.87086894     -0.05105200      0.00002716
   107.20000000      0.12833373      0.87095916     -0.05084245      0.00008186
   107.40000000      0.12821735      0.87106649     -0.05047973      0.00019382
   107.60000000      0.12815074      0.87112542     -0.05073607      0.00039494
   107.80000000      0.12792059      0.87134677     -0.05035989      0.00065000
   108.00000000      0.12769634      0.87156199     -0.04996023      0.00062548
   108.20000000      0.12759584      0.87165463     -0.05042747      0.00041470
   108.40000000      0.12731405      0.87192860     -0.04954246      0.00041693
   108.60000000      0.12708543      0.87214752     -0.04917463      0.00049261
   108.80000000      0.12686251      0.87236253     -0.04906776      0.00047321
   109.00000000      0.12675438      0.87246088     -0.04905349      0.00030565
   109.20000000      0.12672681      0.87247970     -0.04941718      0.00010537
   109.40000000      0.12660742      0.87258955     -0.04928449      0.00015489
   109.60000000      0.12653726      0.87265094     -0.04928021      0.00007441
   109.80000000      0.12661222      0.87256768     -0.05001397     -0.00012330
   110.00000000      0.12664351      0.87252886     -0.05008336      0.00000254
   110.20000000      0.12667052      0.87249286     -0.04999973     -0.00026795
   110.40000000      0.12667395      0.87248064     -0.04993653      0.00019231
   110.60000000      0.12667559      0.87246837     -0.05023561      0.00028629
   110.80000000      0.12663037      0.87250441     -0.05008197     -0.00036214
   111.00000000      0.12667229      0.87245408     -0.05002726     -0.00005466
   111.20000000      0.12667984      0.87243801     -0.05012031     -0.00006149
   111.40000000      0.12674531      0.87236266     -0.05070693     -0.00003608
   111.60000000      0.12676671      0.87233122     -0.05061129     -0.00039853
   111.80000000      0.12684959      0.87223891     -0.05069228     -0.00014354
   112.00000000      0.12688442      0.87219396     -0.05047835     -0.00008571
   112.20000000      0.12685234      0.87221558     -0.05020444      0.00011583
   112.40000000      0.12672080      0.87233701     -0.04999397      0.00042554
   112.60000000      0.12649511      0.87255242     -0.04957271      0.00034900
   112.80000000      0.12632511      0.87271087     -0.04961158      0.00059513
   113.00000000      0.12617445      0.87285134     -0.04935161      0.00018608
   113.20000000      0.12630041      0.87271498     -0.05002799     -0.00045845
   113.40000000      0.12641745      0.87258715     -0.05022965     -0.00033807
   113.60000000      0.12667556      0.87231955     -0.05089846     -0.00094662
   113.80000000      0.12707678      0.87190897     -0.05174129     -0.00127974
   114.00000000      0.12740672      0.87156857     -0.05178234     -0.00091245
   114.20000000      0.12765955      0.87130605     -0.05171681     -0.00068230
   114.40000000      0.12791311      0.87104082     -0.05221878     -0.00024762
   114.60000000      0.12789976      0.87104218     -0.05165213      0.00011170
   114.80000000      0.12774588      0.87118359     -0.05101239      0.00061757
   115.00000000      0.12750368      0.87141485     -0.05039983      0.00055362
   115.20000000      0.12723935      0.87166647     -0.04986132      0.00068336
   115.40000000      0.12700056      0.87189238     -0.04971750      0.00037216
   115.60000000      0.12675739      0.87212080     -0.04920852      0.00016106
   115.80000000      0.12657783      0.87228848     -0.04906435      0.00021747
   116.00000000      0.12655095      0.87230362     -0.04951974     -0.00017884
   116.20000000      0.12664974      0.87219354     -0.05012260     -0.00019707
   116.40000000      0.12664030      0.87218993     -0.04990260     -0.00005865
   116.60000000      0.12669648      0.87212095     -0.04990247      0.00005158
   116.80000000      0.12674186      0.87206313     -0.05009068      0.00002427
   117.00000000      0.12677411      0.87201766     -0.05012318      0.00001652
   117.20000000      0.12674345      0.87203633     -0.04991799     -0.00025902
   117.40000000      0.12663404      0.87213299     -0.04967480      0.00033556
   117.60000000      0.12662571      0.87212995     -0.04998469     -0.00014111
   117.80000000      0.12659545      0.87214601     -0.04981338      0.00007831
   118.00000000      0.12654524      0.87218229     -0.04978988     -0.00001177
   118.20000000      0.12645988      0.87225552     -0.04933155      0.00024629
   118.40000000      0.12640106      0.87230119     -0.04932444      0.00026481
   118.60000000      0.12640858      0.87228061     -0.04972510      0.00008972
   118.80000000      0.12623844      0.87243545     -0.04899456      0.00040991
   119.00000000      0.12614663      0.87251288     -0.04913579      0.00032702
   119.20000000      0.12607114      0.87257507     -0.04900665      0.00007932
   119.40000000      0.12609458      0.87253860     -0.04926394     -0.00002878
   119.60000000      0.12610415      0.87251426     -0.04940469     -0.00017246
   119.80000000      0.12610564      0.87249883     -0.04940327     -0.00011333
   120.00000000      0.12621213      0.87237980     -0.04969226     -0.00029216
   120.20000000      0.12635929      0.87221960     -0.05007209     -0.00075847
   120.40000000      0.12648977      0.87207466     -0.05007455     -0.00044227
   120.60000000      0.12667703      0.87187261     -0.05014660     -0.00076944
   120.80000000      0.12692307      0.87161415     -0.05072820     -0.00025481
   121.00000000      0.12706873      0.87145221     -0.05065922     -0.00047724
   121.20000000      0.12721249      0.87129180     -0.05073003     -0.00042502
   121.40000000      0.12738789      0.87110365     -0.05086458     -0.00058502
   121.60000000      0.12762264      0.87085259     -0.05131497     -0.00037100
   121.80000000      0.12776009      0.87070104     -0.05142626     -0.00027612
   122.00000000      0.12801320      0.87043176     -0.05193362     -0.00080210
   122.20000000      0.12815849      0.87027038     -0.05133535     -0.00064503
   122.40000000      0.12838178      0.87003089     -0.05169474     -0.00033069
   122.60000000      0.12846047      0.86993383     -0.05103372     -0.00040011
   122.80000000      0.12849070      0.86988756     -0.05087392      0.00028752
   123.00000000      0.12832564      0.87003256     -0.05034133      0.00052287
   123.20000000      0.12811239      0.87022737     -0.04976449      0.00043343
   123.40000000      0.12785846      0.87046302     -0.04914112      0.00039051
   123.60000000      0.12766154      0.87064076     -0.04909915      0.00070185
   123.80000000      0.12743718      0.87084651     -0.04877691      0.00034280
   124.00000000      0.12730796      0.87095740     -0.04889698      0.00044234
   124.20000000      0.12717011      0.87107791     -0.04881183      0.00026888
   124.40000000      0.12712359      0.87111086     -0.04877383     -0.00044055
   124.60000000      0.12716482      0.87105056     -0.04922538      0.00017447
   124.80000000      0.12703133      0.87116688     -0.04860461      0.00018867
   125.00000000      0.12697043      0.87120656     -0.04892735      0.00012906
   125.20000000      0.12683034      0.87132885     -0.04848771      0.00014924
   125.40000000      0.12677295      0.87136573     -0.04845407     -0.00003895
   125.60000000      0.12677442      0.87134560     -0.04868091     -0.00031003
   125.80000000      0.12673758      0.87136485     -0.04844683     -0.00006264
   126.00000000      0.12685480      0.87123016     -0.04888087     -0.00046668
   126.20000000      0.12705896      0.87100873     -0.04938801     -0.00072922
   126.40000000      0.12730547      0.87074509     -0.04983556     -0.00072901
   126.60000000      0.12754057      0.87049081     -0.05004080     -0.00061139
   126.80000000      0.12783580      0.87017614     -0.05052281     -0.00083495
   127.00000000      0.12797527      0.87001726     -0.05018102     -0.00053278
   127.20000000      0.12811430      0.86985834     -0.05050220     -0.00019078
   127.40000000      0.12810050      0.86985365     -0.05004112     -0.00024133
   127.60000000      0.12813613      0.86979544     -0.04964533     -0.00021791
   127.80000000      0.12817717      0.86973183     -0.04982534      0.00020466
   128.00000000      0.12814240      0.86974565     -0.04956809     -0.00010813
   128.20000000      0.12820958      0.86965721     -0.05008677     -0.00010583
   128.40000000      0.12830704      0.86953805     -0.05012586     -0.00037934
   128.60000000      0.12840989      0.86941413     -0.04989333     -0.00045656
   128.80000000      0.12861551      0.86918656     -0.05057445     -0.00030945
   129.00000000      0.12875514      0.86902551     -0.05047005     -0.00081417
   129.20000000      0.12899912      0.86875954     -0.05065628     -0.00045330
   129.40000000      0.12903641      0.86870004     -0.05006330     -0.00016154
   129.60000000      0.12910949      0.86860221     -0.04999430     -0.00009887
   129.80000000      0.12908816      0.86859771     -0.04973435      0.00016404
   130.00000000      0.12904339      0.86862011     -0.04947007      0.00009234
   130.20000000      0.12902189      0.86861718     -0.04961596      0.00017610
   130.40000000      0.12896958      0.86864736     -0.04958785     -0.00020400
   130.60000000      0.12891352      0.86867845     -0.04921597     -0.00008126
   130.80000000      0.12889332      0.86866957     -0.04913936      0.00013981
   131.00000000      0.12891406      0.86862637     -0.04943872      0.00025304
   131.20000000      0.12886717      0.86864774     -0.04915252     -0.00009619
   131.40000000      0.12890470      0.86858642     -0.04930899     -0.00025132
   131.60000000      0.12902016      0.86844713     -0.04940112     -0.00049715
   131.80000000      0.12922647      0.86821413     -0.05021933     -0.00009806
   132.00000000      0.12924583      0.86816997     -0.04952565     -0.00035354
   132.20000000      0.12946638      0.86792567     -0.05013482     -0.00070628
   132.40000000      0.12955973      0.86780840     -0.04984978     -0.00036429
   132.60000000      0.12972059      0.86762222     -0.04995780     -0.00040919
   132.80000000      0.12981288      0.86750500     -0.04971998     -0.00004456
   133.00000000      0.12982300      0.86746446     -0.04979326      0.00023147
   133.20000000      0.12965663      0.86760310     -0.04886131      0.00018139
   133.40000000      0.12954427      0.86768455     -0.04869156      0.00038121
   133.60000000      0.12933042      0.86786546     -0.04829531      0.00041607
   133.80000000      0.12906779      0.86809571     -0.04783088      0.00057961
   134.00000000      0.12886440      0.86827593     -0.04780687      0.00022397
   134.20000000      0.12877161      0.86834164     -0.04784807      0.00000176
   134.40000000      0.12883897      0.86824912     -0.04834728     -0.00010301
   134.60000000      0.12901705      0.86804474     -0.04895779     -0.00075055
   134.80000000      0.12925360      0.86778112     -0.04914603     -0.00081806
   135.00000000      0.12955202      0.86745652     -0.04956386     -0.00065093
   135.20000000      0.12979296      0.86718766     -0.04975744     -0.00047157
   135.40000000      0.12992387      0.86702889     -0.04951949     -0.00025252
   135.60000000      0.12998841      0.86693567     -0.04918387     -0.00028312
   135.80000000      0.13007228      0.86682024     -0.04938733      0.00002244
   136.00000000      0.13005329      0.86680717     -0.04895482     -0.00020528
   136.20000000      0.13010268      0.86672798     -0.04905678     -0.00013045
   136.40000000      0.13017309      0.86662398     -0.04930428     -0.00031262
   136.60000000      0.13027783      0.86648969     -0.04919814     -0.00064621
   136.80000000      0.13052028      0.86621956     -0.04969932     -0.00071348
   137.00000000      0.13073936      0.86596931     -0.04973222     -0.00067743
   137.20000000      0.13112511      0.86555753     -0.05065456     -0.00091869
   137.40000000      0.13138722      0.86526437     -0.05035237     -0.00076836
   137.60000000      0.13160646      0.86501260     -0.05009970     -0.00054603
   137.80000000      0.13188428      0.86469889     -0.05035354     -0.00081668
   138.00000000      0.13205577      0.86449411     -0.05000031     -0.00054089
   138.20000000      0.13215254      0.86436212     -0.05000820     -0.00018372
   138.40000000      0.13225506      0.86422420     -0.04991194     -0.00053608
   138.60000000      0.13234211      0.86410165     -0.04955847     -0.00037498
   138.80000000      0.13255502      0.86385799     -0.04988328     -0.00048250
   139.00000000      0.13271254      0.86366591     -0.05004531     -0.00043164
   139.20000000      0.13280254      0.86353662     -0.04978543     -0.00057715
   139.40000000      0.13291893      0.86338355     -0.04977496     -0.00018427
   139.60000000      0.13283432      0.86343076     -0.04917468     -0.00001845
   139.80000000      0.13276940      0.86345588     -0.04889739     -0.00009848
   140.00000000      0.13265978      0.86352699     -0.04855605      0.00033941
   140.20000000      0.13249187      0.86365372     -0.04831831      0.00046639
   140.40000000      0.13231265      0.86379309     -0.04788978     -0.00033703
   140.60000000      0.13234387      0.86372294     -0.04827873     -0.00004910
   140.80000000      0.13228324      0.86374277     -0.04780044     -0.00005239
   141.00000000      0.13239554      0.86359300     -0.04818024     -0.00048956
   141.20000000      0.13255701      0.86339640     -0.04850510     -0.00032219
   141.40000000      0.13270468      0.86321159     -0.04840122     -0.00073957
   141.60000000      0.13295661      0.86292278     -0.04880134     -0.00063496
   141.80000000      0.13303289      0.86280619     -0.04854700     -0.00016671
   142.00000000      0.13303486      0.86276490     -0.04822202     -0.00032601
   142.20000000      0.13312627      0.86263236     -0.04810948     -0.00042163
   142.40000000      0.13319432      0.86252242     -0.04815415     -0.00011473
   142.60000000      0.13323519      0.86244043     -0.04816546     -0.00020936
   142.80000000      0.13327080      0.86236578     -0.04801519     -0.00051088
   143.00000000      0.13336763      0.86222411     -0.04800836     -0.00035032
   143.20000000      0.13350303      0.86204758     -0.04818917     -0.00014907
   143.40000000      0.13354043      0.86196872     -0.04790078     -0.00020792
   143.60000000      0.13363657      0.86182557     -0.04830521     -0.00026690
   143.80000000      0.13368445      0.86173633     -0.04775964     -0.00054831
   144.00000000      0.13386320      0.86151237     -0.04813511     -0.00058757
   144.20000000      0.13400900      0.86132744     -0.04812216     -0.00067936
   144.40000000      0.13426487      0.86103097     -0.04869081     -0.00063759
   144.60000000      0.13450553      0.86074887     -0.04902857     -0.00116974
   144.80000000      0.13487276      0.86034631     -0.04951251     -0.00101546
   145.00000000      0.13530880      0.85987261     -0.04995903     -0.00154076
   145.20000000      0.13586463      0.85928017     -0.05034697     -0.00159872
   145.40000000      0.13641627      0.85868647     -0.05076512     -0.00107064
   145.60000000      0.13685090      0.85820854     -0.05056512     -0.00134804
   145.80000000      0.13720623      0.85780317     -0.05049334     -0.00058100
   146.00000000      0.13736738      0.85758728     -0.05015362     -0.00035098
   146.20000000      0.13747072      0.85742756     -0.04967786     -0.00031526
   146.40000000      0.13747509      0.85737280     -0.04899563     -0.00047233
   146.60000000      0.13752645      0.85726684     -0.04884970     -0.00015217
   146.80000000      0.13751327      0.85722237     -0.04860167     -0.00013968
   147.00000000      0.13757702      0.85710576     -0.04857954     -0.00038110
   147.20000000      0.13763971      0.85699218     -0.04855494     -0.00015805
   147.40000000      0.13766657      0.85691838     -0.04854109     -0.00005001
   147.60000000      0.13768603      0.85685047     -0.04797989     -0.00033580
   147.80000000      0.13783460      0.85664735     -0.04829771     -0.00029701
   148.00000000      0.13792350      0.85650251     -0.04831281     -0.00015069
   148.20000000      0.13785141      0.85652242     -0.04765824     -0.00009263
   148.40000000      0.13768752      0.85662696     -0.04707593      0.00021248
   148.60000000      0.13763738      0.85662094     -0.04722840     -0.00012059
   148.80000000      0.13758994      0.85661674     -0.04712442     -0.00010095
   149.00000000      0.13762058      0.85654486     -0.04738786     -0.00033020
   149.20000000      0.13771073      0.85641079     -0.04738240     -0.00099330
   149.40000000      0.13806866      0.85600996     -0.04846585     -0.00092735
   149.60000000      0.13840603      0.85564165     -0.04869279     -0.00107033
   149.80000000      0.13884553      0.85519845     -0.04910859     -0.00105696
   150.00000000      0.13934410      0.85472673     -0.04945614     -0.00143336
