     0.00000000      1.00206336     -0.00206336     -0.00015940      0.00111992
     0.20000000      0.97536729      0.02463273      0.07546109      0.08965928
     0.40000000      0.94249626      0.05750374      0.08123517      0.07601606
     0.60000000      0.91427634      0.08572368      0.07606723      0.06476751
     0.80000000      0.89121965      0.10878037      0.07187902      0.05064593
     1.00000000      0.87359053      0.12640949      0.06882279      0.03797661
     1.20000000      0.86000827      0.13999174      0.06594447      0.03104180
     1.40000000      0.84810772      0.15189230      0.06362901      0.02913364
     1.60000000      0.83628733      0.16371268      0.06130892      0.03014210
     1.80000000      0.82409297      0.17590705      0.05890924      0.03043371
     2.00000000      0.81186353      0.18813650      0.05531045      0.03093563
     2.20000000      0.79934714      0.20065286      0.05301207      0.03138619
     2.40000000      0.78694189      0.21305813      0.05026172      0.03059149
     2.60000000      0.77478019      0.22521984      0.04724644      0.03022498
     2.80000000      0.76277763      0.23722237      0.04443850      0.02977400
     3.00000000      0.75103303      0.24896699      0.04160942      0.02906554
     3.20000000      0.73944465      0.26055537      0.03860576      0.02887052
     3.40000000      0.72786556      0.27213446      0.03572667      0.02905311
     3.60000000      0.71629453      0.28370548      0.03318337      0.02867700
     3.80000000      0.70509675      0.29490328      0.03032840      0.02736898
     4.00000000      0.69431661      0.30568342      0.02704748      0.02658712
     4.20000000      0.68377358      0.31622644      0.02425135      0.02624829
     4.40000000      0.67351335      0.32648670      0.02146901      0.02492992
     4.60000000      0.66354514      0.33645489      0.01890426      0.02491481
     4.80000000      0.65359599      0.34640402      0.01613165      0.02492486
     5.00000000      0.64355611      0.35644394      0.01388908      0.02523035
     5.20000000      0.63361216      0.36638785      0.01203610      0.02415382
     5.40000000      0.62406987      0.37593014      0.00886612      0.02381298
     5.60000000      0.61449860      0.38550144      0.00667277      0.02374256
     5.80000000      0.60521752      0.39478249      0.00450107      0.02266483
     6.00000000      0.59632076      0.40367928      0.00190849      0.02200894
     6.20000000      0.58756491      0.41243510      0.00005105      0.02178141
     6.40000000      0.57893830      0.42106172     -0.00227157      0.02146708
     6.60000000      0.57048556      0.42951446     -0.00462340      0.02067899
     6.80000000      0.56219758      0.43780242     -0.00608568      0.02076822
     7.00000000      0.55391485      0.44608518     -0.00770168      0.02072695
     7.20000000      0.54571331      0.45428670     -0.01019341      0.02027106
     7.40000000      0.53764277      0.46235726     -0.01191181      0.02007997
     7.60000000      0.52979271      0.47020731     -0.01341672      0.01917182
     7.80000000      0.52231912      0.47768089     -0.01498429      0.01835694
     8.00000000      0.51481216      0.48518784     -0.01629619      0.01889741
     8.20000000      0.50751418      0.49248584     -0.01803772      0.01792951
     8.40000000      0.50033895      0.49966107     -0.01976919      0.01808366
     8.60000000      0.49323864      0.50676137     -0.02085631      0.01736885
     8.80000000      0.48636108      0.51363895     -0.02248529      0.01680591
     9.00000000      0.47949749      0.52050252     -0.02378025      0.01743811
     9.20000000      0.47274883      0.52725118     -0.02525828      0.01673621
     9.40000000      0.46605847      0.53394153     -0.02597544      0.01627333
     9.60000000      0.45952259      0.54047742     -0.02733746      0.01640451
     9.80000000      0.45304846      0.54695155     -0.02780868      0.01603014
    10.00000000      0.44677741      0.55322259     -0.02947561      0.01550549
    10.20000000      0.44053472      0.55946531     -0.03059910      0.01549565
    10.40000000      0.43439702      0.56560298     -0.03106427      0.01487629
    10.60000000      0.42848059      0.57151943     -0.03268164      0.01476102
    10.80000000      0.42263152      0.57736851     -0.03306523      0.01429779
    11.00000000      0.41697110      0.58302890     -0.03412998      0.01430415
    11.20000000      0.41129692      0.58870309     -0.03499360      0.01391098
    11.40000000      0.40568067      0.59431935     -0.03611705      0.01424275
    11.60000000      0.40023991      0.59976010     -0.03657438      0.01292815
    11.80000000      0.39480661      0.60519340     -0.03745167      0.01420372
    12.00000000      0.38926168      0.61073834     -0.03853121      0.01361327
    12.20000000      0.38380236      0.61619764     -0.03915338      0.01341451
    12.40000000      0.37830412      0.62169588     -0.03974514      0.01382977
    12.60000000      0.37302141      0.62697862     -0.03971831      0.01251770
    12.80000000      0.36812455      0.63187546     -0.04072357      0.01215083
    13.00000000      0.36339755      0.63660246     -0.04128658      0.01151445
    13.20000000      0.35877787      0.64122213     -0.04232824      0.01178765
    13.40000000      0.35415465      0.64584537     -0.04293704      0.01110273
    13.60000000      0.34962892      0.65037111     -0.04331617      0.01132107
    13.80000000      0.34503576      0.65496426     -0.04391478      0.01137976
    14.00000000      0.34045510      0.65954491     -0.04452050      0.01151542
    14.20000000      0.33583327      0.66416672     -0.04521553      0.01181355
    14.40000000      0.33119859      0.66880141     -0.04514434      0.01132135
    14.60000000      0.32666260      0.67333742     -0.04554505      0.01164144
    14.80000000      0.32220715      0.67779286     -0.04602094      0.01110484
    15.00000000      0.31791492      0.68208508     -0.04661559      0.01042092
    15.20000000      0.31370802      0.68629198     -0.04662323      0.01060824
    15.40000000      0.30966381      0.69033618     -0.04747405      0.00991734
    15.60000000      0.30568061      0.69431935     -0.04790785      0.00986822
    15.80000000      0.30182383      0.69817615     -0.04837079      0.00948016
    16.00000000      0.29801677      0.70198322     -0.04882660      0.00932583
    16.20000000      0.29418351      0.70581646     -0.04910609      0.00967176
    16.40000000      0.29030640      0.70969356     -0.04941060      0.00984595
    16.60000000      0.28640788      0.71359206     -0.04954393      0.00965705
    16.80000000      0.28257644      0.71742353     -0.04958553      0.00934891
    17.00000000      0.27876416      0.72123577     -0.04987207      0.00978906
    17.20000000      0.27495243      0.72504749     -0.05015694      0.00932354
    17.40000000      0.27129249      0.72870740     -0.05073697      0.00948196
    17.60000000      0.26761687      0.73238310     -0.05084537      0.00888109
    17.80000000      0.26400748      0.73599247     -0.05131016      0.00933277
    18.00000000      0.26034557      0.73965432     -0.05116910      0.00872322
    18.20000000      0.25687971      0.74312023     -0.05142210      0.00848717
    18.40000000      0.25356596      0.74643395     -0.05188570      0.00797600
    18.60000000      0.25026409      0.74973576     -0.05202100      0.00790411
    18.80000000      0.24711157      0.75288833     -0.05194188      0.00797833
    19.00000000      0.24405867      0.75594123     -0.05321216      0.00748064
    19.20000000      0.24103932      0.75896055     -0.05344916      0.00760009
    19.40000000      0.23799078      0.76200912     -0.05376628      0.00730787
    19.60000000      0.23494418      0.76505568     -0.05400878      0.00779721
    19.80000000      0.23185138      0.76814849     -0.05407942      0.00789405
    20.00000000      0.22869593      0.77130387     -0.05408867      0.00793301
    20.20000000      0.22565401      0.77434583     -0.05458201      0.00766225
    20.40000000      0.22237362      0.77762614     -0.05376006      0.00824058
    20.60000000      0.21907360      0.78092625     -0.05374152      0.00832377
    20.80000000      0.21594634      0.78405347     -0.05402593      0.00753271
    21.00000000      0.21293952      0.78706015     -0.05391931      0.00708374
    21.20000000      0.21016650      0.78983322     -0.05419577      0.00690074
    21.40000000      0.20750523      0.79249447     -0.05470764      0.00660678
    21.60000000      0.20502501      0.79497471     -0.05556997      0.00595963
    21.80000000      0.20255070      0.79744902     -0.05617938      0.00611506
    22.00000000      0.19995329      0.80004647     -0.05572672      0.00622229
    22.20000000      0.19758622      0.80241345     -0.05640066      0.00627339
    22.40000000      0.19503407      0.80496556     -0.05668570      0.00642045
    22.60000000      0.19234789      0.80765170     -0.05611224      0.00640142
    22.80000000      0.18973407      0.81026548     -0.05639317      0.00670983
    23.00000000      0.18696293      0.81303660     -0.05622395      0.00725364
    23.20000000      0.18425174      0.81574775     -0.05627930      0.00614865
    23.40000000      0.18161439      0.81838512     -0.05615230      0.00654504
    23.60000000      0.17906667      0.82093287     -0.05665509      0.00638709
    23.80000000      0.17662168      0.82337782     -0.05690109      0.00572915
    24.00000000      0.17421347      0.82578604     -0.05677754      0.00601904
    24.20000000      0.17187064      0.82812879     -0.05691327      0.00575729
    24.40000000      0.16944477      0.83055450     -0.05663100      0.00642955
    24.60000000      0.16703772      0.83296157     -0.05681606      0.00588653
    24.80000000      0.16471302      0.83528624     -0.05709031      0.00595643
    25.00000000      0.16233207      0.83766714     -0.05673758      0.00566051
    25.20000000      0.16002009      0.83997903     -0.05656137      0.00569762
    25.40000000      0.15793287      0.84206631     -0.05732645      0.00534123
    25.60000000      0.15590581      0.84409331     -0.05774868      0.00486259
    25.80000000      0.15391095      0.84608809     -0.05761046      0.00457993
    26.00000000      0.15211558      0.84788349     -0.05866320      0.00484036
    26.20000000      0.15004709      0.84995189     -0.05857719      0.00528143
    26.40000000      0.14802955      0.85196940     -0.05885111      0.00487399
    26.60000000      0.14589939      0.85409951     -0.05861269      0.00578748
    26.80000000      0.14366372      0.85633519     -0.05836146      0.00561696
    27.00000000      0.14137167      0.85862709     -0.05773879      0.00563249
    27.20000000      0.13929781      0.86070084     -0.05814946      0.00508338
    27.40000000      0.13704808      0.86295048     -0.05763114      0.00544445
    27.60000000      0.13482282      0.86517569     -0.05774672      0.00551856
    27.80000000      0.13271181      0.86728666     -0.05815445      0.00530314
    28.00000000      0.13071997      0.86927847     -0.05817980      0.00470722
    28.20000000      0.12886250      0.87113585     -0.05829861      0.00503659
    28.40000000      0.12706711      0.87293111     -0.05894016      0.00426990
    28.60000000      0.12534140      0.87465683     -0.05868953      0.00386660
    28.80000000      0.12372201      0.87627613     -0.05880101      0.00370406
    29.00000000      0.12216250      0.87783551     -0.05938390      0.00444016
    29.20000000      0.12041396      0.87958392     -0.05908242      0.00421318
    29.40000000      0.11877799      0.88121992     -0.05944185      0.00400374
    29.60000000      0.11711478      0.88288305     -0.05976085      0.00446759
    29.80000000      0.11534758      0.88465013     -0.05979021      0.00425751
    30.00000000      0.11374526      0.88625233     -0.06000030      0.00390440
    30.20000000      0.11194521      0.88805228     -0.05996878      0.00516312
    30.40000000      0.10994009      0.89005731     -0.05908851      0.00453462
    30.60000000      0.10808046      0.89191680     -0.05908759      0.00504883
    30.80000000      0.10617816      0.89381890     -0.05911623      0.00493691
    31.00000000      0.10430353      0.89569341     -0.05919182      0.00469450
    31.20000000      0.10246926      0.89752756     -0.05898609      0.00422976
    31.40000000      0.10074405      0.89925262     -0.05867380      0.00378822
    31.60000000      0.09926791      0.90072861     -0.05941351      0.00379534
    31.80000000      0.09779412      0.90220230     -0.05993534      0.00334263
    32.00000000      0.09634433      0.90365190     -0.05994314      0.00345468
    32.20000000      0.09507497      0.90492122     -0.06050816      0.00304641
    32.40000000      0.09373580      0.90626027     -0.06076334      0.00353567
    32.60000000      0.09229777      0.90769810     -0.06084305      0.00366471
    32.80000000      0.09070304      0.90929270     -0.06022737      0.00368777
    33.00000000      0.08914491      0.91085063     -0.06036450      0.00385166
    33.20000000      0.08749534      0.91249996     -0.05994551      0.00418179
    33.40000000      0.08587836      0.91411673     -0.05999960      0.00410173
    33.60000000      0.08435951      0.91563551     -0.05991167      0.00320868
    33.80000000      0.08307240      0.91692237     -0.06056874      0.00337461
    34.00000000      0.08172244      0.91827211     -0.06103249      0.00349115
    34.20000000      0.08041092      0.91958337     -0.06083203      0.00302634
    34.40000000      0.07921475      0.92077930     -0.06134614      0.00311293
    34.60000000      0.07777669      0.92221722     -0.06054613      0.00381500
    34.80000000      0.07646734      0.92352627     -0.06089772      0.00346025
    35.00000000      0.07495998      0.92503331     -0.06015291      0.00383748
    35.20000000      0.07340991      0.92658316     -0.06013840      0.00398817
    35.40000000      0.07178733      0.92820545     -0.05985860      0.00439571
    35.60000000      0.07020305      0.92978943     -0.05985088      0.00392938
    35.80000000      0.06866292      0.93132932     -0.05967362      0.00363075
    36.00000000      0.06719738      0.93279464     -0.05929988      0.00315031
    36.20000000      0.06605662      0.93393526     -0.06020252      0.00296938
    36.40000000      0.06500562      0.93498593     -0.06036044      0.00228036
    36.60000000      0.06409244      0.93589884     -0.06112278      0.00254826
    36.80000000      0.06314218      0.93684888     -0.06179342      0.00297055
    37.00000000      0.06196345      0.93802743     -0.06128338      0.00291893
    37.20000000      0.06093074      0.93905972     -0.06161241      0.00228688
    37.40000000      0.05982529      0.94016471     -0.06156091      0.00284901
    37.60000000      0.05867537      0.94131426     -0.06214764      0.00332919
    37.80000000      0.05731459      0.94267464     -0.06127266      0.00302890
    38.00000000      0.05624551      0.94374331     -0.06213393      0.00307180
    38.20000000      0.05486032      0.94512813     -0.06138441      0.00341064
    38.40000000      0.05354285      0.94644522     -0.06147656      0.00317853
    38.60000000      0.05226337      0.94772415     -0.06121671      0.00296784
    38.80000000      0.05092379      0.94906345     -0.06103441      0.00355015
    39.00000000      0.04958806      0.95039885     -0.06081978      0.00286858
    39.20000000      0.04838535      0.95160126     -0.06063235      0.00333509
    39.40000000      0.04709275      0.95289338     -0.05997820      0.00300056
    39.60000000      0.04596969      0.95401611     -0.06041424      0.00284613
    39.80000000      0.04488301      0.95510251     -0.06060025      0.00234714
    40.00000000      0.04387598      0.95610910     -0.06086605      0.00240595
    40.20000000      0.04294024      0.95704448     -0.06120317      0.00202088
    40.40000000      0.04195862      0.95802574     -0.06100120      0.00245342
    40.60000000      0.04113053      0.95885330     -0.06204610      0.00227459
    40.80000000      0.04016501      0.95981839     -0.06194882      0.00229854
    41.00000000      0.03918311      0.96080003     -0.06208217      0.00244257
    41.20000000      0.03817454      0.96180840     -0.06211981      0.00213955
    41.40000000      0.03720089      0.96278135     -0.06209555      0.00253407
    41.60000000      0.03617856      0.96380300     -0.06203148      0.00278137
    41.80000000      0.03519929      0.96478155     -0.06243311      0.00224048
    42.00000000      0.03415652      0.96582393     -0.06189540      0.00234308
    42.20000000      0.03322449      0.96675540     -0.06224829      0.00255183
    42.40000000      0.03224099      0.96773825     -0.06189823      0.00242174
    42.60000000      0.03132900      0.96864965     -0.06241018      0.00250881
    42.80000000      0.03033854      0.96963942     -0.06221506      0.00244533
    43.00000000      0.02931732      0.97066007     -0.06196000      0.00233751
    43.20000000      0.02834985      0.97162702     -0.06217143      0.00278517
    43.40000000      0.02720631      0.97276969     -0.06151075      0.00273919
    43.60000000      0.02615851      0.97381697     -0.06121573      0.00238200
    43.80000000      0.02516785      0.97480679     -0.06116078      0.00270484
    44.00000000      0.02417528      0.97579877     -0.06135292      0.00253145
    44.20000000      0.02322304      0.97675015     -0.06174589      0.00240405
    44.40000000      0.02234964      0.97762275     -0.06232808      0.00193987
    44.60000000      0.02143826      0.97853345     -0.06191137      0.00189263
    44.80000000      0.02064925      0.97932177     -0.06242685      0.00197564
    45.00000000      0.01985918      0.98011117     -0.06251948      0.00196795
    45.20000000      0.01893940      0.98102999     -0.06214230      0.00247870
    45.40000000      0.01810032      0.98186826     -0.06210603      0.00194867
    45.60000000      0.01719030      0.98277751     -0.06153249      0.00265750
    45.80000000      0.01630077      0.98366617     -0.06176799      0.00209120
    46.00000000      0.01546317      0.98450277     -0.06181079      0.00182631
    46.20000000      0.01473663      0.98522841     -0.06246035      0.00210798
    46.40000000      0.01391640      0.98604764     -0.06248899      0.00162228
    46.60000000      0.01330482      0.98665834     -0.06278879      0.00133343
    46.80000000      0.01278320      0.98717936     -0.06383196      0.00180195
    47.00000000      0.01222012      0.98774144     -0.06418073      0.00146024
    47.20000000      0.01161326      0.98834734     -0.06428478      0.00155764
    47.40000000      0.01081049      0.98914907     -0.06378964      0.00202806
    47.60000000      0.00987955      0.99007901     -0.06338170      0.00267170
    47.80000000      0.00884675      0.99111081     -0.06295567      0.00266030
    48.00000000      0.00770098      0.99225539     -0.06201177      0.00279647
    48.20000000      0.00661718      0.99333799     -0.06137143      0.00270670
    48.40000000      0.00555607      0.99439824     -0.06104871      0.00269642
    48.60000000      0.00457591      0.99537728     -0.06092682      0.00243311
    48.80000000      0.00370878      0.99624347     -0.06105704      0.00210047
    49.00000000      0.00298610      0.99696515     -0.06147334      0.00167664
    49.20000000      0.00232225      0.99762800     -0.06181961      0.00176166
    49.40000000      0.00168524      0.99826412     -0.06195857      0.00131736
    49.60000000      0.00113318      0.99881501     -0.06250158      0.00133456
    49.80000000      0.00054168      0.99940544     -0.06243530      0.00106838
    50.00000000      0.00003368      0.99991180     -0.06274416      0.00144009
    50.20000000     -0.00051210      1.00045637     -0.06305429      0.00155473
    50.40000000     -0.00115653      1.00109984     -0.06288860      0.00180229
    50.60000000     -0.00168374      1.00162604     -0.06380024      0.00150021
    50.80000000     -0.00230535      1.00224638     -0.06368124      0.00130747
    51.00000000     -0.00287603      1.00281612     -0.06394002      0.00169784
    51.20000000     -0.00357879      1.00351756     -0.06357696      0.00142254
    51.40000000     -0.00438802      1.00432547     -0.06278574      0.00204952
    51.60000000     -0.00506607      1.00500237     -0.06312590      0.00200032
    51.80000000     -0.00570089      1.00563565     -0.06323260      0.00159228
    52.00000000     -0.00645113      1.00638457     -0.06264298      0.00181681
    52.20000000     -0.00718214      1.00711376     -0.06281293      0.00206954
    52.40000000     -0.00807260      1.00800246     -0.06226230      0.00187112
    52.60000000     -0.00877401      1.00870220     -0.06250889      0.00181701
    52.80000000     -0.00941022      1.00933664     -0.06281419      0.00179406
    53.00000000     -0.00999909      1.00992419     -0.06333093      0.00166790
    53.20000000     -0.01067916      1.01060291     -0.06283496      0.00149453
    53.40000000     -0.01131044      1.01123269     -0.06284444      0.00135348
    53.60000000     -0.01199278      1.01191351     -0.06266385      0.00186876
    53.80000000     -0.01274912      1.01266861     -0.06239815      0.00188372
    54.00000000     -0.01346811      1.01338624     -0.06239385      0.00182365
    54.20000000     -0.01416398      1.01408032     -0.06234681      0.00154686
    54.40000000     -0.01482796      1.01474293     -0.06230658      0.00182291
    54.60000000     -0.01543059      1.01534353     -0.06242463      0.00118080
    54.80000000     -0.01591956      1.01583073     -0.06278212      0.00120369
    55.00000000     -0.01643040      1.01633973     -0.06274335      0.00110459
    55.20000000     -0.01674196      1.01665011     -0.06358817      0.00073444
    55.40000000     -0.01716403      1.01707093     -0.06405021      0.00137597
    55.60000000     -0.01772729      1.01763274     -0.06390928      0.00113793
    55.80000000     -0.01829031      1.01819375     -0.06363312      0.00098495
    56.00000000     -0.01886280      1.01876436     -0.06358903      0.00211088
    56.20000000     -0.01952233      1.01942168     -0.06340334      0.00150597
    56.40000000     -0.02008254      1.01998017     -0.06344214      0.00134451
    56.60000000     -0.02069133      1.02058712     -0.06306984      0.00163995
    56.80000000     -0.02119586      1.02108963     -0.06352395      0.00144216
    57.00000000     -0.02164452      1.02153618     -0.06391879      0.00113155
    57.20000000     -0.02213158      1.02202103     -0.06354281      0.00108355
    57.40000000     -0.02260107      1.02248877     -0.06402464      0.00126374
    57.60000000     -0.02309708      1.02298279     -0.06425233      0.00139422
    57.80000000     -0.02365127      1.02353509     -0.06383996      0.00119487
    58.00000000     -0.02418225      1.02406384     -0.06411211      0.00169884
    58.20000000     -0.02490195      1.02478144     -0.06317765      0.00149733
    58.40000000     -0.02565421      1.02553138     -0.06270397      0.00208964
    58.60000000     -0.02648330      1.02635806     -0.06239087      0.00215140
    58.80000000     -0.02712486      1.02699782     -0.06295642      0.00168521
    59.00000000     -0.02780760      1.02767835     -0.06253057      0.00164791
    59.20000000     -0.02836516      1.02823396     -0.06285632      0.00147873
    59.40000000     -0.02893300      1.02879958     -0.06264667      0.00083269
    59.60000000     -0.02939352      1.02925764     -0.06300287      0.00112191
    59.80000000     -0.02983397      1.02969589     -0.06332885      0.00112668
    60.00000000     -0.03028853      1.03014871     -0.06302514      0.00119978
    60.20000000     -0.03064848      1.03050629     -0.06334065      0.00097865
    60.40000000     -0.03108766      1.03094319     -0.06324935      0.00094229
    60.60000000     -0.03152142      1.03137455     -0.06337199      0.00090414
    60.80000000     -0.03197262      1.03182318     -0.06333831      0.00117681
    61.00000000     -0.03236078      1.03220971     -0.06350839      0.00050297
    61.20000000     -0.03263023      1.03247640     -0.06397877      0.00073328
    61.40000000     -0.03287202      1.03271543     -0.06446662      0.00070550
    61.60000000     -0.03313777      1.03297830     -0.06467071      0.00020982
    61.80000000     -0.03341025      1.03324868     -0.06504086      0.00099462
    62.00000000     -0.03382035      1.03365592     -0.06532324      0.00146346
    62.20000000     -0.03432760      1.03416064     -0.06493170      0.00082400
    62.40000000     -0.03489254      1.03472285     -0.06449039      0.00164829
    62.60000000     -0.03540981      1.03523735     -0.06457018      0.00106916
    62.80000000     -0.03597688      1.03580167     -0.06395078      0.00160727
    63.00000000     -0.03660455      1.03642615     -0.06381182      0.00195669
    63.20000000     -0.03726196      1.03708123     -0.06367182      0.00156578
    63.40000000     -0.03795527      1.03777196     -0.06325685      0.00158024
    63.60000000     -0.03859046      1.03840447     -0.06272045      0.00138650
    63.80000000     -0.03913648      1.03894728     -0.06261424      0.00136898
    64.00000000     -0.03964420      1.03945232     -0.06245008      0.00139582
    64.20000000     -0.04007235      1.03987828     -0.06279174      0.00108343
    64.40000000     -0.04060945      1.04041215     -0.06226523      0.00117492
    64.60000000     -0.04103630      1.04083627     -0.06252982      0.00151904
    64.80000000     -0.04128576      1.04108275     -0.06360722      0.00072591
    65.00000000     -0.04155916      1.04135365     -0.06374407      0.00027483
    65.20000000     -0.04177489      1.04156580     -0.06384212      0.00026996
    65.40000000     -0.04185512      1.04164356     -0.06480206      0.00054261
    65.60000000     -0.04208577      1.04187192     -0.06509271      0.00056999
    65.80000000     -0.04245803      1.04224139     -0.06484414      0.00094134
    66.00000000     -0.04281980      1.04260002     -0.06490151      0.00088889
    66.20000000     -0.04324314      1.04301968     -0.06462853      0.00128379
    66.40000000     -0.04380997      1.04358309     -0.06393915      0.00126302
    66.60000000     -0.04440725      1.04417650     -0.06318084      0.00139266
    66.80000000     -0.04490478      1.04467097     -0.06327965      0.00133995
    67.00000000     -0.04544102      1.04520374     -0.06320229      0.00164141
    67.20000000     -0.04585325      1.04561287     -0.06328762      0.00061822
    67.40000000     -0.04606030      1.04581687     -0.06407912      0.00076672
    67.60000000     -0.04625107      1.04600404     -0.06455294      0.00022996
    67.80000000     -0.04642512      1.04617476     -0.06498814      0.00064799
    68.00000000     -0.04663310      1.04637917     -0.06526603      0.00034786
    68.20000000     -0.04683139      1.04657464     -0.06552141      0.00049816
    68.40000000     -0.04715683      1.04689631     -0.06508430      0.00070540
    68.60000000     -0.04748959      1.04722540     -0.06498845      0.00095410
    68.80000000     -0.04792194      1.04765427     -0.06471986      0.00134318
    69.00000000     -0.04854102      1.04826892     -0.06351896      0.00111440
    69.20000000     -0.04903474      1.04875852     -0.06366601      0.00125640
    69.40000000     -0.04952902      1.04924826     -0.06375241      0.00102410
    69.60000000     -0.05001191      1.04972806     -0.06333216      0.00105014
    69.80000000     -0.05042960      1.05014216     -0.06334565      0.00098735
    70.00000000     -0.05086070      1.05056944     -0.06322189      0.00129394
    70.20000000     -0.05122899      1.05093407     -0.06354422      0.00054731
    70.40000000     -0.05153226      1.05123365     -0.06384455      0.00066103
    70.60000000     -0.05201272      1.05171068     -0.06324087      0.00095381
    70.80000000     -0.05245243      1.05214601     -0.06296134      0.00124185
    71.00000000     -0.05282850      1.05251787     -0.06315985      0.00101831
    71.20000000     -0.05311244      1.05279727     -0.06363863      0.00075568
    71.40000000     -0.05346458      1.05314525     -0.06331473      0.00048547
    71.60000000     -0.05370908      1.05338565     -0.06383758      0.00083335
    71.80000000     -0.05391923      1.05359196     -0.06433963      0.00028240
    72.00000000     -0.05417527      1.05384478     -0.06421179      0.00047929
    72.20000000     -0.05436687      1.05403305     -0.06442487      0.00019907
    72.40000000     -0.05465452      1.05431608     -0.06435766      0.00066320
    72.60000000     -0.05484247      1.05449927     -0.06476013      0.00047808
    72.80000000     -0.05508509      1.05473729     -0.06477686      0.00078546
    73.00000000     -0.05538897      1.05503648     -0.06460942      0.00074264
    73.20000000     -0.05559620      1.05523917     -0.06502534      0.00052759
    73.40000000     -0.05593765      1.05557629     -0.06440078      0.00063257
    73.60000000     -0.05612289      1.05575698     -0.06519056      0.00065650
    73.80000000     -0.05638896      1.05601875     -0.06510658      0.00051512
    74.00000000     -0.05663016      1.05625584     -0.06504700      0.00065095
    74.20000000     -0.05692717      1.05654755     -0.06508249      0.00075800
    74.40000000     -0.05726264      1.05687822     -0.06515122      0.00122564
    74.60000000     -0.05766039      1.05727076     -0.06493769      0.00115780
    74.80000000     -0.05817145      1.05777697     -0.06439852      0.00112103
    75.00000000     -0.05866044      1.05826098     -0.06394025      0.00080081
    75.20000000     -0.05910883      1.05870472     -0.06363070      0.00140254
    75.40000000     -0.05946384      1.05905423     -0.06411203      0.00062790
    75.60000000     -0.05995414      1.05953925     -0.06330428      0.00125801
    75.80000000     -0.06037969      1.05996120     -0.06336943      0.00116876
    76.00000000     -0.06078992      1.06036627     -0.06327055      0.00081456
    76.20000000     -0.06110285      1.06067427     -0.06346020      0.00106328
    76.40000000     -0.06136107      1.06092716     -0.06380897      0.00049597
    76.60000000     -0.06171823      1.06127945     -0.06308981      0.00057177
    76.80000000     -0.06198053      1.06153640     -0.06328473      0.00080740
    77.00000000     -0.06227034      1.06182125     -0.06321919      0.00054018
    77.20000000     -0.06246081      1.06200659     -0.06360447      0.00084697
    77.40000000     -0.06273499      1.06227567     -0.06356087      0.00013284
    77.60000000     -0.06278667      1.06232182     -0.06432392     -0.00032850
    77.80000000     -0.06285080      1.06238065     -0.06464422      0.00021800
    78.00000000     -0.06288644      1.06241190     -0.06561289      0.00039998
    78.20000000     -0.06301603      1.06253658     -0.06565115     -0.00012374
    78.40000000     -0.06310968      1.06262472     -0.06598482      0.00100322
    78.60000000     -0.06330120      1.06281097     -0.06584543      0.00063657
    78.80000000     -0.06356223      1.06306620     -0.06557034      0.00079945
    79.00000000     -0.06390477      1.06340213     -0.06512256      0.00115324
    79.20000000     -0.06429224      1.06378417     -0.06481615      0.00140288
    79.40000000     -0.06467891      1.06416445     -0.06444847      0.00089077
    79.60000000     -0.06503701      1.06451621     -0.06405269      0.00078383
    79.80000000     -0.06526640      1.06474009     -0.06428293      0.00049923
    80.00000000     -0.06555032      1.06501785     -0.06417563      0.00056918
    80.20000000     -0.06568941      1.06515144     -0.06504446      0.00044355
    80.40000000     -0.06593944      1.06539439     -0.06502362      0.00010786
    80.60000000     -0.06617864      1.06562831     -0.06476476      0.00061812
    80.80000000     -0.06633437      1.06577888     -0.06486683      0.00060352
    81.00000000     -0.06655169      1.06598986     -0.06512498      0.00078898
    81.20000000     -0.06684812      1.06627987     -0.06495751      0.00071982
    81.40000000     -0.06728629      1.06671156     -0.06394926      0.00112149
    81.60000000     -0.06764490      1.06706356     -0.06372591      0.00098968
    81.80000000     -0.06791755      1.06732997     -0.06417342      0.00105011
    82.00000000     -0.06827121      1.06767733     -0.06388001      0.00055576
    82.20000000     -0.06852636      1.06792575     -0.06410686      0.00067217
    82.40000000     -0.06873485      1.06812746     -0.06464235      0.00067952
    82.60000000     -0.06888559      1.06827267     -0.06482122      0.00003368
    82.80000000     -0.06906304      1.06844302     -0.06447213      0.00050274
    83.00000000     -0.06915450      1.06852869     -0.06513136      0.00053361
    83.20000000     -0.06940890      1.06877575     -0.06474336      0.00050126
    83.40000000     -0.06966800      1.06902740     -0.06462473      0.00075794
    83.60000000     -0.07001378      1.06936695     -0.06437044      0.00069810
    83.80000000     -0.07043115      1.06977761     -0.06375308      0.00082209
    84.00000000     -0.07073266      1.07007213     -0.06388872      0.00073046
    84.20000000     -0.07106599      1.07039842     -0.06363904      0.00042450
    84.40000000     -0.07124523      1.07057040     -0.06390910      0.00058158
    84.60000000     -0.07142429      1.07074322     -0.06408092      0.00042792
    84.80000000     -0.07159788      1.07090881     -0.06426239      0.00021330
    85.00000000     -0.07177379      1.07107715     -0.06403948      0.00023534
    85.20000000     -0.07181526      1.07111175     -0.06458644      0.00006325
    85.40000000     -0.07190496      1.07119419     -0.06470108     -0.00025628
    85.60000000     -0.07196195      1.07124347     -0.06476246     -0.00013829
    85.80000000     -0.07189170      1.07116612     -0.06583596     -0.00000060
    86.00000000     -0.07190608      1.07117246     -0.06597197     -0.00021870
    86.20000000     -0.07189986      1.07115919     -0.06625199      0.00011858
    86.40000000     -0.07187634      1.07112802     -0.06681717      0.00003709
    86.60000000     -0.07197908      1.07122365     -0.06677603      0.00021886
    86.80000000     -0.07215419      1.07139047     -0.06688738      0.00074708
    87.00000000     -0.07252866      1.07175671     -0.06614209      0.00093720
    87.20000000     -0.07296974      1.07218830     -0.06504538      0.00041467
    87.40000000     -0.07334511      1.07255502     -0.06429310      0.00065938
    87.60000000     -0.07380025      1.07300081     -0.06368539      0.00104331
    87.80000000     -0.07423406      1.07342730     -0.06343749      0.00102921
    88.00000000     -0.07466361      1.07384886     -0.06295534      0.00063114
    88.20000000     -0.07492866      1.07410539     -0.06344497      0.00077232
    88.40000000     -0.07516813      1.07433666     -0.06361622      0.00032639
    88.60000000     -0.07537903      1.07453895     -0.06353188      0.00029945
    88.80000000     -0.07546845      1.07462111     -0.06420288      0.00029893
    89.00000000     -0.07565685      1.07480112     -0.06413183      0.00023492
    89.20000000     -0.07578731      1.07492236     -0.06424554      0.00013052
    89.40000000     -0.07588249      1.07501071     -0.06441095      0.00030265
    89.60000000     -0.07613960      1.07525805     -0.06388316      0.00078029
    89.80000000     -0.07632668      1.07543718     -0.06406935      0.00041764
    90.00000000     -0.07649108      1.07559173     -0.06404259      0.00035316
    90.20000000     -0.07657571      1.07566820     -0.06455097      0.00024127
    90.40000000     -0.07664591      1.07573119     -0.06463915     -0.00007599
    90.60000000     -0.07667281      1.07574752     -0.06521553      0.00014705
    90.80000000     -0.07680960      1.07587704     -0.06513703     -0.00012224
    91.00000000     -0.07685612      1.07591399     -0.06535584     -0.00001277
    91.20000000     -0.07687802      1.07592717     -0.06573879      0.00005083
    91.40000000     -0.07709305      1.07613232     -0.06483917      0.00033228
    91.60000000     -0.07719725      1.07622568     -0.06527858      0.00065010
    91.80000000     -0.07740685      1.07642722     -0.06482460      0.00054641
    92.00000000     -0.07753175      1.07654130     -0.06516493      0.00023178
    92.20000000     -0.07774158      1.07674150     -0.06445581      0.00048820
    92.40000000     -0.07780906      1.07679998     -0.06548765      0.00035273
    92.60000000     -0.07793851      1.07691939     -0.06541673      0.00002705
    92.80000000     -0.07795289      1.07692494     -0.06618222      0.00031733
    93.00000000     -0.07802619      1.07698760     -0.06619830     -0.00002497
    93.20000000     -0.07811972      1.07707036     -0.06602730      0.00026797
    93.40000000     -0.07823908      1.07717920     -0.06574997      0.00018713
    93.60000000     -0.07838582      1.07731626     -0.06561410      0.00057860
    93.80000000     -0.07870029      1.07761977     -0.06496702      0.00101258
    94.00000000     -0.07904233      1.07795082     -0.06479439      0.00113024
    94.20000000     -0.07947664      1.07837530     -0.06405764      0.00077674
    94.40000000     -0.07985125      1.07873693     -0.06354980      0.00066030
    94.60000000     -0.08019985      1.07907470     -0.06322941      0.00089690
    94.80000000     -0.08048518      1.07935051     -0.06321982      0.00066015
    95.00000000     -0.08063991      1.07949432     -0.06365256      0.00066689
    95.20000000     -0.08075027      1.07959342     -0.06401611      0.00023410
    95.40000000     -0.08083053      1.07966431     -0.06412312      0.00012478
    95.60000000     -0.08083725      1.07966080     -0.06445493     -0.00020187
    95.80000000     -0.08088522      1.07969863     -0.06451200      0.00040222
    96.00000000     -0.08096805      1.07976929     -0.06472427      0.00025604
    96.20000000     -0.08105582      1.07984600     -0.06500843      0.00027774
    96.40000000     -0.08119007      1.07996904     -0.06488235     -0.00001405
    96.60000000     -0.08127756      1.08004576     -0.06489210      0.00039302
    96.80000000     -0.08134670      1.08010408     -0.06543535      0.00053967
    97.00000000     -0.08158435      1.08033101     -0.06498227      0.00034799
    97.20000000     -0.08175109      1.08048435     -0.06501393      0.00039958
    97.40000000     -0.08185763      1.08058064     -0.06507793      0.00035291
    97.60000000     -0.08196511      1.08067754     -0.06492959      0.00023612
    97.80000000     -0.08216088      1.08085945     -0.06422905      0.00014891
    98.00000000     -0.08223253      1.08091873     -0.06457432     -0.00014330
    98.20000000     -0.08242048      1.08109530     -0.06440797      0.00034992
    98.40000000     -0.08262114      1.08128436     -0.06413578      0.00003963
    98.60000000     -0.08266124      1.08131199     -0.06468093      0.00048734
    98.80000000     -0.08265205      1.08129053     -0.06534675     -0.00018609
    99.00000000     -0.08269330      1.08132042     -0.06519017     -0.00013119
    99.20000000     -0.08266114      1.08127434     -0.06562297      0.00023872
    99.40000000     -0.08272142      1.08132295     -0.06589935      0.00041662
    99.60000000     -0.08289995      1.08148792     -0.06548126      0.00029692
    99.80000000     -0.08308002      1.08165486     -0.06529812      0.00047087
   100.00000000     -0.08330716      1.08186836     -0.06509790      0.00048376
   100.20000000     -0.08346664      1.08201330     -0.06499554      0.00034978
   100.40000000     -0.08364009      1.08217276     -0.06450720      0.00000851
   100.60000000     -0.08370460      1.08222455     -0.06501001      0.00015981
   100.80000000     -0.08380331      1.08230872     -0.06503195     -0.00017180
   101.00000000     -0.08376068      1.08225282     -0.06573732      0.00037162
   101.20000000     -0.08383724      1.08231734     -0.06576553     -0.00002604
   101.40000000     -0.08384806      1.08231530     -0.06620203      0.00040782
   101.60000000     -0.08399580      1.08244847     -0.06580455      0.00021035
   101.80000000     -0.08411790      1.08255735     -0.06557842      0.00035563
   102.00000000     -0.08435633      1.08278004     -0.06502411      0.00058113
   102.20000000     -0.08469211      1.08309953     -0.06445910      0.00062547
   102.40000000     -0.08511089      1.08350151     -0.06360819      0.00083862
   102.60000000     -0.08546062      1.08383675     -0.06316168      0.00091384
   102.80000000     -0.08572724      1.08408846     -0.06297825      0.00086831
   103.00000000     -0.08593347      1.08428043     -0.06313690      0.00047219
   103.20000000     -0.08600764      1.08434055     -0.06363214     -0.00023669
   103.40000000     -0.08606302      1.08437998     -0.06353279     -0.00021734
   103.60000000     -0.08612115      1.08442406     -0.06385794      0.00020320
   103.80000000     -0.08613546      1.08442387     -0.06436123      0.00010194
   104.00000000     -0.08611486      1.08438927     -0.06471356     -0.00005278
   104.20000000     -0.08623744      1.08449711     -0.06452955      0.00013351
   104.40000000     -0.08637452      1.08461890     -0.06426323     -0.00012851
   104.60000000     -0.08640123      1.08463133     -0.06465517     -0.00003348
   104.80000000     -0.08649082      1.08470624     -0.06440185     -0.00017448
   105.00000000     -0.08643628      1.08463521     -0.06502272     -0.00021631
   105.20000000     -0.08637918      1.08456162     -0.06528872     -0.00013764
   105.40000000     -0.08625046      1.08442030     -0.06574402     -0.00032143
   105.60000000     -0.08609777      1.08425137     -0.06632403     -0.00020510
   105.80000000     -0.08600826      1.08414575     -0.06655573     -0.00044962
   106.00000000     -0.08598231      1.08410292     -0.06632704     -0.00030243
   106.20000000     -0.08598343      1.08408770     -0.06615345     -0.00004822
   106.40000000     -0.08596889      1.08405494     -0.06642894     -0.00013080
   106.60000000     -0.08606388      1.08413412     -0.06617272      0.00029435
   106.80000000     -0.08624508      1.08429750     -0.06579331      0.00051744
   107.00000000     -0.08636917      1.08440444     -0.06580550      0.00031304
   107.20000000     -0.08648066      1.08450016     -0.06584253      0.00023994
   107.40000000     -0.08660847      1.08460642     -0.06540921      0.00029869
   107.60000000     -0.08679744      1.08477731     -0.06490316      0.00051644
   107.80000000     -0.08693532      1.08489829     -0.06471552      0.00007346
   108.00000000     -0.08710147      1.08504636     -0.06441377      0.00070304
   108.20000000     -0.08728685      1.08521237     -0.06462433      0.00061642
   108.40000000     -0.08756536      1.08547098     -0.06390779      0.00032758
   108.60000000     -0.08771912      1.08560643     -0.06409301      0.00046513
   108.80000000     -0.08798868      1.08585781     -0.06350712      0.00016594
   109.00000000     -0.08818396      1.08603352     -0.06342018      0.00022923
   109.20000000     -0.08829188      1.08612201     -0.06383393      0.00000394
   109.40000000     -0.08835805      1.08617083     -0.06401007     -0.00004156
   109.60000000     -0.08842318      1.08621854     -0.06386801     -0.00022143
   109.80000000     -0.08838523      1.08616268     -0.06420039     -0.00000093
   110.00000000     -0.08838408      1.08614258     -0.06494053      0.00043318
   110.20000000     -0.08853016      1.08626862     -0.06460601      0.00000683
   110.40000000     -0.08862183      1.08634247     -0.06449411      0.00013849
   110.60000000     -0.08865060      1.08635104     -0.06461187      0.00002868
   110.80000000     -0.08866212      1.08634205     -0.06472973     -0.00045215
   111.00000000     -0.08867921      1.08634039     -0.06478618     -0.00012540
   111.20000000     -0.08867315      1.08631569     -0.06520064     -0.00000277
   111.40000000     -0.08867277      1.08629587     -0.06523321     -0.00001424
   111.60000000     -0.08864758      1.08625112     -0.06554542     -0.00001986
   111.80000000     -0.08874459      1.08632760     -0.06537339      0.00011684
   112.00000000     -0.08880663      1.08636723     -0.06522362     -0.00033137
   112.20000000     -0.08888335      1.08642238     -0.06502222      0.00006552
   112.40000000     -0.08908715      1.08660615     -0.06439622      0.00064043
   112.60000000     -0.08927731      1.08677372     -0.06438565      0.00042737
   112.80000000     -0.08946754      1.08694194     -0.06404262      0.00005821
   113.00000000     -0.08955854      1.08701024     -0.06404302      0.00005751
   113.20000000     -0.08955506      1.08698538     -0.06440369     -0.00037677
   113.40000000     -0.08951249      1.08692413     -0.06492474     -0.00014736
   113.60000000     -0.08935994      1.08675126     -0.06586512     -0.00039782
   113.80000000     -0.08922115      1.08659067     -0.06627184     -0.00088143
   114.00000000     -0.08890655      1.08625498     -0.06723802     -0.00055320
   114.20000000     -0.08874188      1.08606934     -0.06728293     -0.00084330
   114.40000000     -0.08872547      1.08603038     -0.06644359     -0.00032135
   114.60000000     -0.08876405      1.08604350     -0.06622034      0.00050694
   114.80000000     -0.08895523      1.08621046     -0.06576446      0.00056421
   115.00000000     -0.08920291      1.08643283     -0.06502751      0.00051913
   115.20000000     -0.08949558      1.08669983     -0.06431391      0.00074451
   115.40000000     -0.08968281      1.08686343     -0.06450247      0.00062547
   115.60000000     -0.08995652      1.08711226     -0.06375492      0.00032730
   115.80000000     -0.09003333      1.08716590     -0.06419576      0.00001956
   116.00000000     -0.09016218      1.08726787     -0.06382712      0.00008565
   116.20000000     -0.09019025      1.08727377     -0.06403311     -0.00013870
   116.40000000     -0.09017176      1.08723033     -0.06444025      0.00017299
   116.60000000     -0.09014661      1.08718130     -0.06445045      0.00005196
   116.80000000     -0.09012545      1.08713601     -0.06457122      0.00017857
   117.00000000     -0.09015356      1.08713906     -0.06473318     -0.00019025
   117.20000000     -0.09023040      1.08718955     -0.06438426     -0.00003406
   117.40000000     -0.09021502      1.08714740     -0.06504817      0.00019027
   117.60000000     -0.09026963      1.08717743     -0.06495200     -0.00004716
   117.80000000     -0.09041796      1.08730015     -0.06452832      0.00036262
   118.00000000     -0.09053949      1.08739738     -0.06447545     -0.00012409
   118.20000000     -0.09057284      1.08740593     -0.06446046     -0.00010499
   118.40000000     -0.09061303      1.08741733     -0.06437637      0.00003731
   118.60000000     -0.09074795      1.08752464     -0.06385495      0.00046167
   118.80000000     -0.09084679      1.08759325     -0.06406575      0.00048306
   119.00000000     -0.09099318      1.08771475     -0.06371534      0.00000463
   119.20000000     -0.09107215      1.08776662     -0.06378560      0.00024731
   119.40000000     -0.09117904      1.08784714     -0.06359095     -0.00008440
   119.60000000     -0.09119194      1.08783234     -0.06378819     -0.00030431
   119.80000000     -0.09111571      1.08772923     -0.06427515     -0.00026560
   120.00000000     -0.09105932      1.08764428     -0.06454930     -0.00012161
   120.20000000     -0.09102512      1.08758579     -0.06469683     -0.00022870
   120.40000000     -0.09094544      1.08747804     -0.06493946     -0.00022537
   120.60000000     -0.09086615      1.08737155     -0.06500765     -0.00024999
   120.80000000     -0.09073095      1.08720589     -0.06546443     -0.00022001
   121.00000000     -0.09065557      1.08710246     -0.06517477     -0.00089151
   121.20000000     -0.09047238      1.08689020     -0.06564498     -0.00008172
   121.40000000     -0.09038124      1.08677235     -0.06595538      0.00012393
   121.60000000     -0.09027316      1.08663593     -0.06616683     -0.00029429
   121.80000000     -0.09012188      1.08645530     -0.06650753     -0.00031532
   122.00000000     -0.08991352      1.08621564     -0.06706571     -0.00042003
   122.20000000     -0.08981689      1.08608827     -0.06710972     -0.00060477
   122.40000000     -0.08982354      1.08606458     -0.06658757     -0.00022473
   122.60000000     -0.08979178      1.08600093     -0.06665928      0.00014439
   122.80000000     -0.08991159      1.08608727     -0.06598224      0.00026249
   123.00000000     -0.09016091      1.08629973     -0.06499403      0.00066392
   123.20000000     -0.09039616      1.08649938     -0.06450170      0.00030396
   123.40000000     -0.09059021      1.08665975     -0.06415008      0.00021792
   123.60000000     -0.09084257      1.08687665     -0.06369982      0.00036539
   123.80000000     -0.09113075      1.08713025     -0.06302851      0.00053884
   124.00000000     -0.09120717      1.08717530     -0.06381034      0.00005366
   124.20000000     -0.09126851      1.08720707     -0.06370929     -0.00024098
   124.40000000     -0.09132054      1.08722611     -0.06354506      0.00002563
   124.60000000     -0.09136629      1.08723721     -0.06353074      0.00008481
   124.80000000     -0.09140407      1.08724089     -0.06384466      0.00016281
   125.00000000     -0.09154363      1.08734795     -0.06342029      0.00015469
   125.20000000     -0.09163519      1.08740513     -0.06321221     -0.00002832
   125.40000000     -0.09175330      1.08748910     -0.06304318      0.00015442
   125.60000000     -0.09184576      1.08754600     -0.06318904      0.00025017
   125.80000000     -0.09181598      1.08748430     -0.06357858     -0.00028765
   126.00000000     -0.09173641      1.08737070     -0.06399240     -0.00003475
   126.20000000     -0.09160985      1.08721080     -0.06446799     -0.00054589
   126.40000000     -0.09140162      1.08697278     -0.06487177     -0.00068421
   126.60000000     -0.09127124      1.08681151     -0.06491723     -0.00021502
   126.80000000     -0.09106292      1.08656790     -0.06561930     -0.00062094
   127.00000000     -0.09091387      1.08638294     -0.06567621     -0.00033522
   127.20000000     -0.09092056      1.08634955     -0.06526127     -0.00018088
   127.40000000     -0.09095312      1.08634391     -0.06508417     -0.00016810
   127.60000000     -0.09096273      1.08631433     -0.06501786     -0.00016098
   127.80000000     -0.09097979      1.08629372     -0.06484669     -0.00007510
   128.00000000     -0.09091850      1.08618980     -0.06514827     -0.00013526
   128.20000000     -0.09091243      1.08614308     -0.06519845     -0.00035488
   128.40000000     -0.09089712      1.08609083     -0.06486896     -0.00037204
   128.60000000     -0.09073414      1.08588931     -0.06539138     -0.00047581
   128.80000000     -0.09061579      1.08573364     -0.06567560     -0.00017966
   129.00000000     -0.09051859      1.08559552     -0.06590393     -0.00040525
   129.20000000     -0.09050277      1.08553831     -0.06522347     -0.00043810
   129.40000000     -0.09032149      1.08531621     -0.06612470     -0.00039662
   129.60000000     -0.09042531      1.08537876     -0.06504985      0.00008958
   129.80000000     -0.09046479      1.08537609     -0.06503953      0.00007072
   130.00000000     -0.09058029      1.08545017     -0.06466039      0.00000662
   130.20000000     -0.09073734      1.08556495     -0.06455367      0.00081646
   130.40000000     -0.09085349      1.08563504     -0.06461620      0.00019276
   130.60000000     -0.09090598      1.08564400     -0.06470522      0.00017898
   130.80000000     -0.09094033      1.08563503     -0.06460428     -0.00020875
   131.00000000     -0.09101122      1.08566205     -0.06383410     -0.00042770
   131.20000000     -0.09092859      1.08553805     -0.06439096      0.00021961
   131.40000000     -0.09084951      1.08541146     -0.06471922     -0.00013663
   131.60000000     -0.09083616      1.08535748     -0.06436460     -0.00063575
   131.80000000     -0.09068798      1.08516334     -0.06471979     -0.00052474
   132.00000000     -0.09061083      1.08504501     -0.06471958     -0.00043743
   132.20000000     -0.09049306      1.08488156     -0.06510099     -0.00026168
   132.40000000     -0.09037760      1.08472270     -0.06515505     -0.00035216
   132.60000000     -0.09028801      1.08458646     -0.06540275     -0.00040490
   132.80000000     -0.09031375      1.08456812     -0.06481215     -0.00038985
   133.00000000     -0.09031727      1.08452192     -0.06480505      0.00041624
   133.20000000     -0.09048628      1.08463863     -0.06447064      0.00028757
   133.40000000     -0.09072095      1.08482232     -0.06353646     -0.00000305
   133.60000000     -0.09090517      1.08495376     -0.06301276      0.00026352
   133.80000000     -0.09105482      1.08505425     -0.06276394      0.00011516
   134.00000000     -0.09116374      1.08511489     -0.06263934      0.00019295
   134.20000000     -0.09121238      1.08511332     -0.06278503     -0.00008329
   134.40000000     -0.09120447      1.08505968     -0.06296143     -0.00019408
   134.60000000     -0.09107346      1.08488705     -0.06368628     -0.00054013
   134.80000000     -0.09093285      1.08469986     -0.06384518     -0.00082152
   135.00000000     -0.09070333      1.08442458     -0.06424963     -0.00060641
   135.20000000     -0.09050461      1.08417443     -0.06464873     -0.00056300
   135.40000000     -0.09032685      1.08394999     -0.06458935     -0.00059123
   135.60000000     -0.09018824      1.08375764     -0.06477741     -0.00024856
   135.80000000     -0.09025333      1.08376880     -0.06386800     -0.00051416
   136.00000000     -0.09024388      1.08370549     -0.06385301      0.00007992
   136.20000000     -0.09028167      1.08369116     -0.06377224      0.00004602
   136.40000000     -0.09022600      1.08358464     -0.06387344     -0.00061145
   136.60000000     -0.09003902      1.08334337     -0.06444032     -0.00064861
   136.80000000     -0.08990680      1.08316343     -0.06451755     -0.00075206
   137.00000000     -0.08965071      1.08285998     -0.06516950     -0.00110550
   137.20000000     -0.08942260      1.08258075     -0.06529179     -0.00072077
   137.40000000     -0.08919784      1.08229992     -0.06532054     -0.00098175
   137.60000000     -0.08895098      1.08200051     -0.06560190     -0.00081540
   137.80000000     -0.08883054      1.08182304     -0.06538497     -0.00052499
   138.00000000     -0.08876169      1.08169689     -0.06547779     -0.00065924
   138.20000000     -0.08874943      1.08162709     -0.06479761     -0.00047715
   138.40000000     -0.08862960      1.08145052     -0.06514954     -0.00047949
   138.60000000     -0.08859193      1.08134684     -0.06514060     -0.00033191
   138.80000000     -0.08853673      1.08123553     -0.06487356     -0.00048962
   139.00000000     -0.08847020      1.08110787     -0.06506050     -0.00021506
   139.20000000     -0.08850197      1.08108174     -0.06484534     -0.00000156
   139.40000000     -0.08839992      1.08091704     -0.06485939     -0.00096038
   139.60000000     -0.08837610      1.08082665     -0.06444637      0.00001161
   139.80000000     -0.08845553      1.08084450     -0.06414572     -0.00032558
   140.00000000     -0.08852174      1.08084422     -0.06383901      0.00000721
   140.20000000     -0.08862315      1.08087936     -0.06353454      0.00025362
   140.40000000     -0.08882054      1.08101302     -0.06292049     -0.00002387
   140.60000000     -0.08885703      1.08099316     -0.06301642     -0.00027625
   140.80000000     -0.08879600      1.08086951     -0.06318197     -0.00038418
   141.00000000     -0.08875878      1.08076751     -0.06312066     -0.00028795
   141.20000000     -0.08865617      1.08059706     -0.06360405     -0.00013704
   141.40000000     -0.08860839      1.08049375     -0.06359601     -0.00029779
   141.60000000     -0.08849619      1.08032039     -0.06350892     -0.00054617
   141.80000000     -0.08838640      1.08014934     -0.06345055     -0.00063257
   142.00000000     -0.08834045      1.08003563     -0.06369716     -0.00010997
   142.20000000     -0.08840450      1.08002967     -0.06333374     -0.00004011
   142.40000000     -0.08832574      1.07988615     -0.06346114     -0.00078797
   142.60000000     -0.08829184      1.07978310     -0.06312793     -0.00032079
   142.80000000     -0.08825190      1.07967432     -0.06329233     -0.00022731
   143.00000000     -0.08823978      1.07959666     -0.06309221     -0.00057294
   143.20000000     -0.08819597      1.07948030     -0.06297608     -0.00060079
   143.40000000     -0.08809834      1.07930977     -0.06312020     -0.00046556
   143.60000000     -0.08808784      1.07923204     -0.06300103     -0.00019278
   143.80000000     -0.08798953      1.07906538     -0.06345069     -0.00036001
   144.00000000     -0.08788380      1.07889035     -0.06322897     -0.00083063
   144.20000000     -0.08770304      1.07864533     -0.06357682     -0.00051318
   144.40000000     -0.08747877      1.07835222     -0.06411845     -0.00097116
   144.60000000     -0.08724733      1.07806167     -0.06409959     -0.00101582
   144.80000000     -0.08680014      1.07754462     -0.06536211     -0.00120759
   145.00000000     -0.08639803      1.07708566     -0.06585240     -0.00093658
   145.20000000     -0.08597488      1.07659609     -0.06637745     -0.00135602
   145.40000000     -0.08553388      1.07609020     -0.06661327     -0.00174430
   145.60000000     -0.08523103      1.07571131     -0.06599639     -0.00118330
   145.80000000     -0.08488012      1.07528285     -0.06630555     -0.00030807
   146.00000000     -0.08474301      1.07506302     -0.06573989     -0.00072811
   146.20000000     -0.08474142      1.07497444     -0.06504834      0.00003757
   146.40000000     -0.08472258      1.07486616     -0.06517944     -0.00022181
   146.60000000     -0.08485964      1.07491663     -0.06398846     -0.00033920
   146.80000000     -0.08482514      1.07479448     -0.06430982     -0.00009785
   147.00000000     -0.08485380      1.07473911     -0.06388555     -0.00056684
   147.20000000     -0.08476323      1.07456982     -0.06423778     -0.00014736
   147.40000000     -0.08470750      1.07442985     -0.06415510     -0.00065666
   147.60000000     -0.08459164      1.07423612     -0.06363076     -0.00075722
   147.80000000     -0.08444923      1.07400104     -0.06389839     -0.00014778
   148.00000000     -0.08451382      1.07397670     -0.06288315     -0.00051019
   148.20000000     -0.08451312      1.07388804     -0.06266034      0.00033583
   148.40000000     -0.08461389      1.07389870     -0.06232681      0.00015872
   148.60000000     -0.08470741      1.07390200     -0.06220094     -0.00013131
   148.80000000     -0.08480184      1.07391537     -0.06205937     -0.00026575
   149.00000000     -0.08473839      1.07376651     -0.06256580     -0.00039129
   149.20000000     -0.08454500      1.07349234     -0.06339885     -0.00078248
   149.40000000     -0.08426090      1.07314355     -0.06387417     -0.00109856
   149.60000000     -0.08388186      1.07270768     -0.06420266     -0.00136187
   149.80000000     -0.08346951      1.07227283     -0.06488651     -0.00106913
   150.00000000     -0.08303937      1.07185814     -0.06516019     -0.00113444
