       0.000000       1.000000      -0.000000      -0.000198      -0.000062
       0.016000       0.999746       0.000254       0.000192       0.015914
       0.032000       0.998983       0.001017       0.001340       0.031735
       0.048000       0.997718       0.002282       0.003215       0.047251
       0.064000       0.995964       0.004036       0.005766       0.062322
       0.080000       0.993736       0.006264       0.008929       0.076820
       0.096000       0.991055       0.008945       0.012624       0.090633
       0.112000       0.987944       0.012056       0.016764       0.103665
       0.128000       0.984429       0.015571       0.021256       0.115840
       0.144000       0.980540       0.019460       0.026006       0.127102
       0.160000       0.976305       0.023695       0.030924       0.137412
       0.176000       0.971756       0.028244       0.035925       0.146750
       0.192000       0.966924       0.033077       0.040928       0.155111
       0.208000       0.961839       0.038161       0.045865       0.162505
       0.224000       0.956533       0.043467       0.050672       0.168956
       0.240000       0.951036       0.048965       0.055297       0.174495
       0.256000       0.945375       0.054625       0.059693       0.179163
       0.272000       0.939578       0.060422       0.063820       0.183007
       0.288000       0.933671       0.066330       0.067645       0.186080
       0.304000       0.927677       0.072324       0.071140       0.188438
       0.320000       0.921618       0.078383       0.074281       0.190140
       0.336000       0.915514       0.084486       0.077053       0.191246
       0.352000       0.909384       0.090617       0.079441       0.191816
       0.368000       0.903243       0.096758       0.081442       0.191911
       0.384000       0.897106       0.102895       0.083056       0.191587
       0.400000       0.890985       0.109015       0.084290       0.190896
       0.416000       0.884892       0.115108       0.085158       0.189886
       0.432000       0.878836       0.121165       0.085675       0.188599
       0.448000       0.872824       0.127176       0.085865       0.187074
       0.464000       0.866865       0.133135       0.085751       0.185340
       0.480000       0.860964       0.139036       0.085358       0.183427
       0.496000       0.855127       0.144873       0.084711       0.181358
       0.512000       0.849359       0.150642       0.083834       0.179153
       0.528000       0.843663       0.156338       0.082749       0.176832
       0.544000       0.838043       0.161958       0.081479       0.174410
       0.560000       0.832501       0.167499       0.080042       0.171904
       0.576000       0.827042       0.172959       0.078455       0.169327
       0.592000       0.821665       0.178335       0.076733       0.166693
       0.608000       0.816374       0.183627       0.074890       0.164014
       0.624000       0.811169       0.188832       0.072938       0.161302
       0.640000       0.806051       0.193950       0.070891       0.158566
       0.656000       0.801020       0.198980       0.068758       0.155815
       0.672000       0.796079       0.203922       0.066552       0.153055
       0.688000       0.791225       0.208775       0.064283       0.150293
       0.704000       0.786460       0.213541       0.061961       0.147531
       0.720000       0.781783       0.218218       0.059595       0.144774
       0.736000       0.777194       0.222806       0.057197       0.142023
       0.752000       0.772693       0.227307       0.054774       0.139281
       0.768000       0.768280       0.231720       0.052337       0.136550
       0.784000       0.763954       0.236046       0.049895       0.133832
       0.800000       0.759715       0.240286       0.047457       0.131131
       0.816000       0.755561       0.244439       0.045030       0.128448
       0.832000       0.751494       0.248507       0.042622       0.125787
       0.848000       0.747511       0.252490       0.040236       0.123152
       0.864000       0.743612       0.256389       0.037876       0.120548
       0.880000       0.739795       0.260205       0.035544       0.117980
       0.896000       0.736061       0.263940       0.033241       0.115454
       0.912000       0.732406       0.267595       0.030966       0.112977
       0.928000       0.728829       0.271171       0.028718       0.110554
       0.944000       0.725330       0.274671       0.026494       0.108191
       0.960000       0.721905       0.278096       0.024293       0.105894
       0.976000       0.718552       0.281449       0.022114       0.103666
       0.992000       0.715269       0.284731       0.019957       0.101511
       1.008000       0.712054       0.287946       0.017822       0.099433
       1.024000       0.708905       0.291096       0.015712       0.097434
       1.040000       0.705818       0.294183       0.013632       0.095515
       1.056000       0.702791       0.297210       0.011588       0.093679
       1.072000       0.699821       0.300179       0.009588       0.091926
       1.088000       0.696907       0.303094       0.007640       0.090258
       1.104000       0.694044       0.305957       0.005751       0.088675
       1.120000       0.691231       0.308770       0.003929       0.087176
       1.136000       0.688464       0.311537       0.002180       0.085760
       1.152000       0.685741       0.314260       0.000510       0.084428
       1.168000       0.683060       0.316941      -0.001079       0.083175
       1.184000       0.680417       0.319584      -0.002585       0.082000
       1.200000       0.677811       0.322190      -0.004011       0.080897
       1.216000       0.675239       0.324762      -0.005357       0.079861
       1.232000       0.672699       0.327302      -0.006629       0.078886
       1.248000       0.670190       0.329811      -0.007834       0.077965
       1.264000       0.667709       0.332292      -0.008978       0.077090
       1.280000       0.665255       0.334745      -0.010072       0.076254
       1.296000       0.662828       0.337172      -0.011123       0.075451
       1.312000       0.660426       0.339574      -0.012140       0.074675
       1.328000       0.658049       0.341952      -0.013132       0.073921
       1.344000       0.655695       0.344305      -0.014103       0.073187
       1.360000       0.653365       0.346636      -0.015057       0.072469
       1.376000       0.651057       0.348944      -0.015996       0.071766
       1.392000       0.648771       0.351229      -0.016918       0.071078
       1.408000       0.646508       0.353493      -0.017823       0.070404
       1.424000       0.644265       0.355735      -0.018706       0.069746
       1.440000       0.642044       0.357957      -0.019566       0.069105
       1.456000       0.639843       0.360158      -0.020398       0.068482
       1.472000       0.637661       0.362340      -0.021201       0.067878
       1.488000       0.635498       0.364502      -0.021975       0.067292
       1.504000       0.633354       0.366647      -0.022720       0.066726
       1.520000       0.631228       0.368773      -0.023440       0.066178
       1.536000       0.629118       0.370882      -0.024139       0.065648
       1.552000       0.627026       0.372975      -0.024825       0.065133
       1.568000       0.624950       0.375051      -0.025504       0.064632
       1.584000       0.622889       0.377111      -0.026185       0.064141
       1.600000       0.620845       0.379156      -0.026876       0.063660
       1.616000       0.618815       0.381186      -0.027582       0.063186
       1.632000       0.616801       0.383200      -0.028309       0.062716
       1.648000       0.614801       0.385199      -0.029060       0.062250
       1.664000       0.612817       0.387184      -0.029833       0.061785
       1.680000       0.610847       0.389154      -0.030629       0.061321
       1.696000       0.608892       0.391109      -0.031442       0.060858
       1.712000       0.606952       0.393049      -0.032270       0.060394
       1.728000       0.605027       0.394974      -0.033107       0.059929
       1.744000       0.603117       0.396884      -0.033949       0.059463
       1.760000       0.601221       0.398779      -0.034791       0.058995
       1.776000       0.599341       0.400660      -0.035631       0.058527
       1.792000       0.597476       0.402525      -0.036464       0.058058
       1.808000       0.595625       0.404375      -0.037291       0.057591
       1.824000       0.593790       0.406211      -0.038108       0.057127
       1.840000       0.591969       0.408032      -0.038917       0.056668
       1.856000       0.590163       0.409838      -0.039716       0.056217
       1.872000       0.588371       0.411630      -0.040507       0.055775
       1.888000       0.586593       0.413407      -0.041291       0.055343
       1.904000       0.584829       0.415172      -0.042067       0.054922
       1.920000       0.583078       0.416923      -0.042838       0.054512
       1.936000       0.581340       0.418661      -0.043605       0.054111
       1.952000       0.579615       0.420386      -0.044369       0.053720
       1.968000       0.577902       0.422099      -0.045132       0.053338
       1.984000       0.576201       0.423800      -0.045895       0.052963
       2.000000       0.574512       0.425489      -0.046658       0.052597
       2.016000       0.572835       0.427166      -0.047422       0.052239
       2.032000       0.571169       0.428832      -0.048188       0.051890
       2.048000       0.569514       0.430487      -0.048956       0.051553
       2.064000       0.567869       0.432131      -0.049726       0.051231
       2.080000       0.566235       0.433766      -0.050497       0.050925
       2.096000       0.564610       0.435391      -0.051268       0.050637
       2.112000       0.562994       0.437007      -0.052038       0.050368
       2.128000       0.561386       0.438615      -0.052804       0.050118
       2.144000       0.559786       0.440215      -0.053565       0.049883
       2.160000       0.558193       0.441807      -0.054319       0.049660
       2.176000       0.556608       0.443393      -0.055066       0.049444
       2.192000       0.555029       0.444972      -0.055804       0.049231
       2.208000       0.553457       0.446544      -0.056533       0.049016
       2.224000       0.551892       0.448109      -0.057252       0.048795
       2.240000       0.550334       0.449666      -0.057961       0.048566
       2.256000       0.548784       0.451217      -0.058659       0.048327
       2.272000       0.547241       0.452759      -0.059343       0.048080
       2.288000       0.545707       0.454294      -0.060012       0.047826
       2.304000       0.544181       0.455820      -0.060662       0.047568
       2.320000       0.542663       0.457338      -0.061291       0.047311
       2.336000       0.541153       0.458848      -0.061896       0.047058
       2.352000       0.539651       0.460350      -0.062475       0.046813
       2.368000       0.538157       0.461844      -0.063029       0.046579
       2.384000       0.536670       0.463331      -0.063557       0.046361
       2.400000       0.535189       0.464811      -0.064060       0.046158
       2.416000       0.533715       0.466286      -0.064542       0.045971
       2.432000       0.532247       0.467754      -0.065004       0.045800
       2.448000       0.530784       0.469217      -0.065451       0.045642
       2.464000       0.529326       0.470675      -0.065888       0.045492
       2.480000       0.527872       0.472128      -0.066319       0.045348
       2.496000       0.526424       0.473577      -0.066749       0.045203
       2.512000       0.524979       0.475021      -0.067181       0.045053
       2.528000       0.523540       0.476461      -0.067620       0.044892
       2.544000       0.522107       0.477894      -0.068070       0.044713
       2.560000       0.520679       0.479322      -0.068531       0.044510
       2.576000       0.519258       0.480743      -0.069006       0.044278
       2.592000       0.517845       0.482155      -0.069496       0.044014
       2.608000       0.516442       0.483559      -0.069999       0.043715
       2.624000       0.515048       0.484953      -0.070514       0.043382
       2.640000       0.513666       0.486335      -0.071040       0.043018
       2.656000       0.512295       0.487706      -0.071574       0.042629
       2.672000       0.510938       0.489063      -0.072112       0.042222
       2.688000       0.509593       0.490408      -0.072651       0.041808
       2.704000       0.508262       0.491739      -0.073188       0.041397
       2.720000       0.506944       0.493057      -0.073720       0.040998
       2.736000       0.505638       0.494363      -0.074243       0.040621
       2.752000       0.504343       0.495657      -0.074753       0.040273
       2.768000       0.503060       0.496941      -0.075248       0.039956
       2.784000       0.501786       0.498215      -0.075727       0.039673
       2.800000       0.500520       0.499480      -0.076188       0.039422
       2.816000       0.499263       0.500738      -0.076631       0.039199
       2.832000       0.498011       0.501989      -0.077058       0.038999
       2.848000       0.496766       0.503234      -0.077471       0.038815
       2.864000       0.495527       0.504474      -0.077872       0.038641
       2.880000       0.494293       0.505707      -0.078265       0.038471
       2.896000       0.493065       0.506936      -0.078652       0.038300
       2.912000       0.491842       0.508159      -0.079035       0.038124
       2.928000       0.490625       0.509376      -0.079414       0.037940
       2.944000       0.489414       0.510587      -0.079792       0.037747
       2.960000       0.488210       0.511791      -0.080168       0.037544
       2.976000       0.487012       0.512989      -0.080543       0.037331
       2.992000       0.485820       0.514180      -0.080917       0.037110
       3.008000       0.484637       0.515364      -0.081290       0.036882
       3.024000       0.483460       0.516541      -0.081662       0.036651
       3.040000       0.482291       0.517710      -0.082033       0.036419
       3.056000       0.481129       0.518872      -0.082403       0.036189
       3.072000       0.479975       0.520026      -0.082771       0.035961
       3.088000       0.478828       0.521173      -0.083135       0.035738
       3.104000       0.477688       0.522313      -0.083493       0.035517
       3.120000       0.476555       0.523446      -0.083844       0.035298
       3.136000       0.475429       0.524572      -0.084188       0.035079
       3.152000       0.474310       0.525691      -0.084525       0.034858
       3.168000       0.473198       0.526803      -0.084854       0.034632
       3.184000       0.472093       0.527908      -0.085180       0.034401
       3.200000       0.470996       0.529005      -0.085503       0.034166
       3.216000       0.469907       0.530094      -0.085826       0.033926
       3.232000       0.468825       0.531176      -0.086151       0.033685
       3.248000       0.467751       0.532250      -0.086479       0.033445
       3.264000       0.466684       0.533317      -0.086810       0.033209
       3.280000       0.465625       0.534376      -0.087145       0.032980
       3.296000       0.464573       0.535427      -0.087480       0.032762
       3.312000       0.463528       0.536473      -0.087816       0.032558
       3.328000       0.462490       0.537511      -0.088148       0.032371
       3.344000       0.461456       0.538544      -0.088475       0.032204
       3.360000       0.460428       0.539573      -0.088795       0.032058
       3.376000       0.459404       0.540596      -0.089107       0.031935
       3.392000       0.458384       0.541617      -0.089410       0.031835
       3.408000       0.457367       0.542634      -0.089702       0.031758
       3.424000       0.456351       0.543649      -0.089983       0.031701
       3.440000       0.455338       0.544663      -0.090253       0.031660
       3.456000       0.454325       0.545676      -0.090511       0.031633
       3.472000       0.453313       0.546688      -0.090759       0.031613
       3.488000       0.452302       0.547699      -0.090995       0.031596
       3.504000       0.451291       0.548710      -0.091222       0.031574
       3.520000       0.450281       0.549720      -0.091441       0.031544
       3.536000       0.449272       0.550729      -0.091652       0.031502
       3.552000       0.448265       0.551736      -0.091858       0.031445
       3.568000       0.447260       0.552741      -0.092060       0.031371
       3.584000       0.446258       0.553743      -0.092259       0.031282
       3.600000       0.445258       0.554743      -0.092458       0.031178
       3.616000       0.444262       0.555739      -0.092658       0.031060
       3.632000       0.443270       0.556730      -0.092862       0.030932
       3.648000       0.442283       0.557718      -0.093070       0.030794
       3.664000       0.441300       0.558701      -0.093286       0.030650
       3.680000       0.440321       0.559680      -0.093510       0.030500
       3.696000       0.439348       0.560653      -0.093743       0.030346
       3.712000       0.438379       0.561622      -0.093986       0.030188
       3.728000       0.437416       0.562585      -0.094239       0.030023
       3.744000       0.436458       0.563543      -0.094501       0.029850
       3.760000       0.435506       0.564495      -0.094773       0.029666
       3.776000       0.434559       0.565442      -0.095053       0.029467
       3.792000       0.433620       0.566381      -0.095341       0.029251
       3.808000       0.432687       0.567314      -0.095635       0.029017
       3.824000       0.431763       0.568238      -0.095933       0.028763
       3.840000       0.430847       0.569154      -0.096233       0.028492
       3.856000       0.429940       0.570061      -0.096532       0.028208
       3.872000       0.429042       0.570959      -0.096826       0.027915
       3.888000       0.428153       0.571848      -0.097113       0.027620
       3.904000       0.427274       0.572727      -0.097388       0.027330
       3.920000       0.426404       0.573597      -0.097648       0.027052
       3.936000       0.425542       0.574459      -0.097889       0.026793
       3.952000       0.424689       0.575312      -0.098112       0.026558
       3.968000       0.423842       0.576159      -0.098314       0.026354
       3.984000       0.423002       0.576999      -0.098498       0.026183
       4.000000       0.422166       0.577835      -0.098665       0.026046
       4.016000       0.421335       0.578666      -0.098821       0.025942
       4.032000       0.420506       0.579495      -0.098970       0.025869
       4.048000       0.419679       0.580322      -0.099118       0.025824
       4.064000       0.418853       0.581148      -0.099269       0.025802
       4.080000       0.418027       0.581974      -0.099427       0.025797
       4.096000       0.417202       0.582800      -0.099595       0.025803
       4.112000       0.416376       0.583625      -0.099774       0.025813
       4.128000       0.415550       0.584451      -0.099966       0.025818
       4.144000       0.414723       0.585278      -0.100170       0.025813
       4.160000       0.413898       0.586103      -0.100386       0.025789
       4.176000       0.413073       0.586928      -0.100613       0.025740
       4.192000       0.412251       0.587750      -0.100851       0.025664
       4.208000       0.411431       0.588570      -0.101098       0.025556
       4.224000       0.410615       0.589386      -0.101354       0.025419
       4.240000       0.409805       0.590196      -0.101618       0.025253
       4.256000       0.408999       0.591002      -0.101889       0.025065
       4.272000       0.408201       0.591800      -0.102166       0.024861
       4.288000       0.407408       0.592593      -0.102448       0.024648
       4.304000       0.406623       0.593378      -0.102732       0.024437
       4.320000       0.405844       0.594157      -0.103017       0.024233
       4.336000       0.405072       0.594929      -0.103299       0.024045
       4.352000       0.404305       0.595696      -0.103573       0.023876
       4.368000       0.403544       0.596457      -0.103834       0.023728
       4.384000       0.402787       0.597215      -0.104079       0.023601
       4.400000       0.402033       0.597968      -0.104302       0.023493
       4.416000       0.401283       0.598718      -0.104501       0.023399
       4.432000       0.400535       0.599466      -0.104675       0.023313
       4.448000       0.399791       0.600210      -0.104822       0.023227
       4.464000       0.399049       0.600952      -0.104946       0.023137
       4.480000       0.398310       0.601691      -0.105049       0.023035
       4.496000       0.397575       0.602426      -0.105137       0.022917
       4.512000       0.396844       0.603157      -0.105215       0.022782
       4.528000       0.396117       0.603884      -0.105290       0.022629
       4.544000       0.395396       0.604606      -0.105367       0.022463
       4.560000       0.394680       0.605322      -0.105451       0.022287
       4.576000       0.393969       0.606032      -0.105544       0.022110
       4.592000       0.393264       0.606737      -0.105647       0.021940
       4.608000       0.392565       0.607436      -0.105759       0.021783
       4.624000       0.391870       0.608131      -0.105877       0.021644
       4.640000       0.391179       0.608822      -0.105998       0.021529
       4.656000       0.390492       0.609509      -0.106122       0.021436
       4.672000       0.389807       0.610194      -0.106246       0.021364
       4.688000       0.389125       0.610877      -0.106370       0.021311
       4.704000       0.388443       0.611558      -0.106495       0.021271
       4.720000       0.387763       0.612238      -0.106622       0.021241
       4.736000       0.387084       0.612917      -0.106751       0.021214
       4.752000       0.386405       0.613596      -0.106884       0.021187
       4.768000       0.385728       0.614273      -0.107020       0.021157
       4.784000       0.385051       0.614950      -0.107160       0.021121
       4.800000       0.384376       0.615625      -0.107303       0.021080
       4.816000       0.383702       0.616299      -0.107449       0.021032
       4.832000       0.383030       0.616971      -0.107596       0.020982
       4.848000       0.382359       0.617642      -0.107743       0.020931
       4.864000       0.381691       0.618311      -0.107888       0.020881
       4.880000       0.381023       0.618978      -0.108030       0.020837
       4.896000       0.380357       0.619644      -0.108167       0.020799
       4.912000       0.379692       0.620309      -0.108299       0.020768
       4.928000       0.379028       0.620974      -0.108426       0.020745
       4.944000       0.378364       0.621637      -0.108547       0.020727
       4.960000       0.377701       0.622300      -0.108663       0.020710
       4.976000       0.377039       0.622962      -0.108774       0.020689
       4.992000       0.376377       0.623624      -0.108882       0.020656
       5.008000       0.375717       0.624284      -0.108987       0.020605
       5.024000       0.375059       0.624942      -0.109091       0.020526
       5.040000       0.374404       0.625598      -0.109196       0.020413
       5.056000       0.373753       0.626248      -0.109303       0.020261
       5.072000       0.373107       0.626894      -0.109414       0.020067
       5.088000       0.372469       0.627532      -0.109530       0.019832
       5.104000       0.371839       0.628163      -0.109649       0.019559
       5.120000       0.371217       0.628784      -0.109772       0.019253
       5.136000       0.370607       0.629395      -0.109898       0.018921
       5.152000       0.370007       0.629994      -0.110026       0.018573
       5.168000       0.369418       0.630583      -0.110155       0.018217
       5.184000       0.368841       0.631160      -0.110286       0.017864
       5.200000       0.368275       0.631726      -0.110420       0.017524
       5.216000       0.367719       0.632282      -0.110559       0.017208
       5.232000       0.367173       0.632828      -0.110705       0.016925
       5.248000       0.366635       0.633366      -0.110860       0.016684
       5.264000       0.366105       0.633896      -0.111025       0.016493
       5.280000       0.365579       0.634422      -0.111200       0.016357
       5.296000       0.365057       0.634944      -0.111381       0.016277
       5.312000       0.364537       0.635464      -0.111566       0.016251
       5.328000       0.364017       0.635984      -0.111748       0.016274
       5.344000       0.363495       0.636506      -0.111921       0.016337
       5.360000       0.362971       0.637030      -0.112081       0.016428
       5.376000       0.362443       0.637558      -0.112223       0.016535
       5.392000       0.361913       0.638089      -0.112348       0.016646
       5.408000       0.361378       0.638623      -0.112455       0.016751
       5.424000       0.360841       0.639161      -0.112546       0.016842
       5.440000       0.360300       0.639701      -0.112624       0.016916
       5.456000       0.359758       0.640243      -0.112691       0.016971
       5.472000       0.359215       0.640787      -0.112752       0.017008
       5.488000       0.358670       0.641331      -0.112809       0.017032
       5.504000       0.358125       0.641877      -0.112864       0.017048
       5.520000       0.357579       0.642422      -0.112919       0.017060
       5.536000       0.357033       0.642969      -0.112976       0.017075
       5.552000       0.356486       0.643515      -0.113033       0.017095
       5.568000       0.355939       0.644063      -0.113091       0.017121
       5.584000       0.355390       0.644611      -0.113150       0.017154
       5.600000       0.354841       0.645161      -0.113210       0.017190
       5.616000       0.354290       0.645711      -0.113271       0.017222
       5.632000       0.353739       0.646263      -0.113335       0.017245
       5.648000       0.353187       0.646815      -0.113405       0.017249
       5.664000       0.352635       0.647366      -0.113482       0.017228
       5.680000       0.352084       0.647917      -0.113570       0.017174
       5.696000       0.351536       0.648465      -0.113671       0.017083
       5.712000       0.350991       0.649010      -0.113787       0.016954
       5.728000       0.350451       0.649550      -0.113917       0.016785
       5.744000       0.349918       0.650084      -0.114061       0.016578
       5.760000       0.349391       0.650610      -0.114216       0.016338
       5.776000       0.348872       0.651129      -0.114379       0.016068
       5.792000       0.348363       0.651639      -0.114548       0.015775
       5.808000       0.347863       0.652138      -0.114720       0.015465
       5.824000       0.347373       0.652628      -0.114895       0.015146
       5.840000       0.346893       0.653108      -0.115072       0.014827
       5.856000       0.346424       0.653577      -0.115250       0.014517
       5.872000       0.345964       0.654037      -0.115428       0.014226
       5.888000       0.345513       0.654488      -0.115604       0.013962
       5.904000       0.345070       0.654931      -0.115775       0.013733
       5.920000       0.344634       0.655367      -0.115939       0.013543
       5.936000       0.344203       0.655798      -0.116092       0.013395
       5.952000       0.343776       0.656225      -0.116233       0.013290
       5.968000       0.343352       0.656649      -0.116358       0.013227
       5.984000       0.342929       0.657072      -0.116469       0.013205
       6.000000       0.342507       0.657495      -0.116564       0.013219
       6.016000       0.342083       0.657918      -0.116644       0.013265
       6.032000       0.341657       0.658344      -0.116711       0.013338
       6.048000       0.341229       0.658772      -0.116764       0.013433
       6.064000       0.340797       0.659204      -0.116807       0.013543
       6.080000       0.340362       0.659639      -0.116842       0.013663
       6.096000       0.339923       0.660078      -0.116871       0.013789
       6.112000       0.339480       0.660522      -0.116898       0.013916
       6.128000       0.339032       0.660969      -0.116923       0.014044
       6.144000       0.338581       0.661421      -0.116951       0.014169
       6.160000       0.338125       0.661876      -0.116980       0.014292
       6.176000       0.337666       0.662335      -0.117013       0.014412
       6.192000       0.337203       0.662798      -0.117047       0.014527
       6.208000       0.336736       0.663265      -0.117083       0.014636
       6.224000       0.336267       0.663735      -0.117120       0.014734
       6.240000       0.335794       0.664208      -0.117157       0.014820
       6.256000       0.335318       0.664683      -0.117193       0.014887
       6.272000       0.334841       0.665160      -0.117228       0.014932
       6.288000       0.334363       0.665638      -0.117260       0.014951
       6.304000       0.333885       0.666117      -0.117290       0.014940
       6.320000       0.333407       0.666594      -0.117317       0.014897
       6.336000       0.332931       0.667070      -0.117342       0.014821
       6.352000       0.332459       0.667542      -0.117366       0.014711
       6.368000       0.331990       0.668011      -0.117391       0.014572
       6.384000       0.331527       0.668475      -0.117417       0.014407
       6.400000       0.331068       0.668933      -0.117448       0.014225
       6.416000       0.330616       0.669385      -0.117486       0.014033
       6.432000       0.330170       0.669831      -0.117531       0.013841
       6.448000       0.329730       0.670271      -0.117586       0.013660
       6.464000       0.329296       0.670705      -0.117649       0.013498
       6.480000       0.328866       0.671135      -0.117721       0.013364
       6.496000       0.328440       0.671561      -0.117802       0.013262
       6.512000       0.328017       0.671984      -0.117888       0.013197
       6.528000       0.327595       0.672406      -0.117979       0.013169
       6.544000       0.327174       0.672827      -0.118071       0.013174
       6.560000       0.326752       0.673249      -0.118165       0.013206
       6.576000       0.326328       0.673673      -0.118257       0.013256
       6.592000       0.325903       0.674098      -0.118348       0.013314
       6.608000       0.325476       0.674525      -0.118437       0.013366
       6.624000       0.325048       0.674953      -0.118526       0.013401
       6.640000       0.324619       0.675382      -0.118616       0.013406
       6.656000       0.324191       0.675811      -0.118710       0.013373
       6.672000       0.323764       0.676238      -0.118809       0.013295
       6.688000       0.323340       0.676661      -0.118915       0.013167
       6.704000       0.322922       0.677080      -0.119029       0.012992
       6.720000       0.322509       0.677492      -0.119151       0.012771
       6.736000       0.322105       0.677897      -0.119280       0.012513
       6.752000       0.321709       0.678293      -0.119416       0.012228
       6.768000       0.321322       0.678679      -0.119557       0.011928
       6.784000       0.320945       0.679056      -0.119703       0.011627
       6.800000       0.320578       0.679423      -0.119850       0.011338
       6.816000       0.320219       0.679782      -0.119996       0.011075
       6.832000       0.319869       0.680133      -0.120138       0.010850
       6.848000       0.319524       0.680477      -0.120273       0.010670
       6.864000       0.319185       0.680816      -0.120396       0.010541
       6.880000       0.318849       0.681152      -0.120505       0.010465
       6.896000       0.318515       0.681486      -0.120598       0.010439
       6.912000       0.318181       0.681821      -0.120674       0.010458
       6.928000       0.317845       0.682156      -0.120734       0.010515
       6.944000       0.317507       0.682494      -0.120780       0.010602
       6.960000       0.317166       0.682835      -0.120812       0.010709
       6.976000       0.316822       0.683179      -0.120835       0.010827
       6.992000       0.316473       0.683528      -0.120851       0.010951
       7.008000       0.316121       0.683880      -0.120863       0.011073
       7.024000       0.315765       0.684236      -0.120874       0.011191
       7.040000       0.315405       0.684596      -0.120884       0.011303
       7.056000       0.315042       0.684960      -0.120895       0.011407
       7.072000       0.314675       0.685326      -0.120905       0.011506
       7.088000       0.314305       0.685696      -0.120916       0.011599
       7.104000       0.313933       0.686069      -0.120924       0.011688
       7.120000       0.313557       0.686444      -0.120929       0.011771
       7.136000       0.313179       0.686822      -0.120930       0.011848
       7.152000       0.312799       0.687202      -0.120926       0.011916
       7.168000       0.312417       0.687585      -0.120919       0.011973
       7.184000       0.312033       0.687968      -0.120909       0.012015
       7.200000       0.311648       0.688353      -0.120896       0.012036
       7.216000       0.311263       0.688738      -0.120884       0.012032
       7.232000       0.310878       0.689123      -0.120874       0.011997
       7.248000       0.310496       0.689506      -0.120868       0.011928
       7.264000       0.310115       0.689886      -0.120869       0.011822
       7.280000       0.309739       0.690262      -0.120879       0.011675
       7.296000       0.309369       0.690633      -0.120900       0.011489
       7.312000       0.309004       0.690997      -0.120935       0.011265
       7.328000       0.308648       0.691353      -0.120985       0.011005
       7.344000       0.308300       0.691701      -0.121053       0.010715
       7.360000       0.307963       0.692039      -0.121139       0.010401
       7.376000       0.307635       0.692366      -0.121243       0.010071
       7.392000       0.307318       0.692683      -0.121367       0.009733
       7.408000       0.307012       0.692989      -0.121510       0.009397
       7.424000       0.306717       0.693285      -0.121671       0.009073
       7.440000       0.306431       0.693570      -0.121848       0.008769
       7.456000       0.306155       0.693846      -0.122039       0.008493
       7.472000       0.305887       0.694114      -0.122242       0.008252
       7.488000       0.305627       0.694375      -0.122454       0.008049
       7.504000       0.305372       0.694630      -0.122674       0.007887
       7.520000       0.305121       0.694880      -0.122899       0.007767
       7.536000       0.304874       0.695127      -0.123125       0.007689
       7.552000       0.304629       0.695373      -0.123349       0.007650
       7.568000       0.304384       0.695617      -0.123567       0.007647
       7.584000       0.304139       0.695862      -0.123775       0.007675
       7.600000       0.303893       0.696109      -0.123968       0.007729
       7.616000       0.303644       0.696357      -0.124143       0.007804
       7.632000       0.303393       0.696608      -0.124297       0.007896
       7.648000       0.303139       0.696863      -0.124429       0.008002
       7.664000       0.302881       0.697121      -0.124538       0.008120
       7.680000       0.302619       0.697383      -0.124623       0.008251
       7.696000       0.302353       0.697649      -0.124684       0.008397
       7.712000       0.302081       0.697920      -0.124719       0.008560
       7.728000       0.301805       0.698197      -0.124729       0.008741
       7.744000       0.301522       0.698480      -0.124711       0.008942
       7.760000       0.301232       0.698769      -0.124666       0.009159
       7.776000       0.300935       0.699066      -0.124594       0.009389
       7.792000       0.300631       0.699370      -0.124498       0.009624
       7.808000       0.300319       0.699682      -0.124381       0.009856
       7.824000       0.300000       0.700001      -0.124249       0.010076
       7.840000       0.299675       0.700327      -0.124106       0.010271
       7.856000       0.299343       0.700658      -0.123959       0.010433
       7.872000       0.299008       0.700994      -0.123813       0.010552
       7.888000       0.298669       0.701333      -0.123676       0.010620
       7.904000       0.298328       0.701673      -0.123552       0.010632
       7.920000       0.297989       0.702013      -0.123447       0.010586
       7.936000       0.297652       0.702350      -0.123365       0.010485
       7.952000       0.297318       0.702683      -0.123310       0.010334
       7.968000       0.296991       0.703011      -0.123283       0.010141
       7.984000       0.296670       0.703332      -0.123285       0.009918
       8.000000       0.296356       0.703645      -0.123315       0.009677
       8.016000       0.296050       0.703951      -0.123371       0.009431
       8.032000       0.295752       0.704249      -0.123450       0.009194
       8.048000       0.295462       0.704540      -0.123550       0.008978
       8.064000       0.295177       0.704824      -0.123666       0.008792
       8.080000       0.294899       0.705103      -0.123795       0.008644
       8.096000       0.294624       0.705378      -0.123933       0.008538
       8.112000       0.294352       0.705650      -0.124074       0.008472
       8.128000       0.294081       0.705920      -0.124216       0.008444
       8.144000       0.293811       0.706190      -0.124355       0.008447
       8.160000       0.293540       0.706461      -0.124488       0.008470
       8.176000       0.293269       0.706733      -0.124612       0.008503
       8.192000       0.292996       0.707005      -0.124726       0.008534
       8.208000       0.292723       0.707279      -0.124830       0.008552
       8.224000       0.292449       0.707552      -0.124923       0.008546
       8.240000       0.292176       0.707825      -0.125007       0.008508
       8.256000       0.291905       0.708096      -0.125083       0.008430
       8.272000       0.291637       0.708364      -0.125155       0.008310
       8.288000       0.291374       0.708628      -0.125226       0.008148
       8.304000       0.291116       0.708885      -0.125300       0.007950
       8.320000       0.290865       0.709136      -0.125379       0.007725
       8.336000       0.290622       0.709380      -0.125464       0.007484
       8.352000       0.290386       0.709615      -0.125558       0.007242
       8.368000       0.290158       0.709843      -0.125658       0.007012
       8.384000       0.289937       0.710064      -0.125764       0.006809
       8.400000       0.289722       0.710279      -0.125873       0.006643
       8.416000       0.289511       0.710490      -0.125983       0.006523
       8.432000       0.289304       0.710698      -0.126091       0.006453
       8.448000       0.289098       0.710904      -0.126194       0.006436
       8.464000       0.288892       0.711110      -0.126288       0.006469
       8.480000       0.288683       0.711318      -0.126370       0.006546
       8.496000       0.288472       0.711529      -0.126436       0.006661
       8.512000       0.288257       0.711745      -0.126487       0.006802
       8.528000       0.288037       0.711965      -0.126520       0.006960
       8.544000       0.287811       0.712190      -0.126537       0.007124
       8.560000       0.287581       0.712421      -0.126539       0.007285
       8.576000       0.287345       0.712656      -0.126530       0.007434
       8.592000       0.287105       0.712896      -0.126510       0.007568
       8.608000       0.286861       0.713140      -0.126483       0.007683
       8.624000       0.286614       0.713388      -0.126450       0.007776
       8.640000       0.286364       0.713638      -0.126411       0.007849
       8.656000       0.286111       0.713890      -0.126369       0.007902
       8.672000       0.285858       0.714143      -0.126324       0.007937
       8.688000       0.285604       0.714398      -0.126278       0.007956
       8.704000       0.285349       0.714652      -0.126230       0.007961
       8.720000       0.285094       0.714907      -0.126182       0.007954
       8.736000       0.284840       0.715161      -0.126136       0.007936
       8.752000       0.284587       0.715415      -0.126092       0.007907
       8.768000       0.284334       0.715667      -0.126051       0.007869
       8.784000       0.284083       0.715918      -0.126016       0.007821
       8.800000       0.283834       0.716168      -0.125986       0.007765
       8.816000       0.283586       0.716415      -0.125963       0.007703
       8.832000       0.283341       0.716661      -0.125948       0.007635
       8.848000       0.283098       0.716904      -0.125938       0.007566
       8.864000       0.282857       0.717145      -0.125933       0.007497
       8.880000       0.282618       0.717384      -0.125930       0.007430
       8.896000       0.282381       0.717621      -0.125929       0.007369
       8.912000       0.282146       0.717855      -0.125929       0.007316
       8.928000       0.281913       0.718089      -0.125929       0.007273
       8.944000       0.281680       0.718321      -0.125930       0.007244
       8.960000       0.281449       0.718553      -0.125934       0.007233
       8.976000       0.281217       0.718784      -0.125942       0.007241
       8.992000       0.280985       0.719016      -0.125954       0.007272
       9.008000       0.280752       0.719250      -0.125972       0.007325
       9.024000       0.280516       0.719485      -0.125994       0.007399
       9.040000       0.280278       0.719724      -0.126019       0.007489
       9.056000       0.280037       0.719965      -0.126044       0.007589
       9.072000       0.279792       0.720209      -0.126069       0.007688
       9.088000       0.279545       0.720457      -0.126091       0.007775
       9.104000       0.279295       0.720707      -0.126110       0.007837
       9.120000       0.279044       0.720958      -0.126126       0.007861
       9.136000       0.278792       0.721209      -0.126142       0.007836
       9.152000       0.278543       0.721459      -0.126158       0.007753
       9.168000       0.278297       0.721705      -0.126178       0.007603
       9.184000       0.278057       0.721945      -0.126206       0.007384
       9.200000       0.277825       0.722177      -0.126245       0.007097
       9.216000       0.277603       0.722398      -0.126299       0.006745
       9.232000       0.277394       0.722608      -0.126370       0.006337
       9.248000       0.277198       0.722803      -0.126461       0.005885
       9.264000       0.277018       0.722984      -0.126575       0.005404
       9.280000       0.276853       0.723149      -0.126713       0.004913
       9.296000       0.276703       0.723298      -0.126876       0.004431
       9.312000       0.276569       0.723433      -0.127062       0.003976
       9.328000       0.276448       0.723553      -0.127270       0.003566
       9.344000       0.276340       0.723662      -0.127494       0.003217
       9.360000       0.276241       0.723760      -0.127730       0.002940
       9.376000       0.276151       0.723851      -0.127972       0.002741
       9.392000       0.276065       0.723936      -0.128214       0.002623
       9.408000       0.275982       0.724019      -0.128450       0.002585
       9.424000       0.275899       0.724103      -0.128674       0.002622
       9.440000       0.275813       0.724188      -0.128882       0.002726
       9.456000       0.275724       0.724278      -0.129069       0.002887
       9.472000       0.275628       0.724373      -0.129229       0.003096
       9.488000       0.275525       0.724476      -0.129359       0.003340
       9.504000       0.275414       0.724587      -0.129455       0.003609
       9.520000       0.275294       0.724707      -0.129515       0.003893
       9.536000       0.275165       0.724836      -0.129537       0.004182
       9.552000       0.275027       0.724975      -0.129524       0.004469
       9.568000       0.274879       0.725122      -0.129476       0.004752
       9.584000       0.274723       0.725279      -0.129398       0.005026
       9.600000       0.274557       0.725444      -0.129291       0.005293
       9.616000       0.274384       0.725618      -0.129160       0.005553
       9.632000       0.274202       0.725799      -0.129009       0.005807
       9.648000       0.274012       0.725989      -0.128841       0.006055
       9.664000       0.273815       0.726187      -0.128661       0.006297
       9.680000       0.273609       0.726392      -0.128472       0.006531
       9.696000       0.273397       0.726605      -0.128280       0.006755
       9.712000       0.273177       0.726824      -0.128089       0.006963
       9.728000       0.272951       0.727050      -0.127903       0.007150
       9.744000       0.272720       0.727282      -0.127729       0.007310
       9.760000       0.272484       0.727518      -0.127568       0.007437
       9.776000       0.272244       0.727757      -0.127425       0.007524
       9.792000       0.272003       0.727999      -0.127302       0.007565
       9.808000       0.271761       0.728241      -0.127203       0.007555
       9.824000       0.271520       0.728482      -0.127129       0.007494
       9.840000       0.271282       0.728720      -0.127081       0.007380
       9.856000       0.271048       0.728954      -0.127061       0.007217
       9.872000       0.270820       0.729181      -0.127068       0.007009
       9.888000       0.270600       0.729402      -0.127101       0.006763
       9.904000       0.270388       0.729614      -0.127159       0.006487
       9.920000       0.270185       0.729817      -0.127238       0.006192
       9.936000       0.269992       0.730010      -0.127337       0.005885
       9.952000       0.269808       0.730193      -0.127452       0.005578
       9.968000       0.269635       0.730367      -0.127580       0.005279
       9.984000       0.269470       0.730531      -0.127718       0.004998
      10.000000       0.269314       0.730687      -0.127862       0.004739
      10.016000       0.269167       0.730835      -0.128008       0.004506
      10.032000       0.269026       0.730976      -0.128150       0.004301
      10.048000       0.268891       0.731110      -0.128284       0.004122
      10.064000       0.268762       0.731240      -0.128407       0.003965
      10.080000       0.268637       0.731364      -0.128516       0.003825
      10.096000       0.268517       0.731485      -0.128613       0.003695
      10.112000       0.268401       0.731601      -0.128697       0.003572
      10.128000       0.268288       0.731713      -0.128772       0.003453
      10.144000       0.268180       0.731822      -0.128841       0.003335
      10.160000       0.268075       0.731927      -0.128908       0.003220
      10.176000       0.267973       0.732028      -0.128977       0.003109
      10.192000       0.267876       0.732126      -0.129051       0.003003
      10.208000       0.267781       0.732220      -0.129132       0.002908
      10.224000       0.267690       0.732312      -0.129222       0.002825
      10.240000       0.267600       0.732401      -0.129321       0.002759
      10.256000       0.267513       0.732489      -0.129430       0.002712
      10.272000       0.267426       0.732575      -0.129547       0.002687
      10.288000       0.267341       0.732661      -0.129671       0.002684
      10.304000       0.267254       0.732747      -0.129799       0.002701
      10.320000       0.267168       0.732834      -0.129928       0.002736
      10.336000       0.267079       0.732923      -0.130058       0.002784
      10.352000       0.266989       0.733012      -0.130183       0.002838
      10.368000       0.266898       0.733104      -0.130303       0.002894
      10.384000       0.266804       0.733198      -0.130415       0.002946
      10.400000       0.266709       0.733293      -0.130517       0.002989
      10.416000       0.266613       0.733389      -0.130607       0.003019
      10.432000       0.266516       0.733486      -0.130684       0.003037
      10.448000       0.266419       0.733583      -0.130750       0.003041
      10.464000       0.266322       0.733680      -0.130805       0.003035
      10.480000       0.266225       0.733777      -0.130849       0.003026
      10.496000       0.266128       0.733874      -0.130883       0.003019
      10.512000       0.266031       0.733971      -0.130908       0.003026
      10.528000       0.265934       0.734068      -0.130922       0.003054
      10.544000       0.265835       0.734167      -0.130925       0.003116
      10.560000       0.265734       0.734268      -0.130915       0.003219
      10.576000       0.265629       0.734373      -0.130889       0.003368
      10.592000       0.265518       0.734484      -0.130843       0.003565
      10.608000       0.265400       0.734602      -0.130776       0.003809
      10.624000       0.265274       0.734728      -0.130685       0.004091
      10.640000       0.265138       0.734864      -0.130571       0.004401
      10.656000       0.264992       0.735010      -0.130433       0.004723
      10.672000       0.264836       0.735166      -0.130276       0.005041
      10.688000       0.264670       0.735332      -0.130103       0.005338
      10.704000       0.264495       0.735507      -0.129921       0.005598
      10.720000       0.264312       0.735690      -0.129737       0.005808
      10.736000       0.264124       0.735878      -0.129557       0.005958
      10.752000       0.263931       0.736070      -0.129390       0.006042
      10.768000       0.263738       0.736264      -0.129241       0.006058
      10.784000       0.263544       0.736457      -0.129117       0.006009
      10.800000       0.263354       0.736648      -0.129022       0.005900
      10.816000       0.263167       0.736834      -0.128960       0.005741
      10.832000       0.262987       0.737015      -0.128932       0.005546
      10.848000       0.262813       0.737189      -0.128938       0.005328
      10.864000       0.262646       0.737356      -0.128976       0.005101
      10.880000       0.262486       0.737516      -0.129044       0.004881
      10.896000       0.262333       0.737669      -0.129136       0.004681
      10.912000       0.262186       0.737816      -0.129248       0.004512
      10.928000       0.262044       0.737958      -0.129373       0.004383
      10.944000       0.261905       0.738097      -0.129504       0.004297
      10.960000       0.261768       0.738233      -0.129634       0.004255
      10.976000       0.261632       0.738369      -0.129758       0.004254
      10.992000       0.261496       0.738506      -0.129872       0.004287
      11.008000       0.261358       0.738644      -0.129971       0.004343
      11.024000       0.261218       0.738784      -0.130056       0.004413
      11.040000       0.261075       0.738926      -0.130125       0.004483
      11.056000       0.260931       0.739071      -0.130182       0.004542
      11.072000       0.260785       0.739217      -0.130228       0.004581
      11.088000       0.260638       0.739364      -0.130267       0.004591
      11.104000       0.260491       0.739510      -0.130303       0.004567
      11.120000       0.260346       0.739656      -0.130339       0.004506
      11.136000       0.260204       0.739798      -0.130379       0.004408
      11.152000       0.260064       0.739937      -0.130425       0.004277
      11.168000       0.259930       0.740072      -0.130481       0.004118
      11.184000       0.259801       0.740201      -0.130547       0.003936
      11.200000       0.259678       0.740323      -0.130625       0.003741
      11.216000       0.259562       0.740440      -0.130714       0.003539
      11.232000       0.259452       0.740550      -0.130814       0.003338
      11.248000       0.259348       0.740654      -0.130923       0.003144
      11.264000       0.259251       0.740751      -0.131039       0.002961
      11.280000       0.259158       0.740843      -0.131158       0.002794
      11.296000       0.259071       0.740930      -0.131278       0.002644
      11.312000       0.258989       0.741013      -0.131396       0.002510
      11.328000       0.258911       0.741091      -0.131509       0.002391
      11.344000       0.258836       0.741166      -0.131615       0.002284
      11.360000       0.258764       0.741237      -0.131712       0.002187
      11.376000       0.258696       0.741306      -0.131802       0.002096
      11.392000       0.258630       0.741372      -0.131883       0.002012
      11.408000       0.258567       0.741435      -0.131956       0.001936
      11.424000       0.258506       0.741496      -0.132021       0.001869
      11.440000       0.258447       0.741554      -0.132079       0.001818
      11.456000       0.258390       0.741612      -0.132127       0.001789
      11.472000       0.258332       0.741669      -0.132164       0.001787
      11.488000       0.258275       0.741727      -0.132187       0.001818
      11.504000       0.258216       0.741786      -0.132192       0.001886
      11.520000       0.258154       0.741848      -0.132176       0.001990
      11.536000       0.258088       0.741914      -0.132137       0.002128
      11.552000       0.258017       0.741984      -0.132076       0.002294
      11.568000       0.257941       0.742061      -0.131994       0.002479
      11.584000       0.257859       0.742143      -0.131894       0.002675
      11.600000       0.257770       0.742232      -0.131779       0.002871
      11.616000       0.257675       0.742327      -0.131655       0.003058
      11.632000       0.257574       0.742427      -0.131526       0.003228
      11.648000       0.257469       0.742533      -0.131395       0.003373
      11.664000       0.257359       0.742643      -0.131267       0.003489
      11.680000       0.257246       0.742756      -0.131145       0.003575
      11.696000       0.257130       0.742872      -0.131031       0.003632
      11.712000       0.257013       0.742988      -0.130928       0.003663
      11.728000       0.256896       0.743106      -0.130838       0.003676
      11.744000       0.256778       0.743223      -0.130762       0.003678
      11.760000       0.256661       0.743341      -0.130701       0.003680
      11.776000       0.256543       0.743459      -0.130653       0.003692
      11.792000       0.256424       0.743578      -0.130616       0.003722
      11.808000       0.256304       0.743698      -0.130586       0.003779
      11.824000       0.256182       0.743820      -0.130561       0.003865
      11.840000       0.256056       0.743945      -0.130537       0.003984
      11.856000       0.255927       0.744075      -0.130510       0.004134
      11.872000       0.255792       0.744210      -0.130480       0.004310
      11.888000       0.255651       0.744351      -0.130444       0.004507
      11.904000       0.255503       0.744499      -0.130403       0.004715
      11.920000       0.255349       0.744653      -0.130358       0.004924
      11.936000       0.255188       0.744814      -0.130309       0.005122
      11.952000       0.255021       0.744981      -0.130259       0.005297
      11.968000       0.254849       0.745153      -0.130211       0.005438
      11.984000       0.254674       0.745328      -0.130168       0.005535
      12.000000       0.254496       0.745506      -0.130133       0.005581
      12.016000       0.254317       0.745685      -0.130110       0.005573
      12.032000       0.254140       0.745862      -0.130098       0.005509
      12.048000       0.253965       0.746037      -0.130101       0.005391
      12.064000       0.253795       0.746207      -0.130116       0.005225
      12.080000       0.253631       0.746371      -0.130145       0.005015
      12.096000       0.253474       0.746527      -0.130186       0.004771
      12.112000       0.253326       0.746676      -0.130239       0.004501
      12.128000       0.253186       0.746815      -0.130302       0.004216
      12.144000       0.253056       0.746946      -0.130375       0.003925
      12.160000       0.252935       0.747067      -0.130458       0.003636
      12.176000       0.252823       0.747178      -0.130549       0.003355
      12.192000       0.252720       0.747281      -0.130648       0.003087
      12.208000       0.252626       0.747376      -0.130754       0.002833
      12.224000       0.252539       0.747463      -0.130866       0.002591
      12.240000       0.252460       0.747542      -0.130984       0.002355
      12.256000       0.252388       0.747614      -0.131106       0.002119
      12.272000       0.252324       0.747678      -0.131234       0.001877
      12.288000       0.252268       0.747734      -0.131369       0.001622
      12.304000       0.252221       0.747781      -0.131512       0.001351
      12.320000       0.252182       0.747820      -0.131666       0.001065
      12.336000       0.252153       0.747849      -0.131833       0.000766
      12.352000       0.252133       0.747869      -0.132011       0.000462
      12.368000       0.252123       0.747879      -0.132201       0.000163
      12.384000       0.252122       0.747879      -0.132400      -0.000121
      12.400000       0.252130       0.747871      -0.132606      -0.000376
      12.416000       0.252146       0.747856      -0.132813      -0.000591
      12.432000       0.252168       0.747834      -0.133019      -0.000755
      12.448000       0.252194       0.747808      -0.133217      -0.000857
      12.464000       0.252222       0.747780      -0.133404      -0.000890
      12.480000       0.252250       0.747752      -0.133573      -0.000848
      12.496000       0.252275       0.747727      -0.133720      -0.000728
      12.512000       0.252296       0.747706      -0.133839      -0.000531
      12.528000       0.252308       0.747693      -0.133926      -0.000262
      12.544000       0.252312       0.747690      -0.133979       0.000071
      12.560000       0.252303       0.747698      -0.133995       0.000460
      12.576000       0.252282       0.747720      -0.133974       0.000891
      12.592000       0.252246       0.747756      -0.133917       0.001350
      12.608000       0.252195       0.747807      -0.133826       0.001823
      12.624000       0.252129       0.747872      -0.133703       0.002292
      12.640000       0.252049       0.747953      -0.133554       0.002745
      12.656000       0.251954       0.748048      -0.133383       0.003165
      12.672000       0.251846       0.748155      -0.133196       0.003543
      12.688000       0.251728       0.748274      -0.133000       0.003868
      12.704000       0.251600       0.748402      -0.132802       0.004135
      12.720000       0.251464       0.748538      -0.132609       0.004341
      12.736000       0.251322       0.748679      -0.132428       0.004488
      12.752000       0.251177       0.748824      -0.132264       0.004578
      12.768000       0.251030       0.748972      -0.132120       0.004617
      12.784000       0.250882       0.749119      -0.131999       0.004611
      12.800000       0.250735       0.749266      -0.131902       0.004566
      12.816000       0.250590       0.749411      -0.131827       0.004490
      12.832000       0.250448       0.749553      -0.131774       0.004388
      12.848000       0.250310       0.749692      -0.131740       0.004265
      12.864000       0.250175       0.749826      -0.131720       0.004124
      12.880000       0.250046       0.749956      -0.131712       0.003968
      12.896000       0.249922       0.750080      -0.131710       0.003799
      12.912000       0.249803       0.750199      -0.131712       0.003619
      12.928000       0.249690       0.750311      -0.131714       0.003430
      12.944000       0.249584       0.750418      -0.131714       0.003234
      12.960000       0.249483       0.750518      -0.131711       0.003033
      12.976000       0.249389       0.750612      -0.131704       0.002833
      12.992000       0.249302       0.750700      -0.131694       0.002639
      13.008000       0.249220       0.750781      -0.131682       0.002456
      13.024000       0.249145       0.750857      -0.131669       0.002291
      13.040000       0.249074       0.750928      -0.131655       0.002153
      13.056000       0.249006       0.750995      -0.131642       0.002048
      13.072000       0.248942       0.751060      -0.131629       0.001982
      13.088000       0.248879       0.751123      -0.131617       0.001957
      13.104000       0.248816       0.751185      -0.131606       0.001975
      13.120000       0.248752       0.751249      -0.131594       0.002032
      13.136000       0.248686       0.751316      -0.131580       0.002123
      13.152000       0.248616       0.751386      -0.131565       0.002239
      13.168000       0.248542       0.751459      -0.131548       0.002369
      13.184000       0.248465       0.751537      -0.131530       0.002501
      13.200000       0.248383       0.751619      -0.131513       0.002622
      13.216000       0.248297       0.751705      -0.131499       0.002721
      13.232000       0.248209       0.751793      -0.131490       0.002786
      13.248000       0.248119       0.751883      -0.131488       0.002812
      13.264000       0.248029       0.751973      -0.131495       0.002791
      13.280000       0.247941       0.752061      -0.131512       0.002723
      13.296000       0.247856       0.752146      -0.131538       0.002610
      13.312000       0.247774       0.752227      -0.131574       0.002454
      13.328000       0.247699       0.752303      -0.131618       0.002262
      13.344000       0.247630       0.752372      -0.131669       0.002042
      13.360000       0.247568       0.752433      -0.131727       0.001805
      13.376000       0.247515       0.752487      -0.131789       0.001560
      13.392000       0.247468       0.752533      -0.131856       0.001319
      13.408000       0.247430       0.752572      -0.131927       0.001090
      13.424000       0.247398       0.752603      -0.132001       0.000884
      13.440000       0.247373       0.752629      -0.132076       0.000705
      13.456000       0.247353       0.752649      -0.132150       0.000557
      13.472000       0.247337       0.752665      -0.132223       0.000438
      13.488000       0.247325       0.752677      -0.132291       0.000344
      13.504000       0.247315       0.752687      -0.132354       0.000270
      13.520000       0.247307       0.752694      -0.132411       0.000207
      13.536000       0.247302       0.752700      -0.132464       0.000146
      13.552000       0.247298       0.752704      -0.132514       0.000079
      13.568000       0.247297       0.752705      -0.132565      -0.000001
      13.584000       0.247298       0.752703      -0.132619      -0.000099
      13.600000       0.247303       0.752698      -0.132681      -0.000216
      13.616000       0.247312       0.752689      -0.132753      -0.000351
      13.632000       0.247326       0.752676      -0.132840      -0.000500
      13.648000       0.247344       0.752657      -0.132943      -0.000653
      13.664000       0.247368       0.752634      -0.133062      -0.000802
      13.680000       0.247395       0.752606      -0.133198      -0.000935
      13.696000       0.247427       0.752575      -0.133348      -0.001039
      13.712000       0.247462       0.752540      -0.133509      -0.001104
      13.728000       0.247497       0.752504      -0.133676      -0.001118
      13.744000       0.247532       0.752469      -0.133841      -0.001074
      13.760000       0.247565       0.752436      -0.133999      -0.000966
      13.776000       0.247594       0.752408      -0.134140      -0.000794
      13.792000       0.247615       0.752386      -0.134257      -0.000560
      13.808000       0.247629       0.752373      -0.134342      -0.000273
      13.824000       0.247632       0.752369      -0.134392       0.000055
      13.840000       0.247625       0.752377      -0.134403       0.000413
      13.856000       0.247606       0.752396      -0.134376       0.000783
      13.872000       0.247575       0.752427      -0.134312       0.001153
      13.888000       0.247532       0.752470      -0.134215       0.001508
      13.904000       0.247479       0.752523      -0.134091       0.001837
      13.920000       0.247415       0.752587      -0.133946       0.002132
      13.936000       0.247343       0.752659      -0.133785       0.002388
      13.952000       0.247263       0.752739      -0.133615       0.002603
      13.968000       0.247177       0.752825      -0.133442       0.002778
      13.984000       0.247085       0.752917      -0.133271       0.002920
      14.000000       0.246990       0.753012      -0.133105       0.003033
      14.016000       0.246892       0.753110      -0.132950       0.003126
      14.032000       0.246790       0.753212      -0.132805       0.003206
      14.048000       0.246686       0.753316      -0.132675       0.003280
      14.064000       0.246580       0.753422      -0.132558       0.003353
      14.080000       0.246472       0.753530      -0.132457       0.003427
      14.096000       0.246361       0.753641      -0.132372       0.003503
      14.112000       0.246248       0.753754      -0.132304       0.003582
      14.128000       0.246132       0.753870      -0.132254       0.003659
      14.144000       0.246013       0.753989      -0.132221       0.003734
      14.160000       0.245893       0.754109      -0.132205       0.003803
      14.176000       0.245770       0.754232      -0.132203       0.003863
      14.192000       0.245646       0.754356      -0.132213       0.003912
      14.208000       0.245520       0.754482      -0.132231       0.003947
      14.224000       0.245393       0.754609      -0.132255       0.003967
      14.240000       0.245266       0.754736      -0.132278       0.003973
      14.256000       0.245139       0.754863      -0.132299       0.003962
      14.272000       0.245013       0.754989      -0.132313       0.003937
      14.288000       0.244887       0.755115      -0.132318       0.003899
      14.304000       0.244763       0.755239      -0.132313       0.003849
      14.320000       0.244641       0.755361      -0.132296       0.003789
      14.336000       0.244521       0.755481      -0.132267       0.003719
      14.352000       0.244403       0.755599      -0.132227       0.003642
      14.368000       0.244288       0.755714      -0.132177       0.003557
      14.384000       0.244175       0.755826      -0.132118       0.003462
      14.400000       0.244066       0.755935      -0.132052       0.003354
      14.416000       0.243961       0.756041      -0.131983       0.003230
      14.432000       0.243860       0.756142      -0.131912       0.003084
      14.448000       0.243764       0.756238      -0.131845       0.002911
      14.464000       0.243674       0.756328      -0.131787       0.002709
      14.480000       0.243591       0.756411      -0.131741       0.002474
      14.496000       0.243516       0.756486      -0.131715       0.002207
      14.512000       0.243450       0.756552      -0.131711       0.001909
      14.528000       0.243394       0.756608      -0.131734       0.001585
      14.544000       0.243349       0.756653      -0.131786       0.001243
      14.560000       0.243315       0.756687      -0.131866       0.000892
      14.576000       0.243292       0.756710      -0.131975       0.000541
      14.592000       0.243280       0.756722      -0.132109       0.000201
      14.608000       0.243279       0.756723      -0.132265      -0.000117
      14.624000       0.243287       0.756715      -0.132438      -0.000404
      14.640000       0.243304       0.756698      -0.132626      -0.000651
      14.656000       0.243328       0.756674      -0.132825      -0.000852
      14.672000       0.243358       0.756644      -0.133030      -0.001001
      14.688000       0.243392       0.756610      -0.133239      -0.001098
      14.704000       0.243428       0.756574      -0.133448      -0.001140
      14.720000       0.243464       0.756538      -0.133653      -0.001130
      14.736000       0.243500       0.756502      -0.133849      -0.001074
      14.752000       0.243533       0.756469      -0.134032      -0.000980
      14.768000       0.243562       0.756440      -0.134196      -0.000856
      14.784000       0.243587       0.756415      -0.134337      -0.000717
      14.800000       0.243608       0.756394      -0.134451      -0.000573
      14.816000       0.243624       0.756378      -0.134537      -0.000437
      14.832000       0.243636       0.756366      -0.134595      -0.000321
      14.848000       0.243645       0.756357      -0.134628      -0.000230
      14.864000       0.243651       0.756351      -0.134640      -0.000169
      14.880000       0.243656       0.756346      -0.134637      -0.000138
      14.896000       0.243660       0.756342      -0.134626      -0.000131
      14.912000       0.243665       0.756338      -0.134612      -0.000139
      14.928000       0.243669       0.756333      -0.134600      -0.000149
      14.944000       0.243674       0.756328      -0.134591      -0.000148
      14.960000       0.243678       0.756324      -0.134588      -0.000121
      14.976000       0.243681       0.756321      -0.134588      -0.000053
      14.992000       0.243681       0.756321      -0.134588       0.000067
