     0.00000000      1.00098733     -0.00098733     -0.00059175      0.00044359
     0.20000000      0.97420410      0.02579592      0.07559588      0.09031878
     0.40000000      0.94117998      0.05882004      0.08186062      0.07613196
     0.60000000      0.91314066      0.08685934      0.07733211      0.06360243
     0.80000000      0.89059818      0.10940186      0.07398134      0.04894167
     1.00000000      0.87370380      0.12629622      0.07189184      0.03612459
     1.20000000      0.86114218      0.13885785      0.07047622      0.02782059
     1.40000000      0.85070231      0.14929770      0.06861839      0.02502822
     1.60000000      0.84060532      0.15939468      0.06598265      0.02582427
     1.80000000      0.82998612      0.17001389      0.06349117      0.02734709
     2.00000000      0.81879574      0.18120426      0.06127790      0.02834100
     2.20000000      0.80739015      0.19260987      0.05941768      0.02850248
     2.40000000      0.79615739      0.20384266      0.05761474      0.02766370
     2.60000000      0.78526568      0.21473434      0.05546421      0.02671017
     2.80000000      0.77479152      0.22520849      0.05290892      0.02579963
     3.00000000      0.76437715      0.23562287      0.05064713      0.02628551
     3.20000000      0.75396415      0.24603586      0.04848423      0.02584257
     3.40000000      0.74372291      0.25627709      0.04615488      0.02537935
     3.60000000      0.73367073      0.26632928      0.04391050      0.02470630
     3.80000000      0.72392717      0.27607284      0.04132911      0.02429953
     4.00000000      0.71428177      0.28571823      0.03965865      0.02351925
     4.20000000      0.70508048      0.29491953      0.03700366      0.02272751
     4.40000000      0.69612100      0.30387901      0.03451012      0.02222444
     4.60000000      0.68730785      0.31269218      0.03233088      0.02190049
     4.80000000      0.67853467      0.32146535      0.03065906      0.02171831
     5.00000000      0.66980603      0.33019398      0.02840365      0.02195043
     5.20000000      0.66117019      0.33882982      0.02620280      0.02151719
     5.40000000      0.65259457      0.34740545      0.02438180      0.02113891
     5.60000000      0.64427507      0.35572493      0.02224669      0.02033134
     5.80000000      0.63625044      0.36374959      0.02021695      0.01982048
     6.00000000      0.62839095      0.37160906      0.01842812      0.01938646
     6.20000000      0.62081288      0.37918714      0.01597951      0.01877598
     6.40000000      0.61329002      0.38670998      0.01465919      0.01858976
     6.60000000      0.60589132      0.39410870      0.01317471      0.01832169
     6.80000000      0.59869352      0.40130651      0.01100355      0.01804473
     7.00000000      0.59140435      0.40859566      0.00980674      0.01815520
     7.20000000      0.58421656      0.41578350      0.00813154      0.01782525
     7.40000000      0.57710275      0.42289729      0.00636875      0.01760598
     7.60000000      0.57020606      0.42979395      0.00478246      0.01700656
     7.80000000      0.56356136      0.43643868      0.00327578      0.01641824
     8.00000000      0.55708689      0.44291311      0.00181128      0.01599855
     8.20000000      0.55074197      0.44925804      0.00053356      0.01559348
     8.40000000      0.54460805      0.45539198     -0.00062843      0.01530639
     8.60000000      0.53857638      0.46142363     -0.00218481      0.01486765
     8.80000000      0.53257241      0.46742762     -0.00361147      0.01511528
     9.00000000      0.52655314      0.47344688     -0.00436572      0.01477386
     9.20000000      0.52064471      0.47935529     -0.00620160      0.01507495
     9.40000000      0.51470655      0.48529345     -0.00737394      0.01456254
     9.60000000      0.50891056      0.49108947     -0.00820977      0.01433070
     9.80000000      0.50324382      0.49675619     -0.00954574      0.01422305
    10.00000000      0.49775409      0.50224593     -0.01051728      0.01344893
    10.20000000      0.49247740      0.50752260     -0.01123826      0.01276656
    10.40000000      0.48726070      0.51273932     -0.01213659      0.01314228
    10.60000000      0.48222349      0.51777652     -0.01287472      0.01214360
    10.80000000      0.47735886      0.52264116     -0.01405462      0.01224084
    11.00000000      0.47242287      0.52757716     -0.01511096      0.01239712
    11.20000000      0.46742046      0.53257955     -0.01626575      0.01254981
    11.40000000      0.46246754      0.53753247     -0.01684164      0.01223037
    11.60000000      0.45762881      0.54237124     -0.01764823      0.01172322
    11.80000000      0.45298204      0.54701798     -0.01877580      0.01192257
    12.00000000      0.44822898      0.55177105     -0.01908364      0.01182072
    12.20000000      0.44365969      0.55634033     -0.01991413      0.01118558
    12.40000000      0.43918843      0.56081158     -0.02051314      0.01115680
    12.60000000      0.43484124      0.56515878     -0.02122341      0.01057135
    12.80000000      0.43068341      0.56931661     -0.02207748      0.01006079
    13.00000000      0.42666344      0.57333658     -0.02285250      0.01023496
    13.20000000      0.42256672      0.57743331     -0.02328038      0.01004659
    13.40000000      0.41853054      0.58146946     -0.02397119      0.01035487
    13.60000000      0.41450346      0.58549657     -0.02469552      0.00982857
    13.80000000      0.41056666      0.58943334     -0.02522844      0.00966981
    14.00000000      0.40668566      0.59331437     -0.02603766      0.00991537
    14.20000000      0.40266303      0.59733699     -0.02568751      0.00992163
    14.40000000      0.39889456      0.60110545     -0.02663884      0.00934702
    14.60000000      0.39518265      0.60481740     -0.02749560      0.00925348
    14.80000000      0.39145943      0.60854058     -0.02768402      0.00913643
    15.00000000      0.38791710      0.61208290     -0.02794744      0.00849271
    15.20000000      0.38452800      0.61547200     -0.02875324      0.00839039
    15.40000000      0.38121337      0.61878664     -0.02920862      0.00833415
    15.60000000      0.37789116      0.62210885     -0.02979935      0.00843074
    15.80000000      0.37462552      0.62537447     -0.03044843      0.00810359
    16.00000000      0.37127633      0.62872368     -0.03086876      0.00862885
    16.20000000      0.36794393      0.63205608     -0.03124762      0.00798340
    16.40000000      0.36471259      0.63528742     -0.03129888      0.00774272
    16.60000000      0.36169022      0.63830981     -0.03227980      0.00764392
    16.80000000      0.35857575      0.64142427     -0.03253543      0.00781622
    17.00000000      0.35534991      0.64465009     -0.03242569      0.00809341
    17.20000000      0.35225378      0.64774621     -0.03317097      0.00765784
    17.40000000      0.34924416      0.65075584     -0.03326894      0.00744079
    17.60000000      0.34626553      0.65373447     -0.03339216      0.00741390
    17.80000000      0.34336231      0.65663770     -0.03417596      0.00725631
    18.00000000      0.34035007      0.65964995     -0.03398076      0.00731761
    18.20000000      0.33746179      0.66253820     -0.03416279      0.00722511
    18.40000000      0.33481620      0.66518381     -0.03503041      0.00628154
    18.60000000      0.33214978      0.66785021     -0.03508999      0.00707475
    18.80000000      0.32956783      0.67043216     -0.03546359      0.00634671
    19.00000000      0.32704019      0.67295980     -0.03556986      0.00581505
    19.20000000      0.32462734      0.67537265     -0.03675511      0.00667625
    19.40000000      0.32205804      0.67794197     -0.03648995      0.00575141
    19.60000000      0.31962044      0.68037954     -0.03720216      0.00648014
    19.80000000      0.31707184      0.68292815     -0.03725260      0.00632802
    20.00000000      0.31453060      0.68546939     -0.03753130      0.00630712
    20.20000000      0.31195395      0.68804603     -0.03769976      0.00662343
    20.40000000      0.30930419      0.69069579     -0.03732256      0.00659450
    20.60000000      0.30671070      0.69328927     -0.03692354      0.00635143
    20.80000000      0.30432352      0.69567640     -0.03767857      0.00598981
    21.00000000      0.30196678      0.69803318     -0.03788603      0.00547506
    21.20000000      0.29968669      0.70031326     -0.03799431      0.00563258
    21.40000000      0.29747208      0.70252787     -0.03833637      0.00544237
    21.60000000      0.29538742      0.70461254     -0.03896442      0.00524021
    21.80000000      0.29343339      0.70656660     -0.03960842      0.00475462
    22.00000000      0.29142403      0.70857596     -0.03989219      0.00490939
    22.20000000      0.28938085      0.71061915     -0.04006143      0.00506155
    22.40000000      0.28729678      0.71270314     -0.04035369      0.00535525
    22.60000000      0.28503409      0.71496584     -0.03996257      0.00525984
    22.80000000      0.28289773      0.71710227     -0.04038188      0.00579999
    23.00000000      0.28071071      0.71928919     -0.04066252      0.00526863
    23.20000000      0.27855498      0.72144499     -0.04028472      0.00526592
    23.40000000      0.27653567      0.72346427     -0.04053037      0.00502483
    23.60000000      0.27463240      0.72536754     -0.04075695      0.00452495
    23.80000000      0.27278944      0.72721046     -0.04097185      0.00453336
    24.00000000      0.27091733      0.72908257     -0.04115976      0.00480623
    24.20000000      0.26904546      0.73095441     -0.04148645      0.00486362
    24.40000000      0.26705930      0.73294056     -0.04097189      0.00467449
    24.60000000      0.26522787      0.73477196     -0.04128893      0.00459520
    24.80000000      0.26341750      0.73658231     -0.04172010      0.00470680
    25.00000000      0.26150352      0.73849633     -0.04122515      0.00465734
    25.20000000      0.25981750      0.74018237     -0.04221593      0.00444097
    25.40000000      0.25805559      0.74194430     -0.04206770      0.00408494
    25.60000000      0.25635986      0.74364003     -0.04206311      0.00410337
    25.80000000      0.25492175      0.74507809     -0.04279293      0.00363081
    26.00000000      0.25354217      0.74645765     -0.04347398      0.00367588
    26.20000000      0.25198641      0.74801343     -0.04364003      0.00393462
    26.40000000      0.25033159      0.74966819     -0.04323306      0.00414405
    26.60000000      0.24879307      0.75120674     -0.04387739      0.00409946
    26.80000000      0.24700006      0.75299973     -0.04330964      0.00440668
    27.00000000      0.24523485      0.75476487     -0.04307653      0.00445709
    27.20000000      0.24347646      0.75652337     -0.04308775      0.00434495
    27.40000000      0.24178074      0.75821901     -0.04336821      0.00409218
    27.60000000      0.24007320      0.75992652     -0.04320290      0.00419753
    27.80000000      0.23846378      0.76153596     -0.04320677      0.00375826
    28.00000000      0.23699133      0.76300833     -0.04375070      0.00369003
    28.20000000      0.23554462      0.76445510     -0.04366432      0.00352385
    28.40000000      0.23429003      0.76570961     -0.04409767      0.00293914
    28.60000000      0.23299761      0.76700201     -0.04441566      0.00341819
    28.80000000      0.23160315      0.76839648     -0.04462827      0.00367236
    29.00000000      0.23024726      0.76975242     -0.04467139      0.00308202
    29.20000000      0.22901837      0.77098123     -0.04484780      0.00303824
    29.40000000      0.22781637      0.77218326     -0.04533859      0.00329323
    29.60000000      0.22646286      0.77353673     -0.04524338      0.00309119
    29.80000000      0.22519663      0.77480294     -0.04547310      0.00306190
    30.00000000      0.22395329      0.77604624     -0.04600078      0.00364978
    30.20000000      0.22245716      0.77754232     -0.04541562      0.00345624
    30.40000000      0.22093404      0.77906543     -0.04489892      0.00399263
    30.60000000      0.21958446      0.78041488     -0.04536144      0.00305673
    30.80000000      0.21818233      0.78181711     -0.04475569      0.00335831
    31.00000000      0.21683508      0.78316433     -0.04478984      0.00338733
    31.20000000      0.21547293      0.78452646     -0.04463352      0.00320140
    31.40000000      0.21423674      0.78576261     -0.04495659      0.00302983
    31.60000000      0.21305041      0.78694893     -0.04540109      0.00269045
    31.80000000      0.21194846      0.78805087     -0.04542553      0.00274680
    32.00000000      0.21090188      0.78909740     -0.04630284      0.00262063
    32.20000000      0.20978619      0.79021306     -0.04645771      0.00270598
    32.40000000      0.20873977      0.79125945     -0.04648345      0.00253555
    32.60000000      0.20765231      0.79234681     -0.04645031      0.00283067
    32.80000000      0.20656545      0.79343370     -0.04667942      0.00267173
    33.00000000      0.20537113      0.79462797     -0.04634791      0.00291579
    33.20000000      0.20409662      0.79590241     -0.04587955      0.00309238
    33.40000000      0.20296955      0.79702941     -0.04594592      0.00244033
    33.60000000      0.20194799      0.79805100     -0.04643013      0.00270902
    33.80000000      0.20091488      0.79908399     -0.04698788      0.00289275
    34.00000000      0.19987208      0.80012679     -0.04696976      0.00216417
    34.20000000      0.19898756      0.80101126     -0.04768806      0.00221373
    34.40000000      0.19792405      0.80207472     -0.04746847      0.00270205
    34.60000000      0.19685759      0.80314116     -0.04763004      0.00270830
    34.80000000      0.19572891      0.80426981     -0.04721027      0.00282610
    35.00000000      0.19462806      0.80537062     -0.04712733      0.00278873
    35.20000000      0.19346742      0.80653117     -0.04689775      0.00299577
    35.40000000      0.19224509      0.80775351     -0.04661881      0.00300267
    35.60000000      0.19093096      0.80906752     -0.04591961      0.00324445
    35.80000000      0.18978632      0.81021209     -0.04617108      0.00299891
    36.00000000      0.18873478      0.81126365     -0.04653724      0.00252499
    36.20000000      0.18777660      0.81222185     -0.04658697      0.00224040
    36.40000000      0.18699063      0.81300765     -0.04750017      0.00195151
    36.60000000      0.18626983      0.81372840     -0.04799470      0.00175641
    36.80000000      0.18556251      0.81443560     -0.04821031      0.00144012
    37.00000000      0.18486829      0.81512984     -0.04819896      0.00164406
    37.20000000      0.18409989      0.81589815     -0.04845458      0.00213346
    37.40000000      0.18323253      0.81676556     -0.04842318      0.00251729
    37.60000000      0.18239012      0.81760776     -0.04868908      0.00226128
    37.80000000      0.18146856      0.81852928     -0.04854256      0.00229513
    38.00000000      0.18044618      0.81955152     -0.04802563      0.00254051
    38.20000000      0.17950908      0.82048855     -0.04843164      0.00266905
    38.40000000      0.17855260      0.82144509     -0.04834641      0.00209937
    38.60000000      0.17756406      0.82243350     -0.04840169      0.00277503
    38.80000000      0.17650010      0.82349726     -0.04806601      0.00256437
    39.00000000      0.17555484      0.82444248     -0.04798132      0.00209408
    39.20000000      0.17468283      0.82531437     -0.04792295      0.00214531
    39.40000000      0.17375275      0.82624433     -0.04784787      0.00266892
    39.60000000      0.17278298      0.82721405     -0.04787289      0.00238490
    39.80000000      0.17185523      0.82814172     -0.04795623      0.00207445
    40.00000000      0.17103091      0.82896599     -0.04782170      0.00177187
    40.20000000      0.17035406      0.82964275     -0.04851633      0.00195697
    40.40000000      0.16961533      0.83038143     -0.04833290      0.00135422
    40.60000000      0.16910092      0.83089567     -0.04910247      0.00139136
    40.80000000      0.16846767      0.83152874     -0.04914253      0.00156516
    41.00000000      0.16785913      0.83213721     -0.04951525      0.00176621
    41.20000000      0.16710573      0.83289063     -0.04936513      0.00178740
    41.40000000      0.16631020      0.83368595     -0.04925041      0.00199047
    41.60000000      0.16550510      0.83449086     -0.04920372      0.00186393
    41.80000000      0.16478885      0.83520702     -0.04936965      0.00174414
    42.00000000      0.16406648      0.83592920     -0.04918033      0.00171611
    42.20000000      0.16340538      0.83659024     -0.04946602      0.00161770
    42.40000000      0.16269991      0.83729554     -0.04956347      0.00187142
    42.60000000      0.16205038      0.83794493     -0.04992293      0.00148733
    42.80000000      0.16132958      0.83866563     -0.04945508      0.00207531
    43.00000000      0.16061650      0.83937847     -0.04969488      0.00192809
    43.20000000      0.15973417      0.84026056     -0.04937873      0.00214598
    43.40000000      0.15878132      0.84121327     -0.04916575      0.00242069
    43.60000000      0.15788700      0.84210750     -0.04900071      0.00202472
    43.80000000      0.15712702      0.84286727     -0.04912200      0.00174391
    44.00000000      0.15640590      0.84358835     -0.04911499      0.00185688
    44.20000000      0.15574438      0.84424966     -0.04939812      0.00159058
    44.40000000      0.15513464      0.84485927     -0.04948075      0.00136398
    44.60000000      0.15457667      0.84541709     -0.04962240      0.00116776
    44.80000000      0.15403345      0.84596001     -0.04982308      0.00148148
    45.00000000      0.15342834      0.84656497     -0.04973171      0.00136386
    45.20000000      0.15278725      0.84720575     -0.04999320      0.00214989
    45.40000000      0.15211537      0.84787740     -0.05013313      0.00149590
    45.60000000      0.15136898      0.84862352     -0.04968603      0.00198624
    45.80000000      0.15067931      0.84931294     -0.04953963      0.00163848
    46.00000000      0.15002213      0.84997001     -0.04936401      0.00159955
    46.20000000      0.14951743      0.85047462     -0.05015564      0.00146598
    46.40000000      0.14902109      0.85097081     -0.05040884      0.00102959
    46.60000000      0.14868688      0.85130470     -0.05093310      0.00095465
    46.80000000      0.14833101      0.85166027     -0.05114533      0.00066082
    47.00000000      0.14791311      0.85207806     -0.05146007      0.00082596
    47.20000000      0.14750789      0.85248293     -0.05181631      0.00125917
    47.40000000      0.14697913      0.85301125     -0.05155657      0.00130174
    47.60000000      0.14627949      0.85371058     -0.05115785      0.00215589
    47.80000000      0.14549512      0.85449465     -0.05088048      0.00209414
    48.00000000      0.14454156      0.85544790     -0.05011373      0.00263309
    48.20000000      0.14362546      0.85636363     -0.04981219      0.00227116
    48.40000000      0.14274896      0.85723986     -0.04910047      0.00206709
    48.60000000      0.14201470      0.85797390     -0.04932517      0.00216566
    48.80000000      0.14139876      0.85858957     -0.04989851      0.00170876
    49.00000000      0.14081254      0.85917545     -0.04990819      0.00113896
    49.20000000      0.14024339      0.85974444     -0.04997825      0.00107704
    49.40000000      0.13978464      0.86020294     -0.05009086      0.00110149
    49.60000000      0.13941365      0.86057367     -0.05052879      0.00080461
    49.80000000      0.13908248      0.86090443     -0.05098347      0.00108429
    50.00000000      0.13868215      0.86130449     -0.05093792      0.00083494
    50.20000000      0.13832222      0.86166414     -0.05106282      0.00101364
    50.40000000      0.13803263      0.86195347     -0.05186481      0.00083212
    50.60000000      0.13759532      0.86239036     -0.05166008      0.00101723
    50.80000000      0.13713885      0.86284654     -0.05160254      0.00113999
    51.00000000      0.13663290      0.86335211     -0.05125125      0.00116696
    51.20000000      0.13621445      0.86377019     -0.05195325      0.00131286
    51.40000000      0.13558994      0.86439441     -0.05147009      0.00146747
    51.60000000      0.13495706      0.86502709     -0.05122053      0.00197128
    51.80000000      0.13442430      0.86555922     -0.05116634      0.00129024
    52.00000000      0.13376145      0.86622146     -0.05074647      0.00169343
    52.20000000      0.13317940      0.86680321     -0.05074427      0.00130414
    52.40000000      0.13270846      0.86727386     -0.05116977      0.00139060
    52.60000000      0.13223264      0.86774933     -0.05103447      0.00086509
    52.80000000      0.13179523      0.86818623     -0.05097776      0.00100990
    53.00000000      0.13142234      0.86855880     -0.05158663      0.00115839
    53.20000000      0.13094603      0.86903467     -0.05147360      0.00115759
    53.40000000      0.13038283      0.86959730     -0.05130737      0.00134028
    53.60000000      0.12978658      0.87019311     -0.05086299      0.00138631
    53.80000000      0.12926586      0.87071337     -0.05107593      0.00147019
    54.00000000      0.12865222      0.87132650     -0.05088465      0.00164749
    54.20000000      0.12804892      0.87192941     -0.05051302      0.00122151
    54.40000000      0.12750192      0.87247610     -0.05053621      0.00172617
    54.60000000      0.12706774      0.87290982     -0.05097542      0.00072172
    54.80000000      0.12667678      0.87329997     -0.05106334      0.00116900
    55.00000000      0.12636865      0.87360741     -0.05155074      0.00034900
    55.20000000      0.12614310      0.87383245     -0.05205838      0.00074621
    55.40000000      0.12577986      0.87419520     -0.05212751      0.00085873
    55.60000000      0.12550275      0.87447179     -0.05229583      0.00061746
    55.80000000      0.12517572      0.87479829     -0.05207702      0.00098007
    56.00000000      0.12478835      0.87518492     -0.05221568      0.00122948
    56.20000000      0.12429105      0.87568160     -0.05178979      0.00138702
    56.40000000      0.12381850      0.87615357     -0.05151529      0.00061159
    56.60000000      0.12345748      0.87651377     -0.05196807      0.00137804
    56.80000000      0.12305521      0.87691537     -0.05227046      0.00088022
    57.00000000      0.12266167      0.87730829     -0.05234358      0.00054447
    57.20000000      0.12237539      0.87759391     -0.05271913      0.00061278
    57.40000000      0.12205265      0.87791593     -0.05314217      0.00085271
    57.60000000      0.12169874      0.87826945     -0.05298552      0.00079307
    57.80000000      0.12133495      0.87863269     -0.05292599      0.00102447
    58.00000000      0.12084062      0.87912661     -0.05236576      0.00101182
    58.20000000      0.12035734      0.87960893     -0.05191613      0.00131424
    58.40000000      0.11980000      0.88016555     -0.05186218      0.00171661
    58.60000000      0.11913238      0.88083227     -0.05106150      0.00123576
    58.80000000      0.11862668      0.88133727     -0.05117993      0.00142827
    59.00000000      0.11816287      0.88180062     -0.05148969      0.00111074
    59.20000000      0.11770199      0.88226097     -0.05147031      0.00105424
    59.40000000      0.11725450      0.88270780     -0.05148464      0.00101426
    59.60000000      0.11686661      0.88309483     -0.05166119      0.00057638
    59.80000000      0.11661892      0.88334188     -0.05200262      0.00038810
    60.00000000      0.11629967      0.88366046     -0.05181769      0.00097595
    60.20000000      0.11599147      0.88396788     -0.05214653      0.00069444
    60.40000000      0.11562362      0.88433513     -0.05205222      0.00054210
    60.60000000      0.11521276      0.88474527     -0.05186086      0.00100103
    60.80000000      0.11486592      0.88509152     -0.05212246      0.00062907
    61.00000000      0.11461442      0.88534190     -0.05236049      0.00042670
    61.20000000      0.11445038      0.88550521     -0.05288314      0.00048174
    61.40000000      0.11432422      0.88563037     -0.05330855      0.00019150
    61.60000000      0.11420349      0.88575025     -0.05361129      0.00023614
    61.80000000      0.11407969      0.88587331     -0.05393330      0.00044960
    62.00000000      0.11381364      0.88613865     -0.05347977      0.00068764
    62.20000000      0.11361419      0.88633712     -0.05371688      0.00048887
    62.40000000      0.11336197      0.88658853     -0.05400810      0.00101276
    62.60000000      0.11291166      0.88703762     -0.05325193      0.00088827
    62.80000000      0.11244933      0.88749875     -0.05300536      0.00157179
    63.00000000      0.11181511      0.88813203     -0.05231783      0.00170403
    63.20000000      0.11127341      0.88867257     -0.05220600      0.00123401
    63.40000000      0.11082873      0.88911611     -0.05233213      0.00107199
    63.60000000      0.11033463      0.88960906     -0.05174211      0.00099647
    63.80000000      0.10990179      0.89004123     -0.05184057      0.00122002
    64.00000000      0.10935590      0.89058609     -0.05133159      0.00126873
    64.20000000      0.10895979      0.89098088     -0.05167186      0.00094129
    64.40000000      0.10855413      0.89138563     -0.05135392      0.00054907
    64.60000000      0.10838471      0.89155378     -0.05199096      0.00052950
    64.80000000      0.10819554      0.89174195     -0.05234059      0.00042394
    65.00000000      0.10798460      0.89195204     -0.05222483      0.00043269
    65.20000000      0.10788321      0.89205249     -0.05316654      0.00030901
    65.40000000      0.10781161      0.89212310     -0.05366790     -0.00016119
    65.60000000      0.10768573      0.89224804     -0.05380501      0.00042068
    65.80000000      0.10749408      0.89243857     -0.05375064      0.00045558
    66.00000000      0.10727939      0.89265192     -0.05375623      0.00062054
    66.20000000      0.10691953      0.89301063     -0.05329415      0.00101006
    66.40000000      0.10642666      0.89350226     -0.05283439      0.00143103
    66.60000000      0.10591013      0.89401764     -0.05247529      0.00120433
    66.80000000      0.10544674      0.89447958     -0.05200864      0.00092254
    67.00000000      0.10511461      0.89481025     -0.05221808      0.00083767
    67.20000000      0.10480991      0.89511359     -0.05208764      0.00045243
    67.40000000      0.10467976      0.89524279     -0.05298767      0.00056252
    67.60000000      0.10456726      0.89535410     -0.05337340     -0.00010055
    67.80000000      0.10451019      0.89540989     -0.05418291      0.00050439
    68.00000000      0.10438052      0.89553842     -0.05430914      0.00023913
    68.20000000      0.10428967      0.89562812     -0.05451583      0.00022656
    68.40000000      0.10409186      0.89582444     -0.05420813      0.00051830
    68.60000000      0.10383895      0.89607576     -0.05383975      0.00070426
    68.80000000      0.10349348      0.89642006     -0.05368985      0.00118312
    69.00000000      0.10300526      0.89690658     -0.05312167      0.00133257
    69.20000000      0.10249636      0.89741384     -0.05272347      0.00083892
    69.40000000      0.10199597      0.89791265     -0.05246493      0.00127263
    69.60000000      0.10159599      0.89831120     -0.05245891      0.00091234
    69.80000000      0.10130344      0.89860209     -0.05276807      0.00083005
    70.00000000      0.10099386      0.89891012     -0.05264819      0.00044780
    70.20000000      0.10072821      0.89917430     -0.05279740      0.00097318
    70.40000000      0.10046604      0.89943480     -0.05306002      0.00042962
    70.60000000      0.10019366      0.89970568     -0.05262016      0.00065483
    70.80000000      0.09989628      0.90000141     -0.05247918      0.00095246
    71.00000000      0.09961790      0.90027834     -0.05251333      0.00058160
    71.20000000      0.09935531      0.90053898     -0.05257787      0.00076840
    71.40000000      0.09910582      0.90078704     -0.05282245      0.00072891
    71.60000000      0.09883096      0.90106045     -0.05260648      0.00059479
    71.80000000      0.09867948      0.90121054     -0.05323468      0.00036176
    72.00000000      0.09849734      0.90139093     -0.05333202      0.00031279
    72.20000000      0.09838040      0.90150617     -0.05337186     -0.00010639
    72.40000000      0.09835121      0.90153380     -0.05363544      0.00020367
    72.60000000      0.09828213      0.90160063     -0.05386781      0.00041119
    72.80000000      0.09816942      0.90171169     -0.05413637      0.00048977
    73.00000000      0.09790983      0.90196924     -0.05365582      0.00051233
    73.20000000      0.09777930      0.90209803     -0.05401912      0.00025738
    73.40000000      0.09762565      0.90225030     -0.05410356      0.00027675
    73.60000000      0.09738566      0.90248817     -0.05390911      0.00083792
    73.80000000      0.09717314      0.90269846     -0.05418820      0.00064487
    74.00000000      0.09704129      0.90282854     -0.05459195      0.00060869
    74.20000000      0.09680734      0.90306040     -0.05452246      0.00043514
    74.40000000      0.09651439      0.90335109     -0.05411231      0.00065236
    74.60000000      0.09624243      0.90362132     -0.05384718      0.00080990
    74.80000000      0.09588525      0.90397604     -0.05360679      0.00091897
    75.00000000      0.09551101      0.90434817     -0.05327522      0.00098482
    75.20000000      0.09516770      0.90468940     -0.05343521      0.00107475
    75.40000000      0.09475384      0.90510124     -0.05314284      0.00074197
    75.60000000      0.09437646      0.90547642     -0.05275695      0.00078660
    75.80000000      0.09411062      0.90574012     -0.05313093      0.00086356
    76.00000000      0.09373489      0.90611417     -0.05266039      0.00055011
    76.20000000      0.09352187      0.90632510     -0.05290344      0.00039808
    76.40000000      0.09326784      0.90657704     -0.05289280      0.00081480
    76.60000000      0.09301335      0.90682933     -0.05304826      0.00075285
    76.80000000      0.09276238      0.90707754     -0.05272515      0.00027309
    77.00000000      0.09251312      0.90732503     -0.05245664      0.00050484
    77.20000000      0.09236692      0.90746873     -0.05292525      0.00030076
    77.40000000      0.09221851      0.90761509     -0.05305469      0.00003929
    77.60000000      0.09218642      0.90764509     -0.05385421      0.00028962
    77.80000000      0.09214182      0.90768758     -0.05417658     -0.00011231
    78.00000000      0.09224132      0.90758578     -0.05484755     -0.00020114
    78.20000000      0.09233309      0.90749161     -0.05511972     -0.00035008
    78.40000000      0.09239422      0.90742820     -0.05522184      0.00019312
    78.60000000      0.09233007      0.90748957     -0.05530127      0.00036478
    78.80000000      0.09213549      0.90768142     -0.05496169      0.00048907
    79.00000000      0.09186265      0.90795124     -0.05414934      0.00050260
    79.20000000      0.09161973      0.90819123     -0.05420990      0.00094651
    79.40000000      0.09126302      0.90854571     -0.05377132      0.00070514
    79.60000000      0.09096212      0.90884414     -0.05362534      0.00061327
    79.80000000      0.09068108      0.90912214     -0.05325775      0.00062193
    80.00000000      0.09054522      0.90925515     -0.05382789      0.00052061
    80.20000000      0.09043141      0.90936594     -0.05414653      0.00034116
    80.40000000      0.09034086      0.90945383     -0.05429664      0.00008070
    80.60000000      0.09024888      0.90954322     -0.05441487      0.00039156
    80.80000000      0.09006322      0.90972557     -0.05427518      0.00056383
    81.00000000      0.08994234      0.90984405     -0.05450545      0.00056367
    81.20000000      0.08964158      0.91014190     -0.05376695      0.00083903
    81.40000000      0.08928849      0.91049224     -0.05314514      0.00108327
    81.60000000      0.08900494      0.91077263     -0.05333455      0.00078373
    81.80000000      0.08872332      0.91105043     -0.05329438      0.00063607
    82.00000000      0.08849198      0.91127902     -0.05337788      0.00059956
    82.20000000      0.08825970      0.91150859     -0.05356703      0.00061577
    82.40000000      0.08813474      0.91163032     -0.05392771      0.00022435
    82.60000000      0.08803426      0.91172787     -0.05383535     -0.00026287
    82.80000000      0.08805563      0.91170282     -0.05427785      0.00009266
    83.00000000      0.08799674      0.91175878     -0.05419940      0.00036673
    83.20000000      0.08785728      0.91189526     -0.05415044      0.00050818
    83.40000000      0.08766268      0.91208674     -0.05411901      0.00053180
    83.60000000      0.08743382      0.91231182     -0.05383801      0.00023520
    83.80000000      0.08717313      0.91256923     -0.05352318      0.00055673
    84.00000000      0.08678350      0.91295529     -0.05286964      0.00093259
    84.20000000      0.08657385      0.91316194     -0.05324016      0.00056269
    84.40000000      0.08639826      0.91333420     -0.05363900      0.00070977
    84.60000000      0.08613325      0.91359608     -0.05310498      0.00024147
    84.80000000      0.08605653      0.91366919     -0.05364442      0.00030377
    85.00000000      0.08601149      0.91371028     -0.05408997      0.00002704
    85.20000000      0.08594153      0.91377704     -0.05396374      0.00010149
    85.40000000      0.08591589      0.91379952     -0.05422299      0.00020143
    85.60000000      0.08593940      0.91377199     -0.05473692     -0.00029613
    85.80000000      0.08605018      0.91365767     -0.05533631     -0.00036203
    86.00000000      0.08607960      0.91362497     -0.05524426     -0.00039149
    86.20000000      0.08609039      0.91360958     -0.05539859     -0.00023241
    86.40000000      0.08616359      0.91353246     -0.05562201     -0.00011990
    86.60000000      0.08621356      0.91347883     -0.05595226      0.00033938
    86.80000000      0.08614043      0.91354805     -0.05597383      0.00006018
    87.00000000      0.08591381      0.91377020     -0.05552901      0.00085405
    87.20000000      0.08551015      0.91416911     -0.05460084      0.00080608
    87.40000000      0.08511770      0.91455750     -0.05409747      0.00122628
    87.60000000      0.08462377      0.91504631     -0.05332751      0.00080819
    87.80000000      0.08423749      0.91542824     -0.05317425      0.00090294
    88.00000000      0.08385278      0.91580862     -0.05267242      0.00048731
    88.20000000      0.08364345      0.91601387     -0.05284777      0.00020796
    88.40000000      0.08343865      0.91621423     -0.05285657      0.00047214
    88.60000000      0.08332954      0.91631976     -0.05332716      0.00025518
    88.80000000      0.08320225      0.91644270     -0.05322793      0.00019100
    89.00000000      0.08318281      0.91645812     -0.05386159      0.00011110
    89.20000000      0.08302206      0.91661561     -0.05327022     -0.00012986
    89.40000000      0.08299062      0.91664212     -0.05391119      0.00055112
    89.60000000      0.08284600      0.91678242     -0.05358418     -0.00000967
    89.80000000      0.08270249      0.91692057     -0.05342434      0.00058939
    90.00000000      0.08254876      0.91707052     -0.05354922      0.00035028
    90.20000000      0.08242558      0.91718984     -0.05368959      0.00012151
    90.40000000      0.08245792      0.91715314     -0.05454797     -0.00020251
    90.60000000      0.08241530      0.91719084     -0.05424167     -0.00022860
    90.80000000      0.08248096      0.91712079     -0.05465831      0.00003963
    91.00000000      0.08254770      0.91704958     -0.05467416     -0.00045603
    91.20000000      0.08260256      0.91699043     -0.05493204      0.00015792
    91.40000000      0.08247080      0.91711730     -0.05448569      0.00010352
    91.60000000      0.08245112      0.91713170     -0.05485191      0.00023361
    91.80000000      0.08225968      0.91731768     -0.05457097      0.00032284
    92.00000000      0.08210917      0.91746305     -0.05449778      0.00027083
    92.20000000      0.08195472      0.91761242     -0.05436486      0.00024335
    92.40000000      0.08192966      0.91763197     -0.05486618     -0.00028840
    92.60000000      0.08186646      0.91768996     -0.05472892     -0.00001459
    92.80000000      0.08195029      0.91760086     -0.05546115     -0.00010153
    93.00000000      0.08201154      0.91753416     -0.05561574     -0.00007625
    93.20000000      0.08201120      0.91752945     -0.05574642      0.00013502
    93.40000000      0.08191047      0.91762469     -0.05531086      0.00032838
    93.60000000      0.08184990      0.91767998     -0.05531164      0.00042161
    93.80000000      0.08163837      0.91788559     -0.05474294      0.00061780
    94.00000000      0.08132279      0.91819527     -0.05418904      0.00070281
    94.20000000      0.08094736      0.91856454     -0.05359011      0.00080859
    94.40000000      0.08054309      0.91896390     -0.05296930      0.00062319
    94.60000000      0.08017635      0.91932383     -0.05287754      0.00096499
    94.80000000      0.07993376      0.91955970     -0.05319413      0.00033450
    95.00000000      0.07977226      0.91971577     -0.05345150      0.00061742
    95.20000000      0.07966449      0.91981842     -0.05358261     -0.00020605
    95.40000000      0.07959701      0.91988006     -0.05345587      0.00021898
    95.60000000      0.07958126      0.91989080     -0.05370687     -0.00009396
    95.80000000      0.07958631      0.91987977     -0.05405394     -0.00011775
    96.00000000      0.07952652      0.91993320     -0.05400557      0.00033404
    96.20000000      0.07958591      0.91986746     -0.05436941     -0.00042872
    96.40000000      0.07955992      0.91988760     -0.05424367      0.00025115
    96.60000000      0.07950195      0.91994026     -0.05423948      0.00009456
    96.80000000      0.07946583      0.91996985     -0.05449557      0.00021025
    97.00000000      0.07934048      0.92008909     -0.05420063      0.00016687
    97.20000000      0.07929042      0.92013224     -0.05446463      0.00017041
    97.40000000      0.07916031      0.92025594     -0.05414092      0.00036502
    97.60000000      0.07907146      0.92033877     -0.05430824      0.00030680
    97.80000000      0.07898155      0.92042218     -0.05439907      0.00013776
    98.00000000      0.07882214      0.92057450     -0.05394699      0.00013317
    98.20000000      0.07875299      0.92063622     -0.05423323     -0.00005459
    98.40000000      0.07865637      0.92072720     -0.05389439     -0.00015984
    98.60000000      0.07872223      0.92065357     -0.05445242     -0.00011103
    98.80000000      0.07879320      0.92057674     -0.05490057     -0.00041966
    99.00000000      0.07884559      0.92051735     -0.05491713     -0.00031270
    99.20000000      0.07893531      0.92042102     -0.05519781     -0.00016236
    99.40000000      0.07894580      0.92040355     -0.05533715      0.00026800
    99.60000000      0.07882859      0.92051281     -0.05511890      0.00024539
    99.80000000      0.07873890      0.92059536     -0.05516341      0.00033495
   100.00000000      0.07854763      0.92077879     -0.05448736      0.00029090
   100.20000000      0.07842529      0.92089411     -0.05447035      0.00021458
   100.40000000      0.07829392      0.92101740     -0.05428482      0.00031145
   100.60000000      0.07823514      0.92106787     -0.05461546     -0.00002043
   100.80000000      0.07817873      0.92111709     -0.05455512     -0.00013362
   101.00000000      0.07821320      0.92107445     -0.05512034      0.00008725
   101.20000000      0.07820919      0.92107173     -0.05538470     -0.00020534
   101.40000000      0.07821079      0.92106256     -0.05525118     -0.00001680
   101.60000000      0.07823806      0.92102621     -0.05536479     -0.00006240
   101.80000000      0.07816305      0.92109391     -0.05518778      0.00055836
   102.00000000      0.07795899      0.92128875     -0.05466889      0.00032203
   102.20000000      0.07762763      0.92161030     -0.05378624      0.00107084
   102.40000000      0.07727394      0.92195656     -0.05347695      0.00089264
   102.60000000      0.07686779      0.92235332     -0.05266475      0.00079358
   102.80000000      0.07654195      0.92267063     -0.05249188      0.00073381
   103.00000000      0.07638036      0.92282236     -0.05290739      0.00054356
   103.20000000      0.07624229      0.92295209     -0.05293219      0.00027595
   103.40000000      0.07617007      0.92301488     -0.05307552      0.00030662
   103.60000000      0.07624069      0.92293712     -0.05383888     -0.00005507
   103.80000000      0.07630711      0.92286359     -0.05387238     -0.00038848
   104.00000000      0.07639022      0.92277296     -0.05407742      0.00011592
   104.20000000      0.07639343      0.92276021     -0.05421795     -0.00003601
   104.40000000      0.07639856      0.92274582     -0.05423935     -0.00018581
   104.60000000      0.07639393      0.92274172     -0.05395724     -0.00004034
   104.80000000      0.07644853      0.92267846     -0.05433206     -0.00019015
   105.00000000      0.07648616      0.92263208     -0.05432722     -0.00049025
   105.20000000      0.07660823      0.92250081     -0.05484970      0.00001159
   105.40000000      0.07673124      0.92236815     -0.05527770     -0.00068705
   105.60000000      0.07686385      0.92222729     -0.05549176     -0.00011203
   105.80000000      0.07698624      0.92209660     -0.05589413     -0.00035408
   106.00000000      0.07707682      0.92199523     -0.05575493     -0.00035613
   106.20000000      0.07718685      0.92187629     -0.05570919     -0.00032570
   106.40000000      0.07722812      0.92182414     -0.05577118      0.00019811
   106.60000000      0.07717516      0.92186532     -0.05575787      0.00029873
   106.80000000      0.07705159      0.92197953     -0.05537641      0.00021308
   107.00000000      0.07696654      0.92205344     -0.05520849      0.00027857
   107.20000000      0.07686134      0.92214858     -0.05521964      0.00020281
   107.40000000      0.07676043      0.92223770     -0.05525355      0.00025852
   107.60000000      0.07659890      0.92238831     -0.05476367     -0.00008807
   107.80000000      0.07644796      0.92252979     -0.05445127      0.00044180
   108.00000000      0.07629747      0.92266900     -0.05435599      0.00048605
   108.20000000      0.07612201      0.92283245     -0.05424432      0.00031469
   108.40000000      0.07588576      0.92305736     -0.05360385      0.00059473
   108.60000000      0.07566106      0.92327050     -0.05346114      0.00052736
   108.80000000      0.07547185      0.92344781     -0.05330345      0.00045800
   109.00000000      0.07529810      0.92360985     -0.05330841      0.00075200
   109.20000000      0.07518224      0.92371368     -0.05312745     -0.00016548
   109.40000000      0.07521003      0.92367539     -0.05365660     -0.00002350
   109.60000000      0.07518993      0.92368533     -0.05380873      0.00009127
   109.80000000      0.07519467      0.92366962     -0.05417978     -0.00004740
   110.00000000      0.07516327      0.92368878     -0.05412245     -0.00022543
   110.20000000      0.07515528      0.92368570     -0.05388526     -0.00019333
   110.40000000      0.07523339      0.92359575     -0.05410006     -0.00011954
   110.60000000      0.07527092      0.92354659     -0.05433680      0.00009372
   110.80000000      0.07525234      0.92355263     -0.05434220      0.00010401
   111.00000000      0.07518252      0.92360996     -0.05408393     -0.00012555
   111.20000000      0.07527929      0.92350187     -0.05479607     -0.00007856
   111.40000000      0.07526142      0.92350696     -0.05469914      0.00022708
   111.60000000      0.07532802      0.92342920     -0.05486241     -0.00012780
   111.80000000      0.07541184      0.92333299     -0.05509687     -0.00013531
   112.00000000      0.07530363      0.92342770     -0.05419033      0.00021988
   112.20000000      0.07529363      0.92342452     -0.05474663      0.00035603
   112.40000000      0.07509215      0.92361195     -0.05404795      0.00048010
   112.60000000      0.07497676      0.92371342     -0.05406261      0.00023953
   112.80000000      0.07479885      0.92387683     -0.05375712      0.00034307
   113.00000000      0.07474587      0.92391846     -0.05387417      0.00013706
   113.20000000      0.07479655      0.92385330     -0.05432918     -0.00063945
   113.40000000      0.07488034      0.92375825     -0.05455926     -0.00012876
   113.60000000      0.07509355      0.92353157     -0.05524662     -0.00099258
   113.80000000      0.07543350      0.92318016     -0.05592715     -0.00103106
   114.00000000      0.07573976      0.92285954     -0.05620950     -0.00079546
   114.20000000      0.07598525      0.92260139     -0.05630439     -0.00068562
   114.40000000      0.07616176      0.92241036     -0.05632185     -0.00027386
   114.60000000      0.07615564      0.92240041     -0.05611381      0.00019356
   114.80000000      0.07595782      0.92258362     -0.05530735      0.00061325
   115.00000000      0.07569812      0.92282517     -0.05447962      0.00052559
   115.20000000      0.07548642      0.92302070     -0.05429063      0.00082489
   115.40000000      0.07516087      0.92332898     -0.05364231      0.00057844
   115.60000000      0.07492639      0.92354914     -0.05336975      0.00026616
   115.80000000      0.07479432      0.92366690     -0.05349945      0.00033530
   116.00000000      0.07476407      0.92368076     -0.05375927     -0.00022343
   116.20000000      0.07474782      0.92368130     -0.05361344     -0.00020175
   116.40000000      0.07482374      0.92359104     -0.05427900      0.00015074
   116.60000000      0.07483902      0.92356144     -0.05437145     -0.00006832
   116.80000000      0.07486662      0.92351661     -0.05440315      0.00018635
   117.00000000      0.07486138      0.92350778     -0.05423050     -0.00013607
   117.20000000      0.07486232      0.92349024     -0.05405353     -0.00028593
   117.40000000      0.07481877      0.92351690     -0.05397012      0.00023019
   117.60000000      0.07479744      0.92352294     -0.05409620      0.00013768
   117.80000000      0.07483691      0.92346630     -0.05428130     -0.00023555
   118.00000000      0.07484315      0.92344207     -0.05400778     -0.00006528
   118.20000000      0.07481646      0.92345253     -0.05381874      0.00023850
   118.40000000      0.07476618      0.92348556     -0.05394702      0.00044939
   118.60000000      0.07462554      0.92361086     -0.05373497      0.00053229
   118.80000000      0.07452202      0.92369475     -0.05355644      0.00006196
   119.00000000      0.07438477      0.92381583     -0.05333420      0.00038130
   119.20000000      0.07420077      0.92397977     -0.05281771      0.00009568
   119.40000000      0.07418296      0.92398004     -0.05314523      0.00008363
   119.60000000      0.07423369      0.92391132     -0.05347337     -0.00019992
   119.80000000      0.07426295      0.92386586     -0.05364061     -0.00021794
   120.00000000      0.07439978      0.92371163     -0.05429825     -0.00042264
   120.20000000      0.07447822      0.92361535     -0.05397720     -0.00073047
   120.40000000      0.07468183      0.92339601     -0.05417900     -0.00023634
   120.60000000      0.07483936      0.92322139     -0.05458745     -0.00044258
   120.80000000      0.07499033      0.92305096     -0.05486087     -0.00065166
   121.00000000      0.07513726      0.92288725     -0.05505950     -0.00043303
   121.20000000      0.07528085      0.92272424     -0.05525070     -0.00049324
   121.40000000      0.07539113      0.92259271     -0.05510280     -0.00047494
   121.60000000      0.07554317      0.92241967     -0.05531481     -0.00059305
   121.80000000      0.07572852      0.92221601     -0.05556529     -0.00055304
   122.00000000      0.07601149      0.92191448     -0.05628491     -0.00069507
   122.20000000      0.07614306      0.92176297     -0.05607465     -0.00012829
   122.40000000      0.07622566      0.92165997     -0.05607972     -0.00044398
   122.60000000      0.07624839      0.92161801     -0.05576454      0.00007943
   122.80000000      0.07622580      0.92161734     -0.05548150      0.00008306
   123.00000000      0.07602347      0.92179510     -0.05427056      0.00044724
   123.20000000      0.07587912      0.92191344     -0.05429123      0.00050389
   123.40000000      0.07558564      0.92218367     -0.05365350      0.00047367
   123.60000000      0.07532109      0.92242571     -0.05319586      0.00037603
   123.80000000      0.07510248      0.92262336     -0.05287950      0.00039358
   124.00000000      0.07500450      0.92270018     -0.05321439      0.00016655
   124.20000000      0.07492758      0.92275386     -0.05337570      0.00014688
   124.40000000      0.07484988      0.92280967     -0.05343469      0.00006410
   124.60000000      0.07479453      0.92284448     -0.05341974      0.00010909
   124.80000000      0.07470537      0.92290966     -0.05294663     -0.00005525
   125.00000000      0.07472919      0.92286537     -0.05319833     -0.00012860
   125.20000000      0.07460097      0.92296911     -0.05266950      0.00022543
   125.40000000      0.07453899      0.92300822     -0.05293392      0.00044832
   125.60000000      0.07450333      0.92301752     -0.05291335     -0.00010550
   125.80000000      0.07451030      0.92298997     -0.05296435     -0.00007282
   126.00000000      0.07457775      0.92290013     -0.05324902     -0.00037991
   126.20000000      0.07479077      0.92266431     -0.05386154     -0.00062526
   126.40000000      0.07505527      0.92237790     -0.05415545     -0.00082267
   126.60000000      0.07531738      0.92209438     -0.05443319     -0.00066503
   126.80000000      0.07553690      0.92185079     -0.05465503     -0.00046145
   127.00000000      0.07569581      0.92166987     -0.05496896     -0.00032284
   127.20000000      0.07580339      0.92153544     -0.05497086     -0.00022579
   127.40000000      0.07581624      0.92149646     -0.05428594     -0.00036314
   127.60000000      0.07582989      0.92145778     -0.05406089     -0.00021850
   127.80000000      0.07590944      0.92134934     -0.05440589      0.00004980
   128.00000000      0.07586367      0.92136880     -0.05389920     -0.00022911
   128.20000000      0.07598442      0.92122357     -0.05435366     -0.00027268
   128.40000000      0.07610229      0.92108044     -0.05446380     -0.00041477
   128.60000000      0.07620560      0.92095031     -0.05463894     -0.00026533
   128.80000000      0.07635707      0.92077375     -0.05496840     -0.00047530
   129.00000000      0.07655781      0.92054704     -0.05522520     -0.00082545
   129.20000000      0.07670238      0.92037609     -0.05500400     -0.00044544
   129.40000000      0.07672789      0.92032212     -0.05456067     -0.00000194
   129.60000000      0.07675623      0.92026494     -0.05452068     -0.00003175
   129.80000000      0.07672623      0.92026298     -0.05417620     -0.00011074
   130.00000000      0.07663246      0.92032659     -0.05411625      0.00040660
   130.20000000      0.07655885      0.92037110     -0.05399191     -0.00022106
   130.40000000      0.07652312      0.92037575     -0.05387471      0.00007531
   130.60000000      0.07652464      0.92034516     -0.05358501     -0.00058081
   130.80000000      0.07663966      0.92019899     -0.05374199     -0.00018497
   131.00000000      0.07670140      0.92010953     -0.05382342     -0.00013130
   131.20000000      0.07676916      0.92001115     -0.05383276     -0.00048053
   131.40000000      0.07678044      0.91997256     -0.05375187     -0.00002208
   131.60000000      0.07682969      0.91989202     -0.05380422     -0.00051140
   131.80000000      0.07696895      0.91972146     -0.05405895     -0.00057808
   132.00000000      0.07711259      0.91954823     -0.05423023     -0.00044954
   132.20000000      0.07729069      0.91934000     -0.05451122     -0.00061468
   132.40000000      0.07743233      0.91916793     -0.05456524     -0.00036146
   132.60000000      0.07748540      0.91908339     -0.05421846     -0.00034580
   132.80000000      0.07754963      0.91898703     -0.05422378     -0.00032873
   133.00000000      0.07753259      0.91897184     -0.05383616      0.00029327
   133.20000000      0.07736421      0.91910063     -0.05328484      0.00008844
   133.40000000      0.07714018      0.91928751     -0.05240803      0.00036746
   133.60000000      0.07708066      0.91931388     -0.05299158      0.00029755
   133.80000000      0.07676738      0.91959241     -0.05168654      0.00038976
   134.00000000      0.07665409      0.91967083     -0.05209910      0.00004402
   134.20000000      0.07662488      0.91966888     -0.05240769     -0.00021803
   134.40000000      0.07667885      0.91958251     -0.05256867     -0.00027439
   134.60000000      0.07687012      0.91936086     -0.05322724     -0.00051588
   134.80000000      0.07710464      0.91909228     -0.05386215     -0.00055097
   135.00000000      0.07722116      0.91894240     -0.05359324     -0.00042102
   135.20000000      0.07746553      0.91867049     -0.05408344     -0.00068857
   135.40000000      0.07765531      0.91844246     -0.05381872     -0.00048955
   135.60000000      0.07774743      0.91831476     -0.05360913     -0.00032185
   135.80000000      0.07767537      0.91834836     -0.05313768     -0.00005619
   136.00000000      0.07767974      0.91830355     -0.05324344     -0.00032178
   136.20000000      0.07770297      0.91824511     -0.05310891     -0.00010588
   136.40000000      0.07777329      0.91813824     -0.05320093     -0.00061063
   136.60000000      0.07797311      0.91790368     -0.05376914     -0.00053853
   136.80000000      0.07817490      0.91766753     -0.05377168     -0.00086704
   137.00000000      0.07849573      0.91731247     -0.05436101     -0.00104394
   137.20000000      0.07879265      0.91697666     -0.05437242     -0.00127857
   137.40000000      0.07918660      0.91654722     -0.05484921     -0.00121642
   137.60000000      0.07943107      0.91625977     -0.05467680     -0.00044857
   137.80000000      0.07956246      0.91609088     -0.05447299     -0.00084387
   138.00000000      0.07972129      0.91589399     -0.05427217     -0.00027819
   138.20000000      0.07984697      0.91572699     -0.05439224     -0.00045937
   138.40000000      0.07994145      0.91559027     -0.05434455     -0.00053426
   138.60000000      0.08002286      0.91546713     -0.05418054     -0.00030141
   138.80000000      0.08013798      0.91531076     -0.05410813     -0.00074038
   139.00000000      0.08033650      0.91506968     -0.05432734     -0.00050594
   139.20000000      0.08052789      0.91483635     -0.05456539     -0.00040126
   139.40000000      0.08054034      0.91477915     -0.05399462     -0.00021807
   139.60000000      0.08052350      0.91475215     -0.05370881     -0.00011792
   139.80000000      0.08045646      0.91477150     -0.05352245      0.00045573
   140.00000000      0.08032336      0.91485658     -0.05303858     -0.00001281
   140.20000000      0.08022913      0.91490142     -0.05288116      0.00025249
   140.40000000      0.08013253      0.91494934     -0.05262213     -0.00019632
   140.60000000      0.08007397      0.91496440     -0.05229606      0.00005181
   140.80000000      0.08002598      0.91497059     -0.05227130      0.00013632
   141.00000000      0.08005253      0.91489974     -0.05245926     -0.00036169
   141.20000000      0.08022296      0.91468688     -0.05296146     -0.00065694
   141.40000000      0.08033898      0.91452854     -0.05277381     -0.00045321
   141.60000000      0.08050587      0.91431072     -0.05302451     -0.00055212
   141.80000000      0.08060505      0.91416228     -0.05277814     -0.00025176
   142.00000000      0.08072880      0.91399331     -0.05294764     -0.00041699
   142.20000000      0.08076132      0.91391504     -0.05290246     -0.00002265
   142.40000000      0.08080822      0.91381831     -0.05286210     -0.00052999
   142.60000000      0.08081068      0.91376437     -0.05258999      0.00003627
   142.80000000      0.08077779      0.91374477     -0.05241045     -0.00025017
   143.00000000      0.08084922      0.91362266     -0.05244544     -0.00050364
   143.20000000      0.08096650      0.91345313     -0.05234393     -0.00035835
   143.40000000      0.08108179      0.91328993     -0.05245799     -0.00011860
   143.60000000      0.08116710      0.91315583     -0.05218664     -0.00061423
   143.80000000      0.08133576      0.91293896     -0.05277915     -0.00033976
   144.00000000      0.08132312      0.91289958     -0.05224167     -0.00018277
   144.20000000      0.08146598      0.91270224     -0.05265646     -0.00058996
   144.40000000      0.08174884      0.91237150     -0.05317286     -0.00117721
   144.60000000      0.08214392      0.91192909     -0.05374519     -0.00148467
   144.80000000      0.08257224      0.91145702     -0.05401788     -0.00132505
   145.00000000      0.08308393      0.91090347     -0.05442271     -0.00145449
   145.20000000      0.08361643      0.91032536     -0.05488279     -0.00152287
   145.40000000      0.08416631      0.90972451     -0.05547781     -0.00138152
   145.60000000      0.08455125      0.90928757     -0.05531927     -0.00106745
   145.80000000      0.08484191      0.90893597     -0.05489868     -0.00104871
   146.00000000      0.08507565      0.90864475     -0.05454444     -0.00056120
   146.20000000      0.08524735      0.90840739     -0.05431992     -0.00057037
   146.40000000      0.08522662      0.90836043     -0.05361938      0.00004126
   146.60000000      0.08520516      0.90831707     -0.05321956     -0.00024766
   146.80000000      0.08519502      0.90826138     -0.05310180      0.00004544
   147.00000000      0.08518201      0.90821191     -0.05309086     -0.00028067
   147.20000000      0.08524144      0.90809326     -0.05288997     -0.00067583
   147.40000000      0.08539453      0.90787722     -0.05306655     -0.00038625
   147.60000000      0.08548216      0.90773262     -0.05254996     -0.00069320
   147.80000000      0.08559246      0.90755480     -0.05268229     -0.00007144
   148.00000000      0.08556054      0.90752490     -0.05234477     -0.00023205
   148.20000000      0.08549594      0.90752178     -0.05189997     -0.00006955
   148.40000000      0.08529938      0.90765353     -0.05100954     -0.00004269
   148.60000000      0.08526929      0.90761576     -0.05130623      0.00036460
   148.80000000      0.08525320      0.90757621     -0.05159134     -0.00036746
   149.00000000      0.08525544      0.90751285     -0.05144318     -0.00046608
   149.20000000      0.08545416      0.90725729     -0.05192191     -0.00082327
   149.40000000      0.08578512      0.90688028     -0.05253129     -0.00109990
   149.60000000      0.08613860      0.90649396     -0.05281114     -0.00114625
   149.80000000      0.08670087      0.90591338     -0.05375542     -0.00152754
   150.00000000      0.08721675      0.90543081     -0.05391680     -0.00126986
