       0.000000       1.000000       0.000000       0.002867       0.001025
       0.020000       1.000000       0.000000       0.004044       0.086125
       0.040000       1.000000       0.000000       0.008327       0.166553
       0.060000       1.000000       0.000000       0.015819       0.236861
       0.080000       1.000000       0.000000       0.025439       0.295554
       0.100000       1.000000       0.000000       0.035684       0.340364
       0.120000       1.000000       0.000000       0.045893       0.372033
       0.140000       1.000000       0.000000       0.056453       0.392694
       0.160000       0.999993       0.000007       0.066063       0.405413
       0.180000       0.999606       0.000394       0.075555       0.413279
       0.200000       0.998253       0.001747       0.085452       0.418215
       0.220000       0.995601       0.004399       0.095032       0.421087
       0.240000       0.991422       0.008578       0.104462       0.422696
       0.260000       0.985429       0.014571       0.113664       0.423550
       0.280000       0.977696       0.022304       0.122899       0.423696
       0.300000       0.967765       0.032235       0.132368       0.423093
       0.320000       0.955651       0.044349       0.141729       0.421774
       0.340000       0.941384       0.058616       0.151113       0.419848
       0.360000       0.925004       0.074996       0.160363       0.417401
       0.380000       0.906707       0.093293       0.169769       0.414081
       0.400000       0.886099       0.113901       0.178845       0.410521
       0.420000       0.863620       0.136380       0.187508       0.406410
       0.440000       0.839491       0.160509       0.196407       0.401551
       0.460000       0.815300       0.184700       0.205088       0.396606
       0.480000       0.792232       0.207768       0.213228       0.391210
       0.500000       0.770521       0.229479       0.221771       0.385192
       0.520000       0.749844       0.250156       0.230228       0.379010
       0.540000       0.731047       0.268953       0.238456       0.372533
       0.560000       0.713028       0.286972       0.246510       0.365540
       0.580000       0.696464       0.303536       0.254780       0.358286
       0.600000       0.681019       0.318981       0.262650       0.350479
       0.620000       0.666575       0.333425       0.270211       0.342415
       0.640000       0.653008       0.346992       0.277739       0.334230
       0.660000       0.640282       0.359718       0.285231       0.325647
       0.680000       0.628373       0.371627       0.292725       0.316684
       0.700000       0.617103       0.382897       0.300247       0.307253
       0.720000       0.606388       0.393612       0.307551       0.297498
       0.740000       0.596479       0.403521       0.314221       0.287928
       0.760000       0.587135       0.412865       0.320830       0.277845
       0.780000       0.578255       0.421745       0.327072       0.267216
       0.800000       0.569958       0.430042       0.333014       0.256653
       0.820000       0.561591       0.438409       0.338928       0.245642
       0.840000       0.554040       0.445960       0.344409       0.234239
       0.860000       0.546764       0.453236       0.349555       0.222329
       0.880000       0.540169       0.459831       0.354800       0.210041
       0.900000       0.533621       0.466379       0.359422       0.197942
       0.920000       0.527883       0.472117       0.363939       0.185342
       0.940000       0.522215       0.477785       0.368076       0.172473
       0.960000       0.517321       0.482679       0.371708       0.159366
       0.980000       0.512815       0.487185       0.375148       0.145536
       1.000000       0.508327       0.491673       0.378064       0.132085
       1.020000       0.504353       0.495647       0.380369       0.118400
       1.040000       0.500430       0.499570       0.382415       0.104390
       1.060000       0.497154       0.502846       0.383966       0.090333
       1.080000       0.494102       0.505898       0.385085       0.076119
       1.100000       0.491192       0.508808       0.385734       0.061837
       1.120000       0.489121       0.510879       0.385931       0.047520
       1.140000       0.487530       0.512470       0.385658       0.032982
       1.160000       0.486194       0.513806       0.384891       0.017978
       1.180000       0.485189       0.514811       0.383460       0.003352
       1.200000       0.485219       0.514781       0.381516      -0.011868
       1.220000       0.485472       0.514528       0.379330      -0.026322
       1.240000       0.486196       0.513804       0.376560      -0.040993
       1.260000       0.487448       0.512552       0.373485      -0.055234
       1.280000       0.489549       0.510451       0.369749      -0.069547
       1.300000       0.492224       0.507776       0.365636      -0.083828
       1.320000       0.495448       0.504552       0.361134      -0.098022
       1.340000       0.499662       0.500338       0.356096      -0.112604
       1.360000       0.504311       0.495689       0.350675      -0.126389
       1.380000       0.509622       0.490378       0.344688      -0.139848
       1.400000       0.515322       0.484678       0.338211      -0.153234
       1.420000       0.521507       0.478493       0.331349      -0.165502
       1.440000       0.528156       0.471844       0.323954      -0.177775
       1.460000       0.535427       0.464573       0.316131      -0.189254
       1.480000       0.543364       0.456636       0.307929      -0.200155
       1.500000       0.551747       0.448253       0.299391      -0.210278
       1.520000       0.560320       0.439680       0.290438      -0.219693
       1.540000       0.569803       0.430197       0.281164      -0.228715
       1.560000       0.579428       0.420572       0.271695      -0.236389
       1.580000       0.589175       0.410825       0.261856      -0.243453
       1.600000       0.599371       0.400629       0.252152      -0.249648
       1.620000       0.610186       0.389814       0.242355      -0.254549
       1.640000       0.621000       0.379000       0.232003      -0.258581
       1.660000       0.632002       0.367998       0.222235      -0.261682
       1.680000       0.643120       0.356880       0.212030      -0.263767
       1.700000       0.653896       0.346104       0.201497      -0.264845
       1.720000       0.665204       0.334796       0.191262      -0.265000
       1.740000       0.676067       0.323933       0.181096      -0.264085
       1.760000       0.687436       0.312564       0.170533      -0.262334
       1.780000       0.698423       0.301577       0.160659      -0.259258
       1.800000       0.709162       0.290838       0.150406      -0.255672
       1.820000       0.720007       0.279993       0.140523      -0.250846
       1.840000       0.730613       0.269387       0.130551      -0.245135
       1.860000       0.740517       0.259483       0.120794      -0.238549
       1.880000       0.750257       0.249743       0.111307      -0.230680
       1.900000       0.759380       0.240620       0.102233      -0.222051
       1.920000       0.767995       0.232005       0.093368      -0.212358
       1.940000       0.776686       0.223314       0.084781      -0.201488
       1.960000       0.785090       0.214910       0.076669      -0.190599
       1.980000       0.792489       0.207511       0.068825      -0.178699
       2.000000       0.799709       0.200291       0.061267      -0.165877
       2.020000       0.806127       0.193873       0.054011      -0.152237
       2.040000       0.811703       0.188297       0.047595      -0.137786
       2.060000       0.816960       0.183040       0.041719      -0.123245
       2.080000       0.821728       0.178272       0.036271      -0.107777
       2.100000       0.825863       0.174137       0.031724      -0.092077
       2.120000       0.829141       0.170859       0.027197      -0.075875
       2.140000       0.831856       0.168144       0.023141      -0.059697
       2.160000       0.833942       0.166058       0.019837      -0.043590
       2.180000       0.835034       0.164966       0.017280      -0.027160
       2.200000       0.835467       0.164533       0.015175      -0.010986
       2.220000       0.835328       0.164672       0.013929       0.005741
       2.240000       0.834612       0.165388       0.013362       0.022341
       2.260000       0.833013       0.166987       0.012971       0.039387
       2.280000       0.830918       0.169082       0.013272       0.055076
       2.300000       0.828006       0.171994       0.014584       0.070693
       2.320000       0.824787       0.175213       0.016034       0.086186
       2.340000       0.820670       0.179330       0.018102       0.100995
       2.360000       0.816066       0.183934       0.020989       0.115203
       2.380000       0.810827       0.189173       0.024070       0.129044
       2.400000       0.804636       0.195364       0.027545       0.141971
       2.420000       0.798201       0.201799       0.031549       0.154659
       2.440000       0.791306       0.208694       0.036040       0.166758
       2.460000       0.783995       0.216005       0.040926       0.178240
       2.480000       0.776261       0.223739       0.046026       0.189468
       2.500000       0.767862       0.232138       0.051493       0.199589
       2.520000       0.759222       0.240778       0.057355       0.209335
       2.540000       0.750106       0.249894       0.063964       0.218106
       2.560000       0.740618       0.259382       0.070312       0.226075
       2.580000       0.730767       0.269233       0.077120       0.233564
       2.600000       0.720955       0.279045       0.083843       0.240357
       2.620000       0.710598       0.289402       0.090921       0.246293
       2.640000       0.699927       0.300073       0.098182       0.251609
       2.660000       0.689440       0.310560       0.105764       0.255766
       2.680000       0.678724       0.321276       0.113194       0.259278
       2.700000       0.668148       0.331852       0.120716       0.262080
       2.720000       0.657622       0.342378       0.128353       0.263975
       2.740000       0.646895       0.353105       0.136250       0.264736
       2.760000       0.636331       0.363669       0.143952       0.265070
       2.780000       0.625549       0.374451       0.151877       0.264614
       2.800000       0.615096       0.384904       0.159747       0.263689
       2.820000       0.604709       0.395291       0.167248       0.261678
       2.840000       0.594278       0.405722       0.174966       0.258760
       2.860000       0.583961       0.416039       0.182315       0.255128
       2.880000       0.573912       0.426088       0.190225       0.250589
       2.900000       0.564000       0.436000       0.197039       0.245727
       2.920000       0.554575       0.445425       0.203683       0.240510
       2.940000       0.545637       0.454363       0.210607       0.234035
       2.960000       0.537064       0.462936       0.217137       0.226970
       2.980000       0.528194       0.471806       0.223132       0.219661
       3.000000       0.520069       0.479931       0.228598       0.211964
       3.020000       0.512122       0.487878       0.233645       0.203817
       3.040000       0.504702       0.495298       0.238866       0.194970
       3.060000       0.497617       0.502383       0.243751       0.185553
       3.080000       0.490842       0.509158       0.248191       0.175812
       3.100000       0.484277       0.515723       0.251675       0.165568
       3.120000       0.478127       0.521873       0.255229       0.155145
       3.140000       0.472720       0.527280       0.258281       0.143987
       3.160000       0.467128       0.532872       0.260573       0.132653
       3.180000       0.462475       0.537525       0.262644       0.121434
       3.200000       0.458420       0.541580       0.264189       0.109059
       3.220000       0.454367       0.545633       0.264929       0.097158
       3.240000       0.451039       0.548961       0.265343       0.085220
       3.260000       0.448043       0.551957       0.265310       0.072903
       3.280000       0.445533       0.554467       0.264834       0.061240
       3.300000       0.443246       0.556754       0.264056       0.048800
       3.320000       0.441456       0.558544       0.262569       0.037306
       3.340000       0.440005       0.559995       0.260767       0.025368
       3.360000       0.439408       0.560592       0.258446       0.013761
       3.380000       0.438931       0.561069       0.255801       0.002546
       3.400000       0.438884       0.561116       0.252733      -0.009132
       3.420000       0.439466       0.560534       0.249142      -0.020183
       3.440000       0.440614       0.559386       0.245421      -0.030925
       3.460000       0.441867       0.558133       0.240847      -0.041937
       3.480000       0.443836       0.556164       0.235913      -0.052265
       3.500000       0.446432       0.553568       0.230824      -0.062222
       3.520000       0.449276       0.550724       0.225483      -0.071769
       3.540000       0.452687       0.547313       0.219593      -0.081712
       3.560000       0.456267       0.543733       0.213536      -0.090464
       3.580000       0.460441       0.539559       0.207321      -0.098767
       3.600000       0.464788       0.535212       0.200951      -0.106930
       3.620000       0.469662       0.530338       0.194279      -0.114579
       3.640000       0.474865       0.525135       0.187474      -0.122004
       3.660000       0.480134       0.519866       0.180519      -0.128279
       3.680000       0.485568       0.514432       0.173507      -0.134797
       3.700000       0.491242       0.508758       0.165985      -0.140212
       3.720000       0.497258       0.502742       0.158775      -0.145088
       3.740000       0.503369       0.496631       0.151028      -0.149449
       3.760000       0.509824       0.490176       0.143183      -0.153638
       3.780000       0.516466       0.483534       0.135473      -0.156930
       3.800000       0.523060       0.476940       0.127792      -0.159347
       3.820000       0.530019       0.469981       0.120194      -0.161312
       3.840000       0.537254       0.462746       0.112161      -0.162446
       3.860000       0.544142       0.455858       0.104206      -0.163932
       3.880000       0.551373       0.448627       0.096854      -0.163986
       3.900000       0.558413       0.441587       0.088998      -0.163395
       3.920000       0.565426       0.434574       0.081242      -0.161872
       3.940000       0.572552       0.427448       0.073829      -0.160579
       3.960000       0.579890       0.420110       0.066451      -0.158367
       3.980000       0.586365       0.413635       0.059302      -0.155845
       4.000000       0.593140       0.406860       0.052110      -0.152886
       4.020000       0.599843       0.400157       0.045432      -0.148935
       4.040000       0.606118       0.393882       0.038621      -0.144846
       4.060000       0.612301       0.387699       0.031954      -0.140047
       4.080000       0.618398       0.381602       0.025565      -0.134644
       4.100000       0.624158       0.375842       0.019993      -0.128966
       4.120000       0.629904       0.370096       0.014090      -0.122419
       4.140000       0.634921       0.365079       0.008769      -0.116224
       4.160000       0.639770       0.360230       0.003623      -0.109796
       4.180000       0.644345       0.355655      -0.001413      -0.102763
       4.200000       0.648928       0.351072      -0.005923      -0.095232
       4.220000       0.653028       0.346972      -0.009939      -0.087240
       4.240000       0.656776       0.343224      -0.014123      -0.079446
       4.260000       0.660015       0.339985      -0.017761      -0.070871
       4.280000       0.662900       0.337100      -0.021208      -0.062220
       4.300000       0.665575       0.334425      -0.024290      -0.053225
       4.320000       0.667899       0.332101      -0.026764      -0.044542
       4.340000       0.669656       0.330344      -0.029140      -0.035529
       4.360000       0.670604       0.329396      -0.031080      -0.025934
       4.380000       0.671529       0.328471      -0.032662      -0.016421
       4.400000       0.671961       0.328039      -0.033920      -0.006869
       4.420000       0.671819       0.328181      -0.034983       0.002935
       4.440000       0.671570       0.328430      -0.035244       0.012340
       4.460000       0.671090       0.328910      -0.035468       0.021251
       4.480000       0.670117       0.329883      -0.035441       0.030676
       4.500000       0.668605       0.331395      -0.034892       0.040111
       4.520000       0.666743       0.333257      -0.034208       0.049670
       4.540000       0.664650       0.335350      -0.033016       0.059235
       4.560000       0.662011       0.337989      -0.031583       0.068053
       4.580000       0.659290       0.340710      -0.030139       0.076875
       4.600000       0.656060       0.343940      -0.027834       0.085853
       4.620000       0.652336       0.347664      -0.025186       0.094293
       4.640000       0.648289       0.351711      -0.022460       0.102676
       4.660000       0.643898       0.356102      -0.019148       0.111106
       4.680000       0.639135       0.360865      -0.015833       0.119057
       4.700000       0.634297       0.365703      -0.012322       0.126684
       4.720000       0.629417       0.370583      -0.008321       0.133529
       4.740000       0.623858       0.376142      -0.004259       0.140136
       4.760000       0.618274       0.381726       0.000059       0.146068
       4.780000       0.612292       0.387708       0.004890       0.152206
       4.800000       0.605773       0.394227       0.009549       0.157542
       4.820000       0.599292       0.400708       0.014662       0.162734
       4.840000       0.592599       0.407401       0.019950       0.167471
       4.860000       0.585833       0.414167       0.025351       0.171493
       4.880000       0.579044       0.420956       0.030498       0.174925
       4.900000       0.572384       0.427616       0.035826       0.177973
       4.920000       0.565461       0.434539       0.041678       0.180639
       4.940000       0.558485       0.441515       0.047338       0.182735
       4.960000       0.551318       0.448682       0.052932       0.183991
       4.980000       0.544022       0.455978       0.058688       0.184860
       5.000000       0.536892       0.463108       0.064011       0.185204
       5.020000       0.529769       0.470231       0.069447       0.184618
       5.040000       0.522845       0.477155       0.075063       0.183631
       5.060000       0.515623       0.484377       0.080419       0.182149
       5.080000       0.508623       0.491377       0.085590       0.180259
       5.100000       0.501705       0.498295       0.090968       0.177679
       5.120000       0.494903       0.505097       0.096172       0.174163
       5.140000       0.488291       0.511709       0.100416       0.170161
       5.160000       0.481943       0.518057       0.104576       0.165971
       5.180000       0.475520       0.524480       0.108648       0.161408
       5.200000       0.469474       0.530526       0.112736       0.156006
       5.220000       0.463538       0.536462       0.116429       0.150679
       5.240000       0.457908       0.542092       0.119729       0.144775
       5.260000       0.452376       0.547624       0.122809       0.138227
       5.280000       0.447052       0.552948       0.125765       0.130994
       5.300000       0.442184       0.557816       0.128156       0.123443
       5.320000       0.437394       0.562606       0.130580       0.115388
       5.340000       0.432745       0.567255       0.132233       0.107465
       5.360000       0.428663       0.571337       0.133591       0.099513
       5.380000       0.425009       0.574991       0.134728       0.091620
       5.400000       0.421485       0.578515       0.135379       0.083320
       5.420000       0.418231       0.581769       0.135873       0.075219
       5.440000       0.415269       0.584731       0.135677       0.066034
       5.460000       0.412578       0.587422       0.135205       0.058070
       5.480000       0.410106       0.589894       0.134735       0.049505
       5.500000       0.408228       0.591772       0.133793       0.040798
       5.520000       0.406947       0.593053       0.132386       0.032856
       5.540000       0.405547       0.594453       0.130056       0.023962
       5.560000       0.404397       0.595603       0.127942       0.015604
       5.580000       0.403934       0.596066       0.125212       0.007550
       5.600000       0.403763       0.596237       0.122592      -0.000389
       5.620000       0.403852       0.596148       0.119656      -0.008434
       5.640000       0.404048       0.595952       0.116325      -0.016065
       5.660000       0.404692       0.595308       0.112610      -0.023548
       5.680000       0.405679       0.594321       0.108607      -0.030541
       5.700000       0.407189       0.592811       0.104809      -0.037930
       5.720000       0.408791       0.591209       0.100764      -0.044727
       5.740000       0.410964       0.589036       0.096595      -0.051003
       5.760000       0.412774       0.587226       0.092278      -0.057122
       5.780000       0.415336       0.584664       0.087598      -0.062529
       5.800000       0.417883       0.582117       0.083021      -0.067373
       5.820000       0.420987       0.579013       0.078143      -0.072065
       5.840000       0.424046       0.575954       0.073204      -0.076895
       5.860000       0.427223       0.572777       0.068147      -0.081265
       5.880000       0.430707       0.569293       0.062677      -0.085048
       5.900000       0.434309       0.565691       0.057505      -0.088317
       5.920000       0.438019       0.561981       0.052298      -0.091423
       5.940000       0.442107       0.557893       0.046441      -0.094091
       5.960000       0.446325       0.553675       0.041186      -0.096263
       5.980000       0.450364       0.549636       0.036152      -0.097651
       6.000000       0.454624       0.545376       0.031143      -0.099199
       6.020000       0.459001       0.540999       0.025548      -0.100354
       6.040000       0.463318       0.536682       0.020371      -0.101289
       6.060000       0.467769       0.532231       0.015311      -0.101647
       6.080000       0.472189       0.527811       0.010062      -0.101474
       6.100000       0.476780       0.523220       0.004978      -0.101263
       6.120000       0.481214       0.518786       0.000084      -0.100325
       6.140000       0.485518       0.514482      -0.004662      -0.099372
       6.160000       0.489912       0.510088      -0.009319      -0.098123
       6.180000       0.494343       0.505657      -0.014179      -0.096665
       6.200000       0.498641       0.501359      -0.018506      -0.094187
       6.220000       0.502827       0.497173      -0.022716      -0.091501
       6.240000       0.507040       0.492960      -0.027315      -0.088694
       6.260000       0.510831       0.489169      -0.031447      -0.085649
       6.280000       0.514549       0.485451      -0.035327      -0.082553
       6.300000       0.518079       0.481921      -0.038865      -0.079267
       6.320000       0.521596       0.478404      -0.042606      -0.075986
       6.340000       0.524841       0.475159      -0.046498      -0.072129
       6.360000       0.527939       0.472061      -0.049630      -0.067856
       6.380000       0.530892       0.469108      -0.052828      -0.063528
       6.400000       0.533568       0.466432      -0.055995      -0.058698
       6.420000       0.536021       0.463979      -0.058965      -0.053623
       6.440000       0.538373       0.461627      -0.061310      -0.048289
       6.460000       0.540539       0.459461      -0.063617      -0.042863
       6.480000       0.542675       0.457325      -0.065793      -0.037488
       6.500000       0.544424       0.455576      -0.068020      -0.031763
       6.520000       0.545451       0.454549      -0.069469      -0.026076
       6.540000       0.546624       0.453376      -0.070541      -0.019982
       6.560000       0.547589       0.452411      -0.072058      -0.014375
       6.580000       0.548483       0.451517      -0.072767      -0.008499
       6.600000       0.548826       0.451174      -0.073091      -0.002223
       6.620000       0.548760       0.451240      -0.073692       0.003461
       6.640000       0.548306       0.451694      -0.074059       0.009264
       6.660000       0.547796       0.452204      -0.074087       0.015473
       6.680000       0.547162       0.452838      -0.074209       0.022188
       6.700000       0.546131       0.453869      -0.073986       0.028410
       6.720000       0.544989       0.455011      -0.073479       0.034224
       6.740000       0.543761       0.456239      -0.072690       0.040543
       6.760000       0.542061       0.457939      -0.071842       0.046859
       6.780000       0.540199       0.459801      -0.070156       0.052974
       6.800000       0.538046       0.461954      -0.069087       0.058233
       6.820000       0.535676       0.464324      -0.067566       0.063695
       6.840000       0.533106       0.466894      -0.065681       0.069023
       6.860000       0.530264       0.469736      -0.064029       0.074054
       6.880000       0.527534       0.472466      -0.061837       0.078892
       6.900000       0.524351       0.475649      -0.059616       0.083414
       6.920000       0.521180       0.478820      -0.057095       0.087830
       6.940000       0.517517       0.482483      -0.054208       0.092305
       6.960000       0.513683       0.486317      -0.051565       0.096468
       6.980000       0.509748       0.490252      -0.048833       0.100094
       7.000000       0.505856       0.494144      -0.045862       0.103807
       7.020000       0.501845       0.498155      -0.043041       0.106483
       7.040000       0.497656       0.502344      -0.039636       0.109248
       7.060000       0.493552       0.506448      -0.036538       0.112160
       7.080000       0.489282       0.510718      -0.033023       0.114448
       7.100000       0.484931       0.515069      -0.029896       0.116737
       7.120000       0.480710       0.519290      -0.026781       0.118400
       7.140000       0.475948       0.524052      -0.023431       0.119599
       7.160000       0.471118       0.528882      -0.020171       0.120417
       7.180000       0.466568       0.533432      -0.017331       0.120923
       7.200000       0.462024       0.537976      -0.014107       0.120841
       7.220000       0.457504       0.542496      -0.010987       0.121243
       7.240000       0.452957       0.547043      -0.007613       0.120747
       7.260000       0.448395       0.551605      -0.004498       0.119959
       7.280000       0.443697       0.556303      -0.001654       0.118666
       7.300000       0.439125       0.560875       0.001512       0.117073
       7.320000       0.434575       0.565425       0.004453       0.115220
       7.340000       0.430323       0.569677       0.006936       0.112428
       7.360000       0.426134       0.573866       0.009822       0.109682
       7.380000       0.421950       0.578050       0.012229       0.106777
       7.400000       0.417934       0.582066       0.014299       0.103425
       7.420000       0.414090       0.585910       0.016320       0.099736
       7.440000       0.410379       0.589621       0.018181       0.095874
       7.460000       0.406733       0.593267       0.019813       0.091306
       7.480000       0.403043       0.596957       0.021022       0.086922
       7.500000       0.399568       0.600432       0.022586       0.082679
       7.520000       0.396153       0.603847       0.023694       0.077661
       7.540000       0.393146       0.606854       0.024605       0.072961
       7.560000       0.390353       0.609647       0.025543       0.067520
       7.580000       0.387657       0.612343       0.025638       0.061984
       7.600000       0.385228       0.614772       0.026028       0.056804
       7.620000       0.383017       0.616983       0.025917       0.051821
       7.640000       0.380683       0.619317       0.025688       0.046404
       7.660000       0.379285       0.620715       0.024963       0.040390
       7.680000       0.377592       0.622408       0.024385       0.035170
       7.700000       0.376257       0.623743       0.023324       0.029904
       7.720000       0.374941       0.625059       0.022298       0.024546
       7.740000       0.373998       0.626002       0.021380       0.019375
       7.760000       0.373248       0.626752       0.019859       0.014526
       7.780000       0.372733       0.627267       0.018366       0.009211
       7.800000       0.372386       0.627614       0.016527       0.004753
       7.820000       0.372221       0.627779       0.014598      -0.000022
       7.840000       0.371882       0.628118       0.012396      -0.004784
       7.860000       0.372192       0.627808       0.010364      -0.009833
       7.880000       0.372511       0.627489       0.008074      -0.014089
       7.900000       0.373172       0.626828       0.005432      -0.018974
       7.920000       0.373797       0.626203       0.002873      -0.022824
       7.940000       0.374646       0.625354       0.000184      -0.026566
       7.960000       0.375462       0.624538      -0.002670      -0.030349
       7.980000       0.376709       0.623291      -0.005608      -0.033823
       8.000000       0.378102       0.621898      -0.009108      -0.036741
       8.020000       0.379651       0.620349      -0.012091      -0.039952
       8.040000       0.381166       0.618834      -0.015058      -0.042348
       8.060000       0.382862       0.617138      -0.018039      -0.045291
       8.080000       0.384844       0.615156      -0.021441      -0.047475
       8.100000       0.386766       0.613234      -0.024452      -0.050341
       8.120000       0.388677       0.611323      -0.027829      -0.052353
       8.140000       0.391162       0.608838      -0.031078      -0.053847
       8.160000       0.393507       0.606493      -0.034783      -0.055127
       8.180000       0.396099       0.603901      -0.038050      -0.056411
       8.200000       0.398351       0.601649      -0.041298      -0.057480
       8.220000       0.400666       0.599334      -0.044579      -0.058209
       8.240000       0.403272       0.596728      -0.047834      -0.059027
       8.260000       0.406049       0.593951      -0.050670      -0.059556
       8.280000       0.408476       0.591524      -0.053821      -0.059731
       8.300000       0.410847       0.589153      -0.056546      -0.059851
       8.320000       0.413459       0.586541      -0.059547      -0.059385
       8.340000       0.415879       0.584121      -0.062593      -0.058428
       8.360000       0.418640       0.581360      -0.065449      -0.057931
       8.380000       0.421003       0.578997      -0.067977      -0.057440
       8.400000       0.423436       0.576564      -0.070762      -0.056260
       8.420000       0.425989       0.574011      -0.073591      -0.055031
       8.440000       0.428445       0.571555      -0.076620      -0.053579
       8.460000       0.430496       0.569504      -0.078939      -0.051839
       8.480000       0.433153       0.566847      -0.081397      -0.049949
       8.500000       0.435512       0.564488      -0.084142      -0.047739
       8.520000       0.437524       0.562476      -0.086240      -0.045176
       8.540000       0.439381       0.560619      -0.088668      -0.042563
       8.560000       0.441164       0.558836      -0.090591      -0.039866
       8.580000       0.442684       0.557316      -0.092280      -0.036936
       8.600000       0.444317       0.555683      -0.094504      -0.034229
       8.620000       0.445786       0.554214      -0.096143      -0.031279
       8.640000       0.446977       0.553023      -0.097687      -0.028101
       8.660000       0.448393       0.551607      -0.099111      -0.024961
       8.680000       0.449331       0.550669      -0.100378      -0.021624
       8.700000       0.450014       0.549986      -0.101744      -0.018509
       8.720000       0.451098       0.548902      -0.103103      -0.014632
       8.740000       0.451696       0.548304      -0.104204      -0.010864
       8.760000       0.452306       0.547694      -0.104927      -0.006540
       8.780000       0.452605       0.547395      -0.105749      -0.002944
       8.800000       0.452642       0.547358      -0.106338       0.001083
       8.820000       0.452415       0.547585      -0.106524       0.004929
       8.840000       0.452316       0.547684      -0.107097       0.008541
       8.860000       0.452163       0.547837      -0.106845       0.012235
       8.880000       0.451689       0.548311      -0.106850       0.016167
       8.900000       0.451096       0.548904      -0.106872       0.020573
       8.920000       0.450394       0.549606      -0.106697       0.024249
       8.940000       0.449880       0.550120      -0.106297       0.027774
       8.960000       0.448845       0.551155      -0.106067       0.031289
       8.980000       0.447612       0.552388      -0.105984       0.034812
       9.000000       0.446155       0.553845      -0.105074       0.038428
       9.020000       0.444594       0.555406      -0.104225       0.042041
       9.040000       0.442592       0.557408      -0.103450       0.045337
       9.060000       0.440753       0.559247      -0.102286       0.048614
       9.080000       0.438784       0.561216      -0.101266       0.051749
       9.100000       0.436742       0.563258      -0.100145       0.054861
       9.120000       0.434639       0.565361      -0.099035       0.057541
       9.140000       0.432482       0.567518      -0.097648       0.060057
       9.160000       0.430300       0.569700      -0.096224       0.062706
       9.180000       0.427830       0.572170      -0.095159       0.065339
       9.200000       0.425408       0.574592      -0.093812       0.067342
       9.220000       0.422706       0.577294      -0.092124       0.069028
       9.240000       0.419803       0.580197      -0.090405       0.071027
       9.260000       0.417399       0.582601      -0.088736       0.072318
       9.280000       0.414711       0.585289      -0.087088       0.073735
       9.300000       0.412117       0.587883      -0.085128       0.074561
       9.320000       0.409301       0.590699      -0.083514       0.074971
       9.340000       0.406405       0.593595      -0.081761       0.075447
       9.360000       0.403641       0.596359      -0.080277       0.075454
       9.380000       0.400785       0.599215      -0.078619       0.075804
       9.400000       0.398024       0.601976      -0.076703       0.075793
       9.420000       0.394908       0.605092      -0.075054       0.075479
       9.440000       0.392011       0.607989      -0.073399       0.075266
       9.460000       0.388927       0.611073      -0.071770       0.074998
       9.480000       0.386339       0.613661      -0.069744       0.074112
       9.500000       0.383446       0.616554      -0.067891       0.073244
       9.520000       0.380858       0.619142      -0.066766       0.071308
       9.540000       0.378295       0.621705      -0.065497       0.069890
       9.560000       0.375625       0.624375      -0.064319       0.068146
       9.580000       0.373247       0.626753      -0.063103       0.066070
       9.600000       0.370697       0.629303      -0.061996       0.064406
       9.620000       0.368158       0.631842      -0.061184       0.062363
       9.640000       0.365701       0.634299      -0.060390       0.060685
       9.660000       0.363463       0.636537      -0.059471       0.057590
       9.680000       0.361509       0.638491      -0.058904       0.055226
       9.700000       0.359348       0.640652      -0.058640       0.052855
       9.720000       0.357466       0.642534      -0.058020       0.049915
       9.740000       0.355468       0.644532      -0.057664       0.047066
       9.760000       0.353759       0.646241      -0.057103       0.044648
       9.780000       0.352302       0.647698      -0.057142       0.042090
       9.800000       0.350783       0.649217      -0.056866       0.039312
       9.820000       0.349410       0.650590      -0.056755       0.036236
       9.840000       0.347913       0.652087      -0.056581       0.033307
       9.860000       0.346520       0.653480      -0.056593       0.030295
       9.880000       0.345318       0.654682      -0.056968       0.027491
       9.900000       0.344182       0.655818      -0.057821       0.024062
       9.920000       0.343244       0.656756      -0.058461       0.020474
       9.940000       0.342510       0.657490      -0.059260       0.016824
       9.960000       0.341616       0.658384      -0.060113       0.014074
       9.980000       0.341148       0.658852      -0.060827       0.010463
      10.000000       0.340496       0.659504      -0.061918       0.007116
      10.020000       0.340239       0.659761      -0.063202       0.004035
      10.040000       0.339861       0.660139      -0.064197       0.001452
      10.060000       0.339650       0.660350      -0.065540      -0.001311
      10.080000       0.339513       0.660487      -0.066973      -0.004276
      10.100000       0.339795       0.660205      -0.068383      -0.006825
      10.120000       0.340111       0.659889      -0.069716      -0.009563
      10.140000       0.340529       0.659471      -0.070901      -0.012272
      10.160000       0.340942       0.659058      -0.072459      -0.014452
      10.180000       0.341440       0.658560      -0.074286      -0.016842
      10.200000       0.342243       0.657757      -0.076174      -0.018456
      10.220000       0.343335       0.656665      -0.077869      -0.020457
      10.240000       0.344045       0.655955      -0.079677      -0.022501
      10.260000       0.344810       0.655190      -0.081176      -0.024138
      10.280000       0.345913       0.654087      -0.083140      -0.026171
      10.300000       0.346922       0.653078      -0.084797      -0.027771
      10.320000       0.347695       0.652305      -0.086680      -0.029092
      10.340000       0.348815       0.651185      -0.088599      -0.029953
      10.360000       0.350219       0.649781      -0.090638      -0.030850
      10.380000       0.351568       0.648432      -0.092754      -0.031385
      10.400000       0.352929       0.647071      -0.094950      -0.032371
      10.420000       0.354250       0.645750      -0.097046      -0.033398
      10.440000       0.355741       0.644259      -0.099208      -0.034214
      10.460000       0.357144       0.642856      -0.101230      -0.034472
      10.480000       0.358335       0.641665      -0.103186      -0.034427
      10.500000       0.359748       0.640252      -0.105190      -0.034288
      10.520000       0.360925       0.639075      -0.106840      -0.034154
      10.540000       0.362380       0.637620      -0.108871      -0.033692
      10.560000       0.363735       0.636265      -0.110600      -0.033085
      10.580000       0.365212       0.634788      -0.112581      -0.032461
      10.600000       0.366614       0.633386      -0.114409      -0.031556
      10.620000       0.367673       0.632327      -0.116061      -0.030647
      10.640000       0.368862       0.631138      -0.117487      -0.029373
      10.660000       0.370173       0.629827      -0.119251      -0.028221
      10.680000       0.371315       0.628685      -0.120940      -0.026994
      10.700000       0.372519       0.627481      -0.122467      -0.025544
      10.720000       0.373475       0.626525      -0.123838      -0.024063
      10.740000       0.374373       0.625627      -0.125058      -0.022306
      10.760000       0.375395       0.624605      -0.126207      -0.020363
      10.780000       0.376489       0.623511      -0.127260      -0.019022
      10.800000       0.377169       0.622831      -0.128479      -0.017634
      10.820000       0.377807       0.622193      -0.129392      -0.016027
      10.840000       0.378417       0.621583      -0.130451      -0.014099
      10.860000       0.378982       0.621018      -0.131273      -0.011886
      10.880000       0.379367       0.620633      -0.132140      -0.009899
      10.900000       0.380118       0.619882      -0.132871      -0.007850
      10.920000       0.380367       0.619633      -0.133611      -0.005535
      10.940000       0.380606       0.619394      -0.134319      -0.003352
      10.960000       0.380470       0.619530      -0.135156      -0.001238
      10.980000       0.380449       0.619551      -0.135865       0.000603
      11.000000       0.380552       0.619448      -0.136165       0.002920
      11.020000       0.380643       0.619357      -0.136650       0.005013
      11.040000       0.380378       0.619622      -0.136998       0.007874
      11.060000       0.380094       0.619906      -0.136915       0.009850
      11.080000       0.379969       0.620031      -0.137392       0.012074
      11.100000       0.379451       0.620549      -0.137527       0.014673
      11.120000       0.378845       0.621155      -0.137381       0.016632
      11.140000       0.378133       0.621867      -0.137392       0.018774
      11.160000       0.377420       0.622580      -0.137446       0.020843
      11.180000       0.376712       0.623288      -0.137544       0.023220
      11.200000       0.375938       0.624062      -0.137507       0.025014
      11.220000       0.374964       0.625036      -0.137391       0.026916
      11.240000       0.373941       0.626059      -0.137156       0.028827
      11.260000       0.372949       0.627051      -0.137140       0.030804
      11.280000       0.371885       0.628115      -0.136785       0.032398
      11.300000       0.370495       0.629505      -0.136511       0.033607
      11.320000       0.369296       0.630704      -0.136127       0.035399
      11.340000       0.368169       0.631831      -0.135814       0.036528
      11.360000       0.367041       0.632959      -0.135192       0.038285
      11.380000       0.365652       0.634348      -0.134613       0.039706
      11.400000       0.364154       0.635846      -0.134264       0.040820
      11.420000       0.362712       0.637288      -0.133700       0.042103
      11.440000       0.361033       0.638967      -0.133067       0.043544
      11.460000       0.359251       0.640749      -0.132474       0.044545
      11.480000       0.357786       0.642214      -0.131607       0.045378
      11.500000       0.356200       0.643800      -0.130846       0.045547
      11.520000       0.354575       0.645425      -0.129800       0.045869
      11.540000       0.352589       0.647411      -0.128946       0.047076
      11.560000       0.350697       0.649303      -0.128337       0.047492
      11.580000       0.348953       0.651047      -0.127622       0.047686
      11.600000       0.347190       0.652810      -0.126520       0.047916
      11.620000       0.345385       0.654615      -0.125859       0.047702
      11.640000       0.343710       0.656290      -0.125200       0.047346
      11.660000       0.342210       0.657790      -0.124630       0.046864
      11.680000       0.340503       0.659497      -0.123565       0.046990
      11.700000       0.338849       0.661151      -0.122874       0.046587
      11.720000       0.337100       0.662900      -0.122125       0.045797
      11.740000       0.335637       0.664363      -0.121611       0.044553
      11.760000       0.334130       0.665870      -0.120835       0.043872
      11.780000       0.332519       0.667481      -0.119968       0.042632
      11.800000       0.331076       0.668924      -0.119526       0.041583
      11.820000       0.329604       0.670396      -0.118964       0.040043
      11.840000       0.328057       0.671943      -0.118491       0.038519
      11.860000       0.326423       0.673577      -0.117988       0.037286
      11.880000       0.325035       0.674965      -0.117777       0.036053
      11.900000       0.324001       0.675999      -0.117441       0.034700
      11.920000       0.322944       0.677056      -0.117224       0.033198
      11.940000       0.321735       0.678265      -0.116625       0.031645
      11.960000       0.320412       0.679588      -0.116374       0.030040
      11.980000       0.319469       0.680531      -0.116038       0.028359
      12.000000       0.318514       0.681486      -0.116034       0.026373
      12.020000       0.317426       0.682574      -0.115765       0.024874
      12.040000       0.316435       0.683565      -0.115834       0.023053
      12.060000       0.315776       0.684224      -0.115838       0.021123
      12.080000       0.314966       0.685034      -0.115972       0.019354
      12.100000       0.314406       0.685594      -0.115993       0.017463
      12.120000       0.313799       0.686201      -0.116170       0.015631
      12.140000       0.313353       0.686647      -0.116533       0.013738
      12.160000       0.312627       0.687373      -0.116490       0.011477
      12.180000       0.312249       0.687751      -0.116962       0.010133
      12.200000       0.311995       0.688005      -0.117173       0.008383
      12.220000       0.311482       0.688518      -0.118190       0.006518
      12.240000       0.311099       0.688901      -0.119070       0.004582
      12.260000       0.311171       0.688829      -0.119659       0.002877
      12.280000       0.310949       0.689051      -0.120443       0.001382
      12.300000       0.310941       0.689059      -0.121435      -0.000061
      12.320000       0.311020       0.688980      -0.122116      -0.001662
      12.340000       0.310918       0.689082      -0.123155      -0.003755
      12.360000       0.310808       0.689192      -0.124130      -0.005109
      12.380000       0.310778       0.689222      -0.125036      -0.006144
      12.400000       0.310862       0.689138      -0.125904      -0.007611
      12.420000       0.311235       0.688765      -0.127018      -0.009385
      12.440000       0.311375       0.688625      -0.127838      -0.010280
      12.460000       0.311837       0.688163      -0.128924      -0.011174
      12.480000       0.312412       0.687588      -0.130120      -0.012143
      12.500000       0.312714       0.687286      -0.131384      -0.013405
      12.520000       0.313151       0.686849      -0.132353      -0.014006
      12.540000       0.313649       0.686351      -0.133723      -0.014932
      12.560000       0.314205       0.685795      -0.134759      -0.015118
      12.580000       0.314726       0.685274      -0.136144      -0.015506
      12.600000       0.315399       0.684601      -0.137413      -0.015508
      12.620000       0.315805       0.684195      -0.138507      -0.016035
      12.640000       0.316493       0.683507      -0.139882      -0.016161
      12.660000       0.317164       0.682836      -0.141342      -0.016423
      12.680000       0.317760       0.682240      -0.142551      -0.017077
      12.700000       0.318092       0.681908      -0.143838      -0.017202
      12.720000       0.318809       0.681191      -0.145029      -0.017006
      12.740000       0.319373       0.680627      -0.146300      -0.017188
      12.760000       0.319847       0.680153      -0.147390      -0.017060
      12.780000       0.320565       0.679435      -0.148186      -0.016148
      12.800000       0.321334       0.678666      -0.149269      -0.015418
      12.820000       0.321813       0.678187      -0.149964      -0.015178
      12.840000       0.322401       0.677599      -0.151112      -0.014716
      12.860000       0.323081       0.676919      -0.151936      -0.014155
      12.880000       0.323706       0.676294      -0.153178      -0.013592
      12.900000       0.324312       0.675688      -0.154337      -0.012529
      12.920000       0.324968       0.675032      -0.155237      -0.012300
      12.940000       0.325452       0.674548      -0.156316      -0.011581
      12.960000       0.325893       0.674107      -0.157252      -0.010485
      12.980000       0.326268       0.673732      -0.158512      -0.009507
      13.000000       0.326766       0.673234      -0.159087      -0.008828
      13.020000       0.327254       0.672746      -0.159988      -0.007414
      13.040000       0.327431       0.672569      -0.160699      -0.006296
      13.060000       0.327804       0.672196      -0.161217      -0.005178
      13.080000       0.327860       0.672140      -0.161943      -0.004289
      13.100000       0.328166       0.671834      -0.162562      -0.002919
      13.120000       0.328101       0.671899      -0.163382      -0.001518
      13.140000       0.328044       0.671956      -0.163894      -0.000207
      13.160000       0.327896       0.672104      -0.164308       0.001030
      13.180000       0.327617       0.672383      -0.164658       0.002135
      13.200000       0.327608       0.672392      -0.165046       0.003986
      13.220000       0.327347       0.672653      -0.164948       0.005377
      13.240000       0.327140       0.672860      -0.165247       0.006365
      13.260000       0.327135       0.672865      -0.165559       0.007757
      13.280000       0.326894       0.673106      -0.165803       0.009742
      13.300000       0.326646       0.673354      -0.165855       0.011043
      13.320000       0.326179       0.673821      -0.166220       0.011985
      13.340000       0.325702       0.674298      -0.166492       0.013786
      13.360000       0.325306       0.674694      -0.166701       0.015324
      13.380000       0.324471       0.675529      -0.166710       0.016832
      13.400000       0.324061       0.675939      -0.166680       0.017610
      13.420000       0.323664       0.676336      -0.166544       0.018913
      13.440000       0.323029       0.676971      -0.166191       0.020031
      13.460000       0.322488       0.677512      -0.165980       0.021058
      13.480000       0.321991       0.678009      -0.165769       0.022729
      13.500000       0.321170       0.678830      -0.165726       0.023583
      13.520000       0.320696       0.679304      -0.165581       0.023841
      13.540000       0.319961       0.680039      -0.165743       0.023866
      13.560000       0.319072       0.680928      -0.165222       0.024620
      13.580000       0.318334       0.681666      -0.165465       0.024734
      13.600000       0.317266       0.682734      -0.165275       0.025723
      13.620000       0.316266       0.683734      -0.165180       0.026123
      13.640000       0.315132       0.684868      -0.165035       0.026905
      13.660000       0.314157       0.685843      -0.164762       0.027202
      13.680000       0.313234       0.686766      -0.164335       0.027247
      13.700000       0.312347       0.687653      -0.164270       0.027609
      13.720000       0.311227       0.688773      -0.164008       0.027567
      13.740000       0.310464       0.689536      -0.164108       0.027209
      13.760000       0.309622       0.690378      -0.163993       0.027069
      13.780000       0.308627       0.691373      -0.163804       0.026937
      13.800000       0.307622       0.692378      -0.163640       0.026904
      13.820000       0.306916       0.693084      -0.163122       0.026854
      13.840000       0.305962       0.694038      -0.163006       0.026787
      13.860000       0.305137       0.694863      -0.162589       0.027252
      13.880000       0.304288       0.695712      -0.162114       0.027749
      13.900000       0.303181       0.696819      -0.161802       0.027902
      13.920000       0.302346       0.697654      -0.161608       0.027354
      13.940000       0.301253       0.698747      -0.161574       0.027876
      13.960000       0.300310       0.699690      -0.161292       0.027400
      13.980000       0.299247       0.700753      -0.161094       0.026826
      14.000000       0.298075       0.701925      -0.160693       0.026337
      14.020000       0.297080       0.702920      -0.160218       0.025236
      14.040000       0.296302       0.703698      -0.160088       0.024225
      14.060000       0.295558       0.704442      -0.159919       0.023346
      14.080000       0.294802       0.705198      -0.159604       0.022570
      14.100000       0.294128       0.705872      -0.160054       0.021881
      14.120000       0.293184       0.706816      -0.159828       0.021261
      14.140000       0.292352       0.707648      -0.159686       0.020310
      14.160000       0.291589       0.708411      -0.159872       0.019473
      14.180000       0.290751       0.709249      -0.159765       0.018846
      14.200000       0.289920       0.710080      -0.159887       0.017559
      14.220000       0.289219       0.710781      -0.160098       0.016953
      14.240000       0.288530       0.711470      -0.160182       0.016016
      14.260000       0.288120       0.711880      -0.160604       0.015357
      14.280000       0.287554       0.712446      -0.160386       0.014307
      14.300000       0.287335       0.712665      -0.160441       0.013634
      14.320000       0.286530       0.713470      -0.160658       0.012230
      14.340000       0.286147       0.713853      -0.161046       0.011431
      14.360000       0.285746       0.714254      -0.161222       0.010664
      14.380000       0.285191       0.714809      -0.161636       0.009685
      14.400000       0.284930       0.715070      -0.162136       0.008860
      14.420000       0.284437       0.715563      -0.162173       0.008307
      14.440000       0.284115       0.715885      -0.162364       0.007613
      14.460000       0.283815       0.716185      -0.162470       0.006901
      14.480000       0.283602       0.716398      -0.162710       0.005879
      14.500000       0.283124       0.716876      -0.163415       0.004890
      14.520000       0.283014       0.716986      -0.163705       0.003840
      14.540000       0.282944       0.717056      -0.164028       0.002672
      14.560000       0.282852       0.717148      -0.164543       0.001503
      14.580000       0.282794       0.717206      -0.164960      -0.000010
      14.600000       0.282700       0.717300      -0.165306      -0.000810
      14.620000       0.282661       0.717339      -0.165851      -0.001742
      14.640000       0.283088       0.716912      -0.166225      -0.002493
      14.660000       0.283144       0.716856      -0.167006      -0.003534
      14.680000       0.283355       0.716645      -0.167839      -0.004716
      14.700000       0.283430       0.716570      -0.168531      -0.005262
      14.720000       0.283595       0.716405      -0.169477      -0.005494
      14.740000       0.283907       0.716093      -0.170060      -0.005606
      14.760000       0.283841       0.716159      -0.170547      -0.006398
      14.780000       0.283779       0.716221      -0.171267      -0.006684
      14.800000       0.283876       0.716124      -0.171815      -0.007636
      14.820000       0.284190       0.715810      -0.172644      -0.007796
      14.840000       0.284264       0.715736      -0.173417      -0.008076
      14.860000       0.284496       0.715504      -0.174139      -0.008467
      14.880000       0.284746       0.715254      -0.175161      -0.008070
      14.900000       0.285340       0.714660      -0.175801      -0.007973
      14.920000       0.285830       0.714170      -0.176602      -0.007952
      14.940000       0.286207       0.713793      -0.177495      -0.008180
      14.960000       0.286482       0.713518      -0.178248      -0.008105
      14.980000       0.286653       0.713347      -0.178995      -0.007785
      15.000000       0.286963       0.713037      -0.180239      -0.007593
      15.020000       0.287037       0.712963      -0.180905      -0.006929
      15.040000       0.287487       0.712513      -0.181476      -0.006891
      15.060000       0.287476       0.712524      -0.181743      -0.006937
      15.080000       0.287884       0.712116      -0.182390      -0.006268
      15.100000       0.288206       0.711794      -0.183060      -0.005779
      15.120000       0.288262       0.711738      -0.183790      -0.005766
      15.140000       0.288351       0.711649      -0.184175      -0.005110
      15.160000       0.288607       0.711393      -0.184632      -0.003926
      15.180000       0.289165       0.710835      -0.185082      -0.003196
      15.200000       0.289272       0.710728      -0.186275      -0.002364
      15.220000       0.289353       0.710647      -0.186847      -0.002016
      15.240000       0.289610       0.710390      -0.187424      -0.001670
      15.260000       0.289823       0.710177      -0.187636      -0.000782
      15.280000       0.289525       0.710475      -0.187884       0.000055
      15.300000       0.289385       0.710615      -0.188103       0.000579
      15.320000       0.289432       0.710568      -0.188324       0.001458
      15.340000       0.289162       0.710838      -0.188780       0.002839
      15.360000       0.289052       0.710948      -0.188969       0.003916
      15.380000       0.288878       0.711122      -0.189099       0.004956
      15.400000       0.288615       0.711385      -0.189908       0.005348
      15.420000       0.288506       0.711494      -0.190442       0.005874
      15.440000       0.288501       0.711499      -0.190449       0.006430
      15.460000       0.288467       0.711533      -0.190627       0.006792
      15.480000       0.288162       0.711838      -0.190930       0.007576
      15.500000       0.287819       0.712181      -0.191015       0.008092
      15.520000       0.287667       0.712333      -0.191269       0.008711
      15.540000       0.287454       0.712546      -0.191820       0.009420
      15.560000       0.287201       0.712799      -0.191996       0.010509
      15.580000       0.286834       0.713166      -0.192334       0.011233
      15.600000       0.286578       0.713422      -0.192691       0.011643
      15.620000       0.286174       0.713826      -0.192978       0.012680
      15.640000       0.285923       0.714077      -0.192980       0.013196
      15.660000       0.285557       0.714443      -0.193110       0.013574
      15.680000       0.285139       0.714861      -0.193552       0.014515
      15.700000       0.284605       0.715395      -0.193881       0.015297
      15.720000       0.284270       0.715730      -0.193993       0.015831
      15.740000       0.284032       0.715968      -0.193960       0.015869
      15.760000       0.283410       0.716590      -0.194284       0.016829
      15.780000       0.283037       0.716963      -0.194213       0.017376
      15.800000       0.282396       0.717604      -0.194091       0.017782
      15.820000       0.281769       0.718231      -0.194203       0.018036
      15.840000       0.281207       0.718793      -0.194415       0.018452
      15.860000       0.280640       0.719360      -0.194544       0.018327
      15.880000       0.280068       0.719932      -0.194651       0.018448
      15.900000       0.279382       0.720618      -0.194553       0.018558
      15.920000       0.278644       0.721356      -0.194243       0.018123
      15.940000       0.278064       0.721936      -0.194432       0.018215
      15.960000       0.277352       0.722648      -0.194344       0.018249
      15.980000       0.276818       0.723182      -0.193911       0.018446
      16.000000       0.276321       0.723679      -0.193358       0.018362
      16.020000       0.275784       0.724216      -0.193417       0.017754
      16.040000       0.275040       0.724960      -0.193084       0.017249
      16.060000       0.274366       0.725634      -0.192892       0.016853
      16.080000       0.273585       0.726415      -0.193081       0.016406
      16.100000       0.272928       0.727072      -0.192943       0.016153
      16.120000       0.272500       0.727500      -0.192611       0.015817
      16.140000       0.271776       0.728224      -0.192425       0.015203
      16.160000       0.270982       0.729018      -0.192406       0.015673
      16.180000       0.270534       0.729466      -0.192458       0.015685
      16.200000       0.270098       0.729902      -0.192427       0.015463
      16.220000       0.269596       0.730404      -0.192298       0.015105
      16.240000       0.269080       0.730920      -0.192366       0.015424
      16.260000       0.268423       0.731577      -0.192330       0.015031
      16.280000       0.267862       0.732138      -0.192487       0.014975
      16.300000       0.267467       0.732533      -0.192389       0.014379
      16.320000       0.266950       0.733050      -0.192651       0.014032
      16.340000       0.266529       0.733471      -0.192755       0.013680
      16.360000       0.265920       0.734080      -0.192805       0.013301
      16.380000       0.265467       0.734533      -0.192881       0.012995
      16.400000       0.264927       0.735073      -0.192903       0.012323
      16.420000       0.264623       0.735377      -0.192645       0.011507
      16.440000       0.264203       0.735797      -0.192878       0.011530
      16.460000       0.263965       0.736035      -0.193053       0.010857
      16.480000       0.263644       0.736356      -0.193340       0.009979
      16.500000       0.263360       0.736640      -0.193714       0.009544
      16.520000       0.263010       0.736990      -0.193853       0.008994
      16.540000       0.262768       0.737232      -0.194122       0.008622
      16.560000       0.262485       0.737515      -0.194570       0.008008
      16.580000       0.262034       0.737966      -0.194583       0.007166
      16.600000       0.261750       0.738250      -0.194538       0.006595
      16.620000       0.261518       0.738482      -0.194602       0.006080
      16.640000       0.261120       0.738880      -0.194933       0.005717
      16.660000       0.260799       0.739201      -0.195439       0.005647
      16.680000       0.260740       0.739260      -0.195812       0.005255
      16.700000       0.260549       0.739451      -0.196017       0.003995
      16.720000       0.260402       0.739598      -0.196216       0.003801
      16.740000       0.259958       0.740042      -0.196522       0.003587
      16.760000       0.259997       0.740003      -0.197289       0.003778
      16.780000       0.259885       0.740115      -0.197613       0.003097
      16.800000       0.260011       0.739989      -0.197670       0.002645
      16.820000       0.259826       0.740174      -0.198134       0.002600
      16.840000       0.260035       0.739965      -0.198252       0.002317
      16.860000       0.260011       0.739989      -0.198662       0.002126
      16.880000       0.259962       0.740038      -0.198756       0.001494
      16.900000       0.260005       0.739995      -0.199093       0.001242
      16.920000       0.259918       0.740082      -0.199518       0.001027
      16.940000       0.259889       0.740111      -0.199843       0.000305
      16.960000       0.259762       0.740238      -0.200301       0.000164
      16.980000       0.259653       0.740347      -0.200668      -0.000390
      17.000000       0.259612       0.740388      -0.201221      -0.000435
      17.020000       0.259598       0.740402      -0.201704      -0.000778
      17.040000       0.259378       0.740622      -0.202079      -0.001006
      17.060000       0.259279       0.740721      -0.202427      -0.000676
      17.080000       0.259223       0.740777      -0.203025      -0.001209
      17.100000       0.259065       0.740935      -0.203710      -0.001534
      17.120000       0.259303       0.740697      -0.203739      -0.001689
      17.140000       0.259434       0.740566      -0.204162      -0.001467
      17.160000       0.259398       0.740602      -0.204337      -0.001669
      17.180000       0.259615       0.740385      -0.204622      -0.001812
      17.200000       0.259578       0.740422      -0.205123      -0.001683
      17.220000       0.259637       0.740363      -0.205646      -0.001504
      17.240000       0.259781       0.740219      -0.206047      -0.001373
      17.260000       0.259663       0.740337      -0.206409      -0.001402
      17.280000       0.259795       0.740205      -0.206664      -0.001341
      17.300000       0.259975       0.740025      -0.207097      -0.001556
      17.320000       0.260085       0.739915      -0.207271      -0.000955
      17.340000       0.260021       0.739979      -0.208111      -0.000559
      17.360000       0.260277       0.739723      -0.208499      -0.000503
      17.380000       0.260345       0.739655      -0.209098      -0.000055
      17.400000       0.260246       0.739754      -0.209498      -0.000375
      17.420000       0.260065       0.739935      -0.209893       0.000002
      17.440000       0.259831       0.740169      -0.210769      -0.000287
      17.460000       0.259843       0.740157      -0.210851      -0.000175
      17.480000       0.259931       0.740069      -0.211116       0.000305
      17.500000       0.259922       0.740078      -0.211278       0.000425
      17.520000       0.259653       0.740347      -0.211339       0.000393
      17.540000       0.259730       0.740270      -0.212059       0.000754
      17.560000       0.259565       0.740435      -0.212609       0.001268
      17.580000       0.259404       0.740596      -0.213100       0.001629
      17.600000       0.259466       0.740534      -0.213565       0.002733
      17.620000       0.259489       0.740511      -0.213738       0.003394
      17.640000       0.259456       0.740544      -0.214297       0.003710
      17.660000       0.259314       0.740686      -0.214548       0.004653
      17.680000       0.259188       0.740812      -0.214390       0.004681
      17.700000       0.259073       0.740927      -0.214883       0.004713
      17.720000       0.259143       0.740857      -0.215107       0.005068
      17.740000       0.258896       0.741104      -0.215244       0.005282
      17.760000       0.259073       0.740927      -0.215258       0.005792
      17.780000       0.258887       0.741113      -0.215532       0.006283
      17.800000       0.258833       0.741167      -0.215508       0.006533
      17.820000       0.258555       0.741445      -0.215859       0.007071
      17.840000       0.258273       0.741727      -0.216159       0.007381
      17.860000       0.258089       0.741911      -0.216205       0.007557
      17.880000       0.257779       0.742221      -0.216603       0.007649
      17.900000       0.257401       0.742599      -0.216944       0.008094
      17.920000       0.257087       0.742913      -0.217222       0.008491
      17.940000       0.256724       0.743276      -0.217073       0.009235
      17.960000       0.256443       0.743557      -0.217300       0.010366
      17.980000       0.256180       0.743820      -0.217566       0.010823
      18.000000       0.255847       0.744153      -0.217497       0.011119
      18.020000       0.255504       0.744496      -0.217546       0.011599
      18.040000       0.255408       0.744592      -0.217794       0.011627
      18.060000       0.255083       0.744917      -0.217727       0.012283
      18.080000       0.254783       0.745217      -0.217796       0.012457
      18.100000       0.254298       0.745702      -0.217863       0.012307
      18.120000       0.253857       0.746143      -0.218003       0.011733
      18.140000       0.253517       0.746483      -0.217854       0.012429
      18.160000       0.253311       0.746689      -0.217665       0.012639
      18.180000       0.252783       0.747217      -0.217678       0.012981
      18.200000       0.252562       0.747438      -0.217883       0.013629
      18.220000       0.252240       0.747760      -0.217740       0.014197
      18.240000       0.251689       0.748311      -0.217689       0.014125
      18.260000       0.251097       0.748903      -0.217548       0.014435
      18.280000       0.250691       0.749309      -0.217594       0.014237
      18.300000       0.250388       0.749612      -0.217400       0.014391
      18.320000       0.250088       0.749912      -0.217490       0.014299
      18.340000       0.249495       0.750505      -0.217229       0.013934
      18.360000       0.248889       0.751111      -0.217134       0.013546
      18.380000       0.248366       0.751634      -0.216916       0.013282
      18.400000       0.247916       0.752084      -0.216957       0.012446
      18.420000       0.247494       0.752506      -0.216918       0.011976
      18.440000       0.247118       0.752882      -0.216964       0.011836
      18.460000       0.246471       0.753529      -0.217019       0.011893
      18.480000       0.246053       0.753947      -0.217153       0.011475
      18.500000       0.245695       0.754305      -0.216702       0.010864
      18.520000       0.245519       0.754481      -0.216687       0.010482
      18.540000       0.245072       0.754928      -0.216716       0.010243
      18.560000       0.244985       0.755015      -0.216557       0.009628
      18.580000       0.244625       0.755375      -0.216636       0.009677
      18.600000       0.244269       0.755731      -0.216560       0.009443
      18.620000       0.243928       0.756072      -0.216812       0.009072
      18.640000       0.243426       0.756574      -0.217201       0.009043
      18.660000       0.243133       0.756867      -0.217553       0.008563
      18.680000       0.242873       0.757127      -0.218048       0.008130
      18.700000       0.242532       0.757468      -0.218583       0.007581
      18.720000       0.242117       0.757883      -0.218572       0.006950
      18.740000       0.241733       0.758267      -0.218366       0.006235
      18.760000       0.241550       0.758450      -0.218471       0.005769
      18.780000       0.241487       0.758513      -0.218687       0.004930
      18.800000       0.241376       0.758624      -0.218907       0.004491
      18.820000       0.241076       0.758924      -0.219305       0.003865
      18.840000       0.240846       0.759154      -0.219498       0.003514
      18.860000       0.240825       0.759175      -0.219600       0.002898
      18.880000       0.240693       0.759307      -0.219999       0.002593
      18.900000       0.240428       0.759572      -0.220451       0.002495
      18.920000       0.240403       0.759597      -0.220629       0.002236
      18.940000       0.240473       0.759527      -0.220928       0.002259
      18.960000       0.240491       0.759509      -0.221245       0.002126
      18.980000       0.240483       0.759517      -0.221395       0.002621
      19.000000       0.240324       0.759676      -0.221849       0.002330
      19.020000       0.240414       0.759586      -0.222369       0.002243
      19.040000       0.240206       0.759794      -0.222484       0.001706
      19.060000       0.240266       0.759734      -0.222976       0.001355
      19.080000       0.240341       0.759659      -0.223503       0.000893
      19.100000       0.240409       0.759591      -0.224015       0.000482
      19.120000       0.240545       0.759455      -0.224796       0.001123
      19.140000       0.240633       0.759367      -0.224905       0.000926
      19.160000       0.240500       0.759500      -0.225192       0.001178
      19.180000       0.240434       0.759566      -0.225859       0.000937
      19.200000       0.240393       0.759607      -0.225961       0.000773
      19.220000       0.240090       0.759910      -0.226527       0.000666
      19.240000       0.240084       0.759916      -0.226792       0.001097
      19.260000       0.239831       0.760169      -0.226987       0.001336
      19.280000       0.239672       0.760328      -0.227668       0.001457
      19.300000       0.239764       0.760236      -0.227910       0.001448
      19.320000       0.239732       0.760268      -0.227923       0.001883
      19.340000       0.239639       0.760361      -0.228129       0.001731
      19.360000       0.239265       0.760735      -0.228271       0.001607
      19.380000       0.239075       0.760925      -0.228512       0.001565
      19.400000       0.239034       0.760966      -0.228462       0.001818
      19.420000       0.238919       0.761081      -0.228453       0.002318
      19.440000       0.238812       0.761188      -0.228622       0.002134
      19.460000       0.238756       0.761244      -0.228831       0.002324
      19.480000       0.238565       0.761435      -0.228976       0.002774
      19.500000       0.238426       0.761574      -0.229247       0.002487
      19.520000       0.238431       0.761569      -0.229413       0.002549
      19.540000       0.238405       0.761595      -0.229601       0.002608
      19.560000       0.238382       0.761618      -0.229582       0.003061
      19.580000       0.238319       0.761681      -0.229868       0.003441
      19.600000       0.238252       0.761748      -0.230073       0.003202
      19.620000       0.238317       0.761683      -0.230239       0.002748
      19.640000       0.238343       0.761657      -0.230645       0.003196
      19.660000       0.238286       0.761714      -0.230845       0.003078
      19.680000       0.238394       0.761606      -0.231082       0.003071
      19.700000       0.238295       0.761705      -0.231375       0.002920
      19.720000       0.238195       0.761805      -0.231524       0.003110
      19.740000       0.238057       0.761943      -0.231959       0.003281
      19.760000       0.237803       0.762197      -0.232452       0.004112
      19.780000       0.237766       0.762234      -0.232370       0.003836
      19.800000       0.237607       0.762393      -0.232478       0.003828
      19.820000       0.237417       0.762583      -0.232701       0.003909
      19.840000       0.237142       0.762858      -0.233038       0.003726
      19.860000       0.237054       0.762946      -0.233146       0.004320
      19.880000       0.237000       0.763000      -0.233279       0.004596
      19.900000       0.236842       0.763158      -0.233435       0.005214
      19.920000       0.236874       0.763126      -0.233070       0.005391
      19.940000       0.236707       0.763293      -0.233260       0.005013
      19.960000       0.236460       0.763540      -0.233688       0.005064
      19.980000       0.236266       0.763734      -0.233591       0.005194
      20.000000       0.236242       0.763758      -0.233701       0.004681
