       0.000000       1.000000       0.000000      -0.001736      -0.001132
       0.020000       1.000000       0.000000       0.000273       0.084775
       0.040000       1.000000       0.000000       0.005159       0.163885
       0.060000       1.000000       0.000000       0.013333       0.234348
       0.080000       1.000000       0.000000       0.022943       0.293332
       0.100000       1.000000       0.000000       0.033237       0.337965
       0.120000       1.000000       0.000000       0.043737       0.369534
       0.140000       1.000000       0.000000       0.054286       0.390256
       0.160000       0.999997       0.000003       0.063419       0.401873
       0.180000       0.999619       0.000381       0.072762       0.408781
       0.200000       0.998427       0.001573       0.081605       0.412674
       0.220000       0.995938       0.004062       0.090129       0.414635
       0.240000       0.991904       0.008096       0.099242       0.414888
       0.260000       0.986016       0.013984       0.108243       0.413729
       0.280000       0.978583       0.021417       0.116738       0.411977
       0.300000       0.969133       0.030867       0.125480       0.409532
       0.320000       0.957896       0.042104       0.133763       0.406373
       0.340000       0.944532       0.055468       0.141824       0.402507
       0.360000       0.929167       0.070833       0.149634       0.397669
       0.380000       0.912082       0.087918       0.157486       0.392343
       0.400000       0.893160       0.106840       0.164908       0.386396
       0.420000       0.872531       0.127469       0.172311       0.379846
       0.440000       0.851040       0.148960       0.179237       0.372774
       0.460000       0.829429       0.170571       0.185787       0.365194
       0.480000       0.808815       0.191185       0.192014       0.357446
       0.500000       0.789047       0.210953       0.198103       0.348970
       0.520000       0.770780       0.229220       0.203935       0.340469
       0.540000       0.753819       0.246181       0.209257       0.331354
       0.560000       0.737957       0.262043       0.214324       0.322003
       0.580000       0.723499       0.276501       0.219091       0.312630
       0.600000       0.710004       0.289996       0.223462       0.302974
       0.620000       0.697646       0.302354       0.227248       0.293177
       0.640000       0.686207       0.313793       0.230796       0.283253
       0.660000       0.675825       0.324175       0.234332       0.273284
       0.680000       0.666197       0.333803       0.237399       0.262917
       0.700000       0.657750       0.342250       0.239757       0.252963
       0.720000       0.649624       0.350376       0.241801       0.243184
       0.740000       0.641791       0.358209       0.243612       0.233038
       0.760000       0.634954       0.365046       0.245146       0.223131
       0.780000       0.628572       0.371428       0.246390       0.213574
       0.800000       0.622466       0.377534       0.247170       0.203894
       0.820000       0.617121       0.382879       0.247685       0.194428
       0.840000       0.612194       0.387806       0.248442       0.184921
       0.860000       0.607487       0.392513       0.248233       0.175778
       0.880000       0.602816       0.397184       0.247714       0.166989
       0.900000       0.598835       0.401165       0.247233       0.158265
       0.920000       0.595080       0.404920       0.246691       0.149508
       0.940000       0.591162       0.408838       0.245101       0.141599
       0.960000       0.587434       0.412566       0.244082       0.133070
       0.980000       0.584388       0.415612       0.242637       0.124922
       1.000000       0.580880       0.419120       0.240814       0.117381
       1.020000       0.577778       0.422222       0.238833       0.109254
       1.040000       0.574768       0.425232       0.236593       0.101622
       1.060000       0.572073       0.427927       0.233992       0.094103
       1.080000       0.568856       0.431144       0.231306       0.086883
       1.100000       0.566022       0.433978       0.228193       0.079900
       1.120000       0.562912       0.437088       0.225242       0.072959
       1.140000       0.559963       0.440037       0.221875       0.066477
       1.160000       0.557147       0.442853       0.218572       0.059977
       1.180000       0.554082       0.445918       0.214995       0.053807
       1.200000       0.551468       0.448532       0.211617       0.047305
       1.220000       0.548989       0.451011       0.208177       0.040833
       1.240000       0.546841       0.453159       0.204679       0.034443
       1.260000       0.544736       0.455264       0.201449       0.028028
       1.280000       0.542798       0.457202       0.197549       0.021754
       1.300000       0.541140       0.458860       0.194075       0.015632
       1.320000       0.539933       0.460067       0.190575       0.009291
       1.340000       0.538701       0.461299       0.187063       0.002175
       1.360000       0.537508       0.462492       0.183943      -0.004702
       1.380000       0.536616       0.463384       0.180642      -0.011716
       1.400000       0.536211       0.463789       0.177721      -0.018826
       1.420000       0.535597       0.464403       0.174245      -0.025563
       1.440000       0.535537       0.464463       0.170339      -0.032031
       1.460000       0.535195       0.464805       0.166782      -0.038332
       1.480000       0.535097       0.464903       0.162631      -0.044188
       1.500000       0.535129       0.464871       0.158009      -0.049519
       1.520000       0.535535       0.464465       0.153850      -0.054187
       1.540000       0.536113       0.463887       0.149268      -0.058091
       1.560000       0.537292       0.462708       0.144905      -0.061767
       1.580000       0.538478       0.461522       0.140580      -0.065221
       1.600000       0.540197       0.459803       0.135833      -0.067992
       1.620000       0.542725       0.457275       0.131345      -0.070350
       1.640000       0.545546       0.454454       0.126464      -0.072131
       1.660000       0.548547       0.451453       0.122213      -0.073711
       1.680000       0.552078       0.447922       0.117541      -0.074927
       1.700000       0.555510       0.444490       0.113042      -0.075104
       1.720000       0.559042       0.440958       0.108722      -0.075336
       1.740000       0.562448       0.437552       0.104347      -0.075154
       1.760000       0.566126       0.433874       0.100043      -0.074796
       1.780000       0.569569       0.430431       0.095756      -0.073887
       1.800000       0.572925       0.427075       0.091774      -0.071838
       1.820000       0.576294       0.423706       0.088491      -0.070408
       1.840000       0.579307       0.420693       0.084983      -0.068693
       1.860000       0.582530       0.417470       0.081659      -0.066406
       1.880000       0.585426       0.414574       0.078327      -0.063970
       1.900000       0.588608       0.411392       0.075752      -0.060967
       1.920000       0.591342       0.408658       0.072726      -0.058407
       1.940000       0.594088       0.405912       0.070044      -0.054890
       1.960000       0.596460       0.403540       0.068111      -0.051717
       1.980000       0.598728       0.401272       0.066068      -0.048476
       2.000000       0.600719       0.399281       0.064468      -0.044873
       2.020000       0.602442       0.397558       0.062455      -0.041583
       2.040000       0.604157       0.395843       0.061541      -0.037857
       2.060000       0.605795       0.394205       0.060047      -0.033999
       2.080000       0.606962       0.393038       0.058911      -0.030366
       2.100000       0.608134       0.391866       0.058264      -0.026485
       2.120000       0.609468       0.390532       0.056966      -0.022393
       2.140000       0.610252       0.389748       0.055947      -0.018895
       2.160000       0.611050       0.388950       0.055234      -0.015073
       2.180000       0.611536       0.388464       0.054436      -0.011713
       2.200000       0.612232       0.387768       0.054110      -0.008533
       2.220000       0.612334       0.387666       0.054210      -0.005041
       2.240000       0.612775       0.387225       0.053957      -0.001621
       2.260000       0.612650       0.387350       0.053745       0.001642
       2.280000       0.612682       0.387318       0.053321       0.004991
       2.300000       0.612196       0.387804       0.053450       0.008208
       2.320000       0.611626       0.388374       0.053654       0.011009
       2.340000       0.610992       0.389008       0.053602       0.013863
       2.360000       0.610021       0.389979       0.053957       0.016285
       2.380000       0.608819       0.391181       0.054167       0.018679
       2.400000       0.607972       0.392028       0.054063       0.021317
       2.420000       0.607050       0.392950       0.054168       0.023959
       2.440000       0.605885       0.394115       0.054543       0.025933
       2.460000       0.604725       0.395275       0.054675       0.028442
       2.480000       0.603109       0.396891       0.054627       0.030360
       2.500000       0.601618       0.398382       0.054752       0.032289
       2.520000       0.600253       0.399747       0.054959       0.034279
       2.540000       0.598996       0.401004       0.054888       0.035979
       2.560000       0.597274       0.402726       0.054972       0.037876
       2.580000       0.595711       0.404289       0.054870       0.039816
       2.600000       0.594154       0.405846       0.055467       0.041708
       2.620000       0.592567       0.407433       0.055308       0.043596
       2.640000       0.590911       0.409089       0.055468       0.044850
       2.660000       0.589202       0.410798       0.055990       0.046324
       2.680000       0.587345       0.412655       0.055977       0.048038
       2.700000       0.585551       0.414449       0.056079       0.049616
       2.720000       0.583651       0.416349       0.056525       0.050684
       2.740000       0.581324       0.418676       0.056926       0.052179
       2.760000       0.579423       0.420577       0.057231       0.052677
       2.780000       0.577493       0.422507       0.057805       0.052967
       2.800000       0.575124       0.424876       0.057942       0.053674
       2.820000       0.573209       0.426791       0.058439       0.053901
       2.840000       0.571352       0.428648       0.058656       0.054518
       2.860000       0.569186       0.430814       0.058926       0.054536
       2.880000       0.567029       0.432971       0.059029       0.054590
       2.900000       0.564352       0.435648       0.058835       0.055306
       2.920000       0.562269       0.437731       0.058889       0.055615
       2.940000       0.560065       0.439935       0.058923       0.055425
       2.960000       0.557768       0.442232       0.059098       0.056106
       2.980000       0.555598       0.444402       0.059039       0.056110
       3.000000       0.553267       0.446733       0.058499       0.056265
       3.020000       0.551012       0.448988       0.058640       0.056214
       3.040000       0.548823       0.451177       0.058598       0.055930
       3.060000       0.546536       0.453464       0.058583       0.055491
       3.080000       0.544230       0.455770       0.058752       0.055318
       3.100000       0.542098       0.457902       0.058852       0.054256
       3.120000       0.539855       0.460145       0.058566       0.053138
       3.140000       0.537806       0.462194       0.058422       0.052083
       3.160000       0.535540       0.464460       0.058157       0.050839
       3.180000       0.533957       0.466043       0.057885       0.049966
       3.200000       0.531756       0.468244       0.057154       0.048157
       3.220000       0.529941       0.470059       0.056817       0.047436
       3.240000       0.527820       0.472180       0.056149       0.046131
       3.260000       0.525890       0.474110       0.055631       0.044504
       3.280000       0.523901       0.476099       0.054876       0.043418
       3.300000       0.522008       0.477992       0.053927       0.042203
       3.320000       0.520306       0.479694       0.052721       0.041033
       3.340000       0.518460       0.481540       0.051273       0.039176
       3.360000       0.516716       0.483284       0.050223       0.037989
       3.380000       0.515114       0.484886       0.049342       0.036794
       3.400000       0.513336       0.486664       0.048288       0.035252
       3.420000       0.511986       0.488014       0.047686       0.033514
       3.440000       0.510652       0.489348       0.046696       0.032318
       3.460000       0.509437       0.490563       0.045814       0.030751
       3.480000       0.508419       0.491581       0.045132       0.029216
       3.500000       0.507033       0.492967       0.043603       0.028198
       3.520000       0.506053       0.493947       0.042803       0.026785
       3.540000       0.505103       0.494897       0.041530       0.025837
       3.560000       0.504063       0.495937       0.040425       0.024374
       3.580000       0.503085       0.496915       0.039587       0.022617
       3.600000       0.502232       0.497768       0.038442       0.021126
       3.620000       0.501179       0.498821       0.037304       0.019736
       3.640000       0.500301       0.499699       0.036088       0.019090
       3.660000       0.499462       0.500538       0.034850       0.018073
       3.680000       0.498940       0.501060       0.033758       0.016909
       3.700000       0.498432       0.501568       0.032822       0.015447
       3.720000       0.497776       0.502224       0.031562       0.014210
       3.740000       0.497482       0.502518       0.030399       0.012843
       3.760000       0.497000       0.503000       0.029387       0.011873
       3.780000       0.496522       0.503478       0.027631       0.010860
       3.800000       0.496015       0.503985       0.026470       0.010166
       3.820000       0.495666       0.504334       0.025076       0.009280
       3.840000       0.495369       0.504631       0.024068       0.008987
       3.860000       0.494973       0.505027       0.022825       0.008125
       3.880000       0.494376       0.505624       0.021505       0.007377
       3.900000       0.494488       0.505512       0.020455       0.006949
       3.920000       0.494404       0.505596       0.019146       0.006334
       3.940000       0.494357       0.505643       0.017841       0.006287
       3.960000       0.494212       0.505788       0.016498       0.005949
       3.980000       0.494137       0.505863       0.015176       0.005593
       4.000000       0.494126       0.505874       0.014280       0.005071
       4.020000       0.493758       0.506242       0.013284       0.004724
       4.040000       0.493621       0.506379       0.012649       0.004282
       4.060000       0.493416       0.506584       0.011777       0.003743
       4.080000       0.493422       0.506578       0.010968       0.003167
       4.100000       0.493277       0.506723       0.009633       0.003152
       4.120000       0.493059       0.506941       0.008812       0.003368
       4.140000       0.493047       0.506953       0.007694       0.002529
       4.160000       0.492954       0.507046       0.006726       0.002983
       4.180000       0.492925       0.507075       0.006259       0.002748
       4.200000       0.492690       0.507310       0.005246       0.002142
       4.220000       0.492607       0.507393       0.004262       0.001848
       4.240000       0.492516       0.507484       0.003095       0.002346
       4.260000       0.492420       0.507580       0.002267       0.002261
       4.280000       0.492330       0.507670       0.001146       0.002202
       4.300000       0.492190       0.507810      -0.000136       0.002241
       4.320000       0.491992       0.508008      -0.001263       0.002564
       4.340000       0.491733       0.508267      -0.002308       0.003068
       4.360000       0.491685       0.508315      -0.002993       0.003525
       4.380000       0.491446       0.508554      -0.003550       0.003545
       4.400000       0.491282       0.508718      -0.004099       0.003977
       4.420000       0.490924       0.509076      -0.004645       0.004263
       4.440000       0.490814       0.509186      -0.005684       0.004811
       4.460000       0.490428       0.509572      -0.005966       0.005059
       4.480000       0.490337       0.509663      -0.006321       0.005629
       4.500000       0.490177       0.509823      -0.006955       0.006383
       4.520000       0.489664       0.510336      -0.007543       0.006736
       4.540000       0.489615       0.510385      -0.008499       0.007066
       4.560000       0.489063       0.510937      -0.009399       0.007371
       4.580000       0.488754       0.511246      -0.009991       0.007821
       4.600000       0.488462       0.511538      -0.010640       0.007826
       4.620000       0.487993       0.512007      -0.010842       0.008727
       4.640000       0.487556       0.512444      -0.010914       0.009486
       4.660000       0.487207       0.512793      -0.011047       0.009816
       4.680000       0.487081       0.512919      -0.011048       0.010031
       4.700000       0.486515       0.513485      -0.011799       0.010356
       4.720000       0.485900       0.514100      -0.012157       0.010738
       4.740000       0.485532       0.514468      -0.012300       0.011079
       4.760000       0.484932       0.515068      -0.013041       0.011786
       4.780000       0.484565       0.515435      -0.013426       0.012145
       4.800000       0.484168       0.515832      -0.014062       0.011963
       4.820000       0.483666       0.516334      -0.014488       0.012151
       4.840000       0.483363       0.516637      -0.015117       0.012316
       4.860000       0.483096       0.516904      -0.015517       0.012620
       4.880000       0.482382       0.517618      -0.015831       0.012341
       4.900000       0.481985       0.518015      -0.016125       0.012802
       4.920000       0.481750       0.518250      -0.016083       0.013023
       4.940000       0.481192       0.518808      -0.016206       0.013298
       4.960000       0.480513       0.519487      -0.016766       0.013886
       4.980000       0.479732       0.520268      -0.017268       0.013617
       5.000000       0.479264       0.520736      -0.017944       0.013746
       5.020000       0.478661       0.521339      -0.018322       0.013745
       5.040000       0.478067       0.521933      -0.018665       0.013766
       5.060000       0.477221       0.522779      -0.018903       0.014271
       5.080000       0.476858       0.523142      -0.019524       0.014426
       5.100000       0.476301       0.523699      -0.020128       0.014257
       5.120000       0.476197       0.523803      -0.020777       0.014594
       5.140000       0.475423       0.524577      -0.021339       0.014313
       5.160000       0.475030       0.524970      -0.021536       0.014113
       5.180000       0.474421       0.525579      -0.021804       0.013920
       5.200000       0.474094       0.525906      -0.022042       0.013472
       5.220000       0.473834       0.526166      -0.022461       0.013627
       5.240000       0.473186       0.526814      -0.023152       0.014014
       5.260000       0.472612       0.527388      -0.023467       0.013902
       5.280000       0.472169       0.527831      -0.023686       0.013950
       5.300000       0.471818       0.528182      -0.024383       0.013571
       5.320000       0.471376       0.528624      -0.024678       0.014008
       5.340000       0.470892       0.529108      -0.025119       0.013851
       5.360000       0.470273       0.529727      -0.025665       0.013947
       5.380000       0.469524       0.530476      -0.026214       0.013922
       5.400000       0.468998       0.531002      -0.026702       0.013945
       5.420000       0.468420       0.531580      -0.027202       0.013768
       5.440000       0.467758       0.532242      -0.027607       0.013855
       5.460000       0.467269       0.532731      -0.028104       0.014026
       5.480000       0.466529       0.533471      -0.028321       0.014214
       5.500000       0.465948       0.534052      -0.028830       0.014216
       5.520000       0.465073       0.534927      -0.029408       0.014337
       5.540000       0.464331       0.535669      -0.029776       0.014313
       5.560000       0.463582       0.536418      -0.030175       0.014451
       5.580000       0.463200       0.536800      -0.030734       0.014402
       5.600000       0.462499       0.537501      -0.031158       0.014280
       5.620000       0.461946       0.538054      -0.031652       0.014212
       5.640000       0.461373       0.538627      -0.031749       0.014193
       5.660000       0.460924       0.539076      -0.032075       0.014531
       5.680000       0.460338       0.539662      -0.032172       0.014399
       5.700000       0.459809       0.540191      -0.032610       0.014119
       5.720000       0.459182       0.540818      -0.032833       0.013933
       5.740000       0.458576       0.541424      -0.033431       0.013572
       5.760000       0.457780       0.542220      -0.033795       0.013840
       5.780000       0.457305       0.542695      -0.033960       0.013457
       5.800000       0.456791       0.543209      -0.034174       0.013416
       5.820000       0.456372       0.543628      -0.034365       0.013656
       5.840000       0.455897       0.544103      -0.034655       0.013432
       5.860000       0.455320       0.544680      -0.035273       0.013262
       5.880000       0.454779       0.545221      -0.035495       0.012796
       5.900000       0.454726       0.545274      -0.035808       0.012370
       5.920000       0.454214       0.545786      -0.035798       0.011826
       5.940000       0.453602       0.546398      -0.036339       0.011613
       5.960000       0.453209       0.546791      -0.036412       0.011035
       5.980000       0.452731       0.547269      -0.037016       0.010557
       6.000000       0.452325       0.547675      -0.037562       0.010336
       6.020000       0.452092       0.547908      -0.037828       0.009417
       6.040000       0.451729       0.548271      -0.038632       0.009023
       6.060000       0.451192       0.548808      -0.038893       0.008597
       6.080000       0.450673       0.549327      -0.039059       0.008436
       6.100000       0.450210       0.549790      -0.039575       0.008102
       6.120000       0.449985       0.550015      -0.040082       0.008196
       6.140000       0.449565       0.550435      -0.040344       0.008616
       6.160000       0.449205       0.550795      -0.040862       0.008947
       6.180000       0.448863       0.551137      -0.041379       0.008466
       6.200000       0.448703       0.551297      -0.041935       0.007980
       6.220000       0.448137       0.551863      -0.042585       0.008388
       6.240000       0.447919       0.552081      -0.042836       0.008009
       6.260000       0.447687       0.552313      -0.043233       0.007595
       6.280000       0.447543       0.552457      -0.043690       0.006855
       6.300000       0.447324       0.552676      -0.044596       0.006617
       6.320000       0.447233       0.552767      -0.045228       0.006777
       6.340000       0.447085       0.552915      -0.045604       0.007234
       6.360000       0.446616       0.553384      -0.045756       0.007123
       6.380000       0.446230       0.553770      -0.046130       0.007094
       6.400000       0.445957       0.554043      -0.046805       0.006739
       6.420000       0.445651       0.554349      -0.047389       0.006508
       6.440000       0.445528       0.554472      -0.047950       0.006625
       6.460000       0.445183       0.554817      -0.048526       0.006631
       6.480000       0.445115       0.554885      -0.049073       0.005861
       6.500000       0.444831       0.555169      -0.049462       0.005656
       6.520000       0.444554       0.555446      -0.049904       0.006199
       6.540000       0.444307       0.555693      -0.050378       0.006378
       6.560000       0.444327       0.555673      -0.050747       0.006169
       6.580000       0.444293       0.555707      -0.051070       0.006417
       6.600000       0.444144       0.555856      -0.051651       0.006519
       6.620000       0.443796       0.556204      -0.051825       0.006580
       6.640000       0.443369       0.556631      -0.052677       0.007017
       6.660000       0.442956       0.557044      -0.053297       0.007150
       6.680000       0.442725       0.557275      -0.054052       0.007875
       6.700000       0.442366       0.557634      -0.054379       0.007953
       6.720000       0.442074       0.557926      -0.054774       0.007791
       6.740000       0.441852       0.558148      -0.054902       0.008142
       6.760000       0.441575       0.558425      -0.055221       0.008599
       6.780000       0.441161       0.558839      -0.055761       0.008525
       6.800000       0.440875       0.559125      -0.055953       0.008566
       6.820000       0.440805       0.559195      -0.055905       0.008232
       6.840000       0.440366       0.559634      -0.056066       0.008009
       6.860000       0.439945       0.560055      -0.056294       0.008157
       6.880000       0.439620       0.560380      -0.056662       0.007389
       6.900000       0.439382       0.560618      -0.056923       0.007495
       6.920000       0.439315       0.560685      -0.057148       0.007414
       6.940000       0.438988       0.561012      -0.057432       0.007304
       6.960000       0.438760       0.561240      -0.057634       0.007301
       6.980000       0.438493       0.561507      -0.057642       0.007291
       7.000000       0.438170       0.561830      -0.057957       0.006870
       7.020000       0.437860       0.562140      -0.058277       0.006620
       7.040000       0.437656       0.562344      -0.058475       0.006180
       7.060000       0.437228       0.562772      -0.058821       0.006056
       7.080000       0.437240       0.562760      -0.059510       0.005822
       7.100000       0.436842       0.563158      -0.059820       0.005909
       7.120000       0.436560       0.563440      -0.060222       0.005665
       7.140000       0.436356       0.563644      -0.060348       0.005746
       7.160000       0.435989       0.564011      -0.060614       0.006219
       7.180000       0.435525       0.564475      -0.061216       0.006217
       7.200000       0.435294       0.564706      -0.061205       0.006624
       7.220000       0.434952       0.565048      -0.061333       0.007046
       7.240000       0.434750       0.565250      -0.061834       0.007317
       7.260000       0.434471       0.565529      -0.061980       0.007415
       7.280000       0.434426       0.565574      -0.062443       0.007814
       7.300000       0.433968       0.566032      -0.062470       0.007626
       7.320000       0.433655       0.566345      -0.062557       0.007876
       7.340000       0.433402       0.566598      -0.062870       0.008172
       7.360000       0.433048       0.566952      -0.063270       0.008146
       7.380000       0.432614       0.567386      -0.063190       0.008280
       7.400000       0.432018       0.567982      -0.062982       0.008120
       7.420000       0.431741       0.568259      -0.063004       0.007750
       7.440000       0.431482       0.568518      -0.063393       0.007614
       7.460000       0.431449       0.568551      -0.063786       0.007695
       7.480000       0.431156       0.568844      -0.064104       0.007385
       7.500000       0.430927       0.569073      -0.064390       0.008083
       7.520000       0.430817       0.569183      -0.064690       0.008007
       7.540000       0.430734       0.569266      -0.065036       0.007413
       7.560000       0.430308       0.569692      -0.065230       0.007403
       7.580000       0.429725       0.570275      -0.065504       0.007174
       7.600000       0.429189       0.570811      -0.065818       0.007153
       7.620000       0.428997       0.571003      -0.066270       0.006908
       7.640000       0.428846       0.571154      -0.066704       0.006667
       7.660000       0.428442       0.571558      -0.066851       0.006411
       7.680000       0.428153       0.571847      -0.067176       0.006353
       7.700000       0.427529       0.572471      -0.067834       0.006324
       7.720000       0.427415       0.572585      -0.068337       0.006853
       7.740000       0.427222       0.572778      -0.068557       0.007025
       7.760000       0.426884       0.573116      -0.069038       0.007126
       7.780000       0.426881       0.573119      -0.069352       0.007176
       7.800000       0.426806       0.573194      -0.069385       0.007009
       7.820000       0.426507       0.573493      -0.069334       0.006977
       7.840000       0.426280       0.573720      -0.069480       0.006867
       7.860000       0.426252       0.573748      -0.069756       0.006784
       7.880000       0.426047       0.573953      -0.069787       0.006880
       7.900000       0.425832       0.574168      -0.070141       0.006571
       7.920000       0.425727       0.574273      -0.070663       0.006715
       7.940000       0.425730       0.574270      -0.070817       0.006276
       7.960000       0.425415       0.574585      -0.070765       0.006685
       7.980000       0.424892       0.575108      -0.070890       0.006215
       8.000000       0.424544       0.575456      -0.071255       0.006165
       8.020000       0.424082       0.575918      -0.071144       0.005612
       8.040000       0.423645       0.576355      -0.071319       0.006181
       8.060000       0.423263       0.576737      -0.071538       0.006126
       8.080000       0.422943       0.577057      -0.071124       0.005890
       8.100000       0.422529       0.577471      -0.071676       0.005148
       8.120000       0.422557       0.577443      -0.072255       0.004797
       8.140000       0.422366       0.577634      -0.072398       0.004764
       8.160000       0.422065       0.577935      -0.072520       0.004853
       8.180000       0.421734       0.578266      -0.072823       0.004805
       8.200000       0.421730       0.578270      -0.073040       0.004483
       8.220000       0.421589       0.578411      -0.073753       0.004598
       8.240000       0.421519       0.578481      -0.074148       0.004704
       8.260000       0.421266       0.578734      -0.074022       0.004544
       8.280000       0.421081       0.578919      -0.074095       0.004880
       8.300000       0.420876       0.579124      -0.074771       0.004808
       8.320000       0.420622       0.579378      -0.074858       0.004882
       8.340000       0.420417       0.579583      -0.074975       0.005072
       8.360000       0.420271       0.579729      -0.075233       0.004884
       8.380000       0.420357       0.579643      -0.075789       0.004346
       8.400000       0.420324       0.579676      -0.075952       0.004227
       8.420000       0.420464       0.579536      -0.076400       0.004011
       8.440000       0.420324       0.579676      -0.077113       0.004109
       8.460000       0.420299       0.579701      -0.077318       0.003839
       8.480000       0.420039       0.579961      -0.077360       0.003947
       8.500000       0.419802       0.580198      -0.077657       0.003666
       8.520000       0.419471       0.580529      -0.077918       0.004095
       8.540000       0.419385       0.580615      -0.078534       0.004033
       8.560000       0.419167       0.580833      -0.078639       0.004037
       8.580000       0.418926       0.581074      -0.078890       0.003892
       8.600000       0.419019       0.580981      -0.079284       0.003965
       8.620000       0.418693       0.581307      -0.079366       0.004019
       8.640000       0.418774       0.581226      -0.080092       0.004292
       8.660000       0.418263       0.581737      -0.080094       0.004411
       8.680000       0.417900       0.582100      -0.080400       0.004512
       8.700000       0.417668       0.582332      -0.080560       0.004824
       8.720000       0.417499       0.582501      -0.081002       0.004606
       8.740000       0.417353       0.582647      -0.081061       0.004705
       8.760000       0.417336       0.582664      -0.081495       0.005278
       8.780000       0.417242       0.582758      -0.081645       0.005049
       8.800000       0.417183       0.582817      -0.081863       0.004874
       8.820000       0.417031       0.582969      -0.082101       0.005488
       8.840000       0.416886       0.583114      -0.082367       0.005138
       8.860000       0.416648       0.583352      -0.082439       0.004910
       8.880000       0.416644       0.583356      -0.082502       0.005226
       8.900000       0.416247       0.583753      -0.082245       0.005615
       8.920000       0.415948       0.584052      -0.082562       0.005798
       8.940000       0.415662       0.584338      -0.082876       0.005089
       8.960000       0.415306       0.584694      -0.082914       0.005320
       8.980000       0.414993       0.585007      -0.082974       0.005168
       9.000000       0.414772       0.585228      -0.082884       0.005411
       9.020000       0.414636       0.585364      -0.082902       0.005309
       9.040000       0.414357       0.585643      -0.083034       0.005512
       9.060000       0.414048       0.585952      -0.082897       0.005541
       9.080000       0.413970       0.586030      -0.082749       0.005190
       9.100000       0.413607       0.586393      -0.082696       0.005233
       9.120000       0.413528       0.586472      -0.082582       0.005163
       9.140000       0.413424       0.586576      -0.082637       0.005032
       9.160000       0.413462       0.586538      -0.082340       0.005298
       9.180000       0.413095       0.586905      -0.082457       0.004984
       9.200000       0.412723       0.587277      -0.083138       0.004715
       9.220000       0.412856       0.587144      -0.083145       0.004647
       9.240000       0.412573       0.587427      -0.083577       0.004762
       9.260000       0.412364       0.587636      -0.083984       0.004991
       9.280000       0.412224       0.587776      -0.084341       0.005168
       9.300000       0.412155       0.587845      -0.084401       0.005010
       9.320000       0.411680       0.588320      -0.084672       0.004656
       9.340000       0.411627       0.588373      -0.084557       0.004328
       9.360000       0.411569       0.588431      -0.084562       0.004798
       9.380000       0.411324       0.588676      -0.084262       0.004853
       9.400000       0.411081       0.588919      -0.083967       0.005186
       9.420000       0.410862       0.589138      -0.084023       0.004942
       9.440000       0.410665       0.589335      -0.083968       0.004945
       9.460000       0.410604       0.589396      -0.084218       0.004651
       9.480000       0.410527       0.589473      -0.084340       0.004516
       9.500000       0.410400       0.589600      -0.084319       0.004660
       9.520000       0.410228       0.589772      -0.084523       0.004486
       9.540000       0.409991       0.590009      -0.084763       0.003894
       9.560000       0.409798       0.590202      -0.084988       0.003852
       9.580000       0.409756       0.590244      -0.084999       0.003720
       9.600000       0.409434       0.590566      -0.085228       0.003770
       9.620000       0.409303       0.590697      -0.085329       0.003222
       9.640000       0.409407       0.590593      -0.085325       0.002922
       9.660000       0.409077       0.590923      -0.086026       0.003560
       9.680000       0.408963       0.591037      -0.086378       0.003441
       9.700000       0.408880       0.591120      -0.086903       0.003011
       9.720000       0.408597       0.591403      -0.087239       0.003318
       9.740000       0.408541       0.591459      -0.087552       0.003218
       9.760000       0.408109       0.591891      -0.087815       0.003206
       9.780000       0.408025       0.591975      -0.088142       0.003805
       9.800000       0.408243       0.591757      -0.088489       0.003920
       9.820000       0.408030       0.591970      -0.088642       0.003617
       9.840000       0.407833       0.592167      -0.088882       0.004024
       9.860000       0.407540       0.592460      -0.088790       0.004228
       9.880000       0.407493       0.592507      -0.088867       0.004210
       9.900000       0.407427       0.592573      -0.089086       0.004331
       9.920000       0.407109       0.592891      -0.088973       0.003991
       9.940000       0.406797       0.593203      -0.088859       0.004022
       9.960000       0.406584       0.593416      -0.088854       0.003598
       9.980000       0.406563       0.593437      -0.089038       0.003064
      10.000000       0.406431       0.593569      -0.088931       0.003052
      10.020000       0.406173       0.593827      -0.089062       0.002884
      10.040000       0.406013       0.593987      -0.089041       0.003055
      10.060000       0.406053       0.593947      -0.089361       0.002870
      10.080000       0.405831       0.594169      -0.089434       0.002303
      10.100000       0.405918       0.594082      -0.089776       0.002717
      10.120000       0.405632       0.594368      -0.089998       0.002572
      10.140000       0.405789       0.594211      -0.090087       0.002727
      10.160000       0.405644       0.594356      -0.090010       0.002760
      10.180000       0.405543       0.594457      -0.090143       0.002808
      10.200000       0.405255       0.594745      -0.090256       0.002683
      10.220000       0.405112       0.594888      -0.090023       0.002475
      10.240000       0.405247       0.594753      -0.090245       0.002167
      10.260000       0.405243       0.594757      -0.090410       0.002255
      10.280000       0.405020       0.594980      -0.090246       0.001979
      10.300000       0.405050       0.594950      -0.090833       0.001307
      10.320000       0.405023       0.594977      -0.091139       0.001417
      10.340000       0.404974       0.595026      -0.091725       0.001947
      10.360000       0.404786       0.595214      -0.091929       0.002292
      10.380000       0.404773       0.595227      -0.092131       0.002147
      10.400000       0.404545       0.595455      -0.092308       0.001842
      10.420000       0.404726       0.595274      -0.092598       0.001842
      10.440000       0.404578       0.595422      -0.093084       0.002189
      10.460000       0.404668       0.595332      -0.093579       0.001630
      10.480000       0.404798       0.595202      -0.093854       0.001904
      10.500000       0.404531       0.595469      -0.094115       0.002266
      10.520000       0.404485       0.595515      -0.094337       0.002156
      10.540000       0.404518       0.595482      -0.094573       0.002232
      10.560000       0.404403       0.595597      -0.094523       0.002616
      10.580000       0.404385       0.595615      -0.094443       0.002842
      10.600000       0.404225       0.595775      -0.094816       0.002976
      10.620000       0.404149       0.595851      -0.094740       0.002803
      10.640000       0.403958       0.596042      -0.095069       0.003192
      10.660000       0.403812       0.596188      -0.095175       0.003392
      10.680000       0.403470       0.596530      -0.095093       0.002763
      10.700000       0.403373       0.596627      -0.095370       0.002570
      10.720000       0.403379       0.596621      -0.095705       0.003075
      10.740000       0.403239       0.596761      -0.095622       0.002670
      10.760000       0.403280       0.596720      -0.095694       0.002509
      10.780000       0.403130       0.596870      -0.095854       0.003300
      10.800000       0.402910       0.597090      -0.095830       0.003269
      10.820000       0.402665       0.597335      -0.095880       0.003612
      10.840000       0.402157       0.597843      -0.096145       0.004181
      10.860000       0.402199       0.597801      -0.096237       0.004520
      10.880000       0.401885       0.598115      -0.096553       0.004753
      10.900000       0.401733       0.598267      -0.096282       0.004495
      10.920000       0.401705       0.598295      -0.096329       0.004305
      10.940000       0.401473       0.598527      -0.096207       0.004416
      10.960000       0.401160       0.598840      -0.096568       0.004295
      10.980000       0.401127       0.598873      -0.096557       0.004322
      11.000000       0.400908       0.599092      -0.096663       0.004210
      11.020000       0.400891       0.599109      -0.096593       0.004004
      11.040000       0.400852       0.599148      -0.096710       0.003688
      11.060000       0.400769       0.599231      -0.096540       0.003681
      11.080000       0.400537       0.599463      -0.096378       0.003267
      11.100000       0.400519       0.599481      -0.096310       0.002946
      11.120000       0.400575       0.599425      -0.096456       0.003105
      11.140000       0.400381       0.599619      -0.096298       0.003678
      11.160000       0.400454       0.599546      -0.096291       0.003428
      11.180000       0.400248       0.599752      -0.096681       0.003576
      11.200000       0.400144       0.599856      -0.096905       0.003748
      11.220000       0.399814       0.600186      -0.097035       0.003988
      11.240000       0.399502       0.600498      -0.097212       0.003808
      11.260000       0.399326       0.600674      -0.097143       0.003892
      11.280000       0.399296       0.600704      -0.097436       0.003566
      11.300000       0.398977       0.601023      -0.097508       0.003496
      11.320000       0.398718       0.601282      -0.097764       0.003037
      11.340000       0.398500       0.601500      -0.097624       0.002856
      11.360000       0.398211       0.601789      -0.097580       0.002931
      11.380000       0.398232       0.601768      -0.097682       0.002795
      11.400000       0.398356       0.601644      -0.097789       0.003136
      11.420000       0.398198       0.601802      -0.097742       0.002828
      11.440000       0.398328       0.601672      -0.097866       0.002502
      11.460000       0.398199       0.601801      -0.097806       0.002320
      11.480000       0.397998       0.602002      -0.097527       0.001856
      11.500000       0.397882       0.602118      -0.097608       0.001971
      11.520000       0.398012       0.601988      -0.097220       0.001726
      11.540000       0.397971       0.602029      -0.097282       0.001626
      11.560000       0.397767       0.602233      -0.097001       0.001586
      11.580000       0.397732       0.602268      -0.097034       0.001651
      11.600000       0.397627       0.602373      -0.097189       0.001243
      11.620000       0.397503       0.602497      -0.097326       0.001608
      11.640000       0.397511       0.602489      -0.097470       0.001551
      11.660000       0.397327       0.602673      -0.097906       0.001672
      11.680000       0.397161       0.602839      -0.097658       0.001446
      11.700000       0.396988       0.603012      -0.097838       0.001716
      11.720000       0.396653       0.603347      -0.097856       0.001483
      11.740000       0.396601       0.603399      -0.098083       0.000922
      11.760000       0.396514       0.603486      -0.098490       0.001191
      11.780000       0.396547       0.603453      -0.098747       0.001201
      11.800000       0.396687       0.603313      -0.098654       0.001271
      11.820000       0.396636       0.603364      -0.098668       0.001306
      11.840000       0.396478       0.603522      -0.098803       0.000905
      11.860000       0.396445       0.603555      -0.099141       0.001485
      11.880000       0.396568       0.603432      -0.099475       0.001335
      11.900000       0.396470       0.603530      -0.099513       0.001441
      11.920000       0.396428       0.603572      -0.099558       0.001422
      11.940000       0.396615       0.603385      -0.099468       0.001500
      11.960000       0.396313       0.603687      -0.099744       0.001159
      11.980000       0.396335       0.603665      -0.099448       0.000918
      12.000000       0.396225       0.603775      -0.099984       0.000572
      12.020000       0.396369       0.603631      -0.100278       0.000653
      12.040000       0.396424       0.603576      -0.100611       0.001401
      12.060000       0.396255       0.603745      -0.100821       0.001463
      12.080000       0.396341       0.603659      -0.100329       0.001327
      12.100000       0.396511       0.603489      -0.100804       0.001132
      12.120000       0.396384       0.603616      -0.101034       0.001259
      12.140000       0.396267       0.603733      -0.101023       0.001333
      12.160000       0.396249       0.603751      -0.101247       0.001923
      12.180000       0.396042       0.603958      -0.101228       0.002188
      12.200000       0.396031       0.603969      -0.101340       0.002719
      12.220000       0.396191       0.603809      -0.101334       0.003138
      12.240000       0.396190       0.603810      -0.101323       0.003130
      12.260000       0.395930       0.604070      -0.101250       0.003257
      12.280000       0.395772       0.604228      -0.101058       0.003369
      12.300000       0.395849       0.604151      -0.100980       0.003287
      12.320000       0.395620       0.604380      -0.100864       0.003409
      12.340000       0.395413       0.604587      -0.100948       0.003493
      12.360000       0.395456       0.604544      -0.101207       0.003257
      12.380000       0.395266       0.604734      -0.101400       0.002671
      12.400000       0.395218       0.604782      -0.101372       0.002212
      12.420000       0.394932       0.605068      -0.101646       0.002335
      12.440000       0.394655       0.605345      -0.101897       0.002416
      12.460000       0.394624       0.605376      -0.102253       0.002180
      12.480000       0.394833       0.605167      -0.102309       0.002541
      12.500000       0.394614       0.605386      -0.102215       0.001942
      12.520000       0.394515       0.605485      -0.102346       0.001715
      12.540000       0.394204       0.605796      -0.102440       0.001315
      12.560000       0.393910       0.606090      -0.102141       0.001397
      12.580000       0.393875       0.606125      -0.102226       0.001706
      12.600000       0.393958       0.606042      -0.102248       0.002049
      12.620000       0.393732       0.606268      -0.102094       0.002290
      12.640000       0.393450       0.606550      -0.101888       0.002179
      12.660000       0.393535       0.606465      -0.101929       0.002267
      12.680000       0.393533       0.606467      -0.101919       0.002186
      12.700000       0.393457       0.606543      -0.101861       0.002608
      12.720000       0.393428       0.606572      -0.102280       0.002293
      12.740000       0.393556       0.606444      -0.102295       0.002174
      12.760000       0.393401       0.606599      -0.102339       0.002126
      12.780000       0.393265       0.606735      -0.102148       0.001788
      12.800000       0.393045       0.606955      -0.102378       0.001765
      12.820000       0.393006       0.606994      -0.102885       0.001542
      12.840000       0.392988       0.607012      -0.102485       0.001402
      12.860000       0.392729       0.607271      -0.103058       0.001447
      12.880000       0.392941       0.607059      -0.103413       0.001517
      12.900000       0.392973       0.607027      -0.103519       0.001565
      12.920000       0.393323       0.606677      -0.103520       0.001506
      12.940000       0.393028       0.606972      -0.103674       0.001822
      12.960000       0.392908       0.607092      -0.103694       0.001172
      12.980000       0.393154       0.606846      -0.103901       0.000979
      13.000000       0.393026       0.606974      -0.104177       0.000999
      13.020000       0.392903       0.607097      -0.104291       0.001378
      13.040000       0.392855       0.607145      -0.104225       0.001555
      13.060000       0.392863       0.607137      -0.104631       0.000809
      13.080000       0.392913       0.607087      -0.105210       0.000645
      13.100000       0.392909       0.607091      -0.105085       0.001043
      13.120000       0.393010       0.606990      -0.105101       0.001258
      13.140000       0.392832       0.607168      -0.105212       0.001357
      13.160000       0.392996       0.607004      -0.105122       0.001466
      13.180000       0.392974       0.607026      -0.105358       0.002099
      13.200000       0.392957       0.607043      -0.105353       0.002337
      13.220000       0.392916       0.607084      -0.105317       0.002315
      13.240000       0.392705       0.607295      -0.105145       0.002570
      13.260000       0.392297       0.607703      -0.105431       0.002506
      13.280000       0.392356       0.607644      -0.105695       0.002098
      13.300000       0.392458       0.607542      -0.105876       0.002275
      13.320000       0.392240       0.607760      -0.105999       0.002746
      13.340000       0.392015       0.607985      -0.105952       0.002880
      13.360000       0.391985       0.608015      -0.105774       0.003129
      13.380000       0.391855       0.608145      -0.105594       0.002858
      13.400000       0.391745       0.608255      -0.105353       0.003194
      13.420000       0.391768       0.608232      -0.105131       0.003298
      13.440000       0.391295       0.608705      -0.105032       0.003036
      13.460000       0.391254       0.608746      -0.105036       0.003291
      13.480000       0.391028       0.608972      -0.104773       0.002730
      13.500000       0.391097       0.608903      -0.104886       0.002079
      13.520000       0.390915       0.609085      -0.104792       0.001604
      13.540000       0.390813       0.609187      -0.104687       0.001501
      13.560000       0.390843       0.609157      -0.104692       0.001243
      13.580000       0.390888       0.609112      -0.104742       0.001299
      13.600000       0.390637       0.609363      -0.104888       0.001496
      13.620000       0.390465       0.609535      -0.105058       0.001153
      13.640000       0.390232       0.609768      -0.105179       0.001101
      13.660000       0.390166       0.609834      -0.105674       0.001165
      13.680000       0.390254       0.609746      -0.105701       0.000937
      13.700000       0.390193       0.609807      -0.106065       0.000753
      13.720000       0.390018       0.609982      -0.106472       0.000557
      13.740000       0.389898       0.610102      -0.106410       0.000507
      13.760000       0.389871       0.610129      -0.106446       0.000125
      13.780000       0.390044       0.609956      -0.106636       0.000141
      13.800000       0.390310       0.609690      -0.106891      -0.000046
      13.820000       0.390453       0.609547      -0.107095       0.000162
      13.840000       0.390305       0.609695      -0.107046       0.000392
      13.860000       0.390095       0.609905      -0.106762       0.000742
      13.880000       0.390042       0.609958      -0.106792       0.000727
      13.900000       0.390067       0.609933      -0.107012       0.000152
      13.920000       0.389841       0.610159      -0.107235       0.000250
      13.940000       0.390086       0.609914      -0.107479      -0.000036
      13.960000       0.390129       0.609871      -0.107875       0.000183
      13.980000       0.390020       0.609980      -0.107984       0.000758
      14.000000       0.390165       0.609835      -0.108197       0.000845
      14.020000       0.390360       0.609640      -0.108217       0.001304
      14.040000       0.390284       0.609716      -0.108553       0.001507
      14.060000       0.390313       0.609687      -0.108428       0.002025
      14.080000       0.390241       0.609759      -0.108330       0.002128
      14.100000       0.389980       0.610020      -0.108330       0.001597
      14.120000       0.389688       0.610312      -0.108216       0.001876
      14.140000       0.389891       0.610109      -0.108254       0.001587
      14.160000       0.389812       0.610188      -0.108343       0.002239
      14.180000       0.390000       0.610000      -0.108794       0.001834
      14.200000       0.389933       0.610067      -0.108897       0.001970
      14.220000       0.389915       0.610085      -0.108902       0.002195
      14.240000       0.389576       0.610424      -0.108832       0.002444
      14.260000       0.389458       0.610542      -0.109242       0.002260
      14.280000       0.389396       0.610604      -0.109312       0.002070
      14.300000       0.389197       0.610803      -0.109037       0.002246
      14.320000       0.388929       0.611071      -0.108936       0.002586
      14.340000       0.388654       0.611346      -0.108856       0.002178
      14.360000       0.388540       0.611460      -0.108990       0.002493
      14.380000       0.388727       0.611273      -0.109087       0.002462
      14.400000       0.388569       0.611431      -0.109004       0.001974
      14.420000       0.388298       0.611702      -0.108983       0.002021
      14.440000       0.388413       0.611587      -0.108636       0.001593
      14.460000       0.388308       0.611692      -0.108993       0.001695
      14.480000       0.388179       0.611821      -0.109499       0.001963
      14.500000       0.387786       0.612214      -0.109441       0.001146
      14.520000       0.387716       0.612284      -0.109640       0.001194
      14.540000       0.387680       0.612320      -0.109765       0.001319
      14.560000       0.387518       0.612482      -0.109688       0.001722
      14.580000       0.387518       0.612482      -0.110070       0.001707
      14.600000       0.387763       0.612237      -0.109800       0.001846
      14.620000       0.387791       0.612209      -0.109378       0.001293
      14.640000       0.387839       0.612161      -0.109616       0.001319
      14.660000       0.387793       0.612207      -0.109603       0.001029
      14.680000       0.387721       0.612279      -0.109688       0.000687
      14.700000       0.387788       0.612212      -0.109836       0.000214
      14.720000       0.387913       0.612087      -0.109727       0.000554
      14.740000       0.387846       0.612154      -0.109901      -0.000047
      14.760000       0.387837       0.612163      -0.109912      -0.000649
      14.780000       0.387909       0.612091      -0.109630      -0.000562
      14.800000       0.387774       0.612226      -0.109639      -0.000591
      14.820000       0.387595       0.612405      -0.109392      -0.000921
      14.840000       0.387502       0.612498      -0.109792      -0.001057
      14.860000       0.387363       0.612637      -0.110136      -0.000801
      14.880000       0.387332       0.612668      -0.110130      -0.000965
      14.900000       0.387433       0.612567      -0.110070      -0.001305
      14.920000       0.387643       0.612357      -0.110323      -0.001349
      14.940000       0.387741       0.612259      -0.110253      -0.001308
      14.960000       0.387886       0.612114      -0.110543      -0.000796
      14.980000       0.387908       0.612092      -0.110603      -0.000577
      15.000000       0.387964       0.612036      -0.110353      -0.000619
      15.020000       0.388118       0.611882      -0.110282      -0.000932
      15.040000       0.388404       0.611596      -0.110168      -0.000575
      15.060000       0.388515       0.611485      -0.109839      -0.001164
      15.080000       0.388348       0.611652      -0.109790      -0.000991
      15.100000       0.388546       0.611454      -0.110104      -0.000999
      15.120000       0.388581       0.611419      -0.110238      -0.000875
      15.140000       0.388536       0.611464      -0.110373      -0.000934
      15.160000       0.388327       0.611673      -0.110406      -0.000378
      15.180000       0.388270       0.611730      -0.110617      -0.000045
      15.200000       0.388350       0.611650      -0.110361       0.000195
      15.220000       0.388095       0.611905      -0.110277       0.000589
      15.240000       0.387972       0.612028      -0.110336       0.000466
      15.260000       0.387902       0.612098      -0.110254       0.001002
      15.280000       0.387800       0.612200      -0.110754       0.001056
      15.300000       0.387698       0.612302      -0.110719       0.000933
      15.320000       0.388001       0.611999      -0.110808       0.001081
      15.340000       0.387857       0.612143      -0.110921       0.000900
      15.360000       0.387656       0.612344      -0.110945       0.000571
      15.380000       0.387949       0.612051      -0.110642       0.000817
      15.400000       0.387797       0.612203      -0.110938       0.001283
      15.420000       0.388027       0.611973      -0.110835       0.001507
      15.440000       0.387972       0.612028      -0.111035       0.001304
      15.460000       0.387873       0.612127      -0.111512       0.001518
      15.480000       0.388022       0.611978      -0.111611       0.001449
      15.500000       0.387867       0.612133      -0.111732       0.001148
      15.520000       0.387999       0.612001      -0.111821       0.000839
      15.540000       0.387995       0.612005      -0.111962       0.001080
      15.560000       0.387924       0.612076      -0.111749       0.001066
      15.580000       0.387949       0.612051      -0.111663       0.000375
      15.600000       0.387876       0.612124      -0.111607       0.000549
      15.620000       0.387556       0.612444      -0.111623       0.000420
      15.640000       0.387696       0.612304      -0.111855       0.000836
      15.660000       0.387666       0.612334      -0.111649       0.001303
      15.680000       0.387648       0.612352      -0.111593       0.001107
      15.700000       0.387410       0.612590      -0.111584       0.001228
      15.720000       0.387406       0.612594      -0.111292       0.001092
      15.740000       0.387407       0.612593      -0.111385       0.001160
      15.760000       0.387389       0.612611      -0.111694       0.001295
      15.780000       0.387338       0.612662      -0.111457       0.001238
      15.800000       0.387192       0.612808      -0.111573       0.001597
      15.820000       0.387311       0.612689      -0.111565       0.001644
      15.840000       0.387037       0.612963      -0.111029       0.001631
      15.860000       0.387044       0.612956      -0.111149       0.001551
      15.880000       0.386994       0.613006      -0.111231       0.001867
      15.900000       0.387169       0.612831      -0.111130       0.001634
      15.920000       0.387209       0.612791      -0.110979       0.001638
      15.940000       0.387288       0.612712      -0.111057       0.001742
      15.960000       0.387219       0.612781      -0.111353       0.001730
      15.980000       0.387025       0.612975      -0.111337       0.001615
      16.000000       0.386986       0.613014      -0.111437       0.001780
      16.020000       0.386677       0.613323      -0.111435       0.001640
      16.040000       0.386848       0.613152      -0.111432       0.001498
      16.060000       0.386671       0.613329      -0.111636       0.001669
      16.080000       0.386695       0.613305      -0.111857       0.001563
      16.100000       0.386673       0.613327      -0.112016       0.001879
      16.120000       0.386414       0.613586      -0.112301       0.001875
      16.140000       0.386352       0.613648      -0.112124       0.001989
      16.160000       0.386359       0.613641      -0.112050       0.002149
      16.180000       0.386296       0.613704      -0.112335       0.002068
      16.200000       0.386162       0.613838      -0.112180       0.002328
      16.220000       0.386142       0.613858      -0.112109       0.002367
      16.240000       0.386005       0.613995      -0.112046       0.002258
      16.260000       0.385868       0.614132      -0.111919       0.002261
      16.280000       0.385767       0.614233      -0.111891       0.002250
      16.300000       0.385617       0.614383      -0.111700       0.002223
      16.320000       0.385426       0.614574      -0.112010       0.002520
      16.340000       0.385233       0.614767      -0.111951       0.002342
      16.360000       0.384990       0.615010      -0.112001       0.002194
      16.380000       0.384793       0.615207      -0.111910       0.001895
      16.400000       0.385140       0.614860      -0.111905       0.001342
      16.420000       0.385334       0.614666      -0.111624       0.001467
      16.440000       0.385455       0.614545      -0.111601       0.001202
      16.460000       0.385413       0.614587      -0.111353       0.000923
      16.480000       0.385286       0.614714      -0.111240       0.000843
      16.500000       0.385207       0.614793      -0.111278       0.000624
      16.520000       0.385310       0.614690      -0.111491      -0.000118
      16.540000       0.385247       0.614753      -0.111436      -0.000130
      16.560000       0.385319       0.614681      -0.111701      -0.000493
      16.580000       0.385091       0.614909      -0.111809      -0.000378
      16.600000       0.385284       0.614716      -0.112055       0.000139
      16.620000       0.385136       0.614864      -0.112006       0.000471
      16.640000       0.384842       0.615158      -0.112008       0.000927
      16.660000       0.384755       0.615245      -0.112399       0.001168
      16.680000       0.384555       0.615445      -0.112092       0.001482
      16.700000       0.384649       0.615351      -0.112270       0.001328
      16.720000       0.384596       0.615404      -0.112481       0.001221
      16.740000       0.384586       0.615414      -0.112275       0.001301
      16.760000       0.384457       0.615543      -0.112139       0.001360
      16.780000       0.384444       0.615556      -0.112046       0.001639
      16.800000       0.384489       0.615511      -0.112138       0.002134
      16.820000       0.384594       0.615406      -0.112083       0.001916
      16.840000       0.384664       0.615336      -0.111996       0.001347
      16.860000       0.384584       0.615416      -0.111899       0.001365
      16.880000       0.384376       0.615624      -0.111843       0.001008
      16.900000       0.384345       0.615655      -0.112157       0.001193
      16.920000       0.384306       0.615694      -0.112201       0.001106
      16.940000       0.384492       0.615508      -0.112306       0.001136
      16.960000       0.384388       0.615612      -0.112267       0.001414
      16.980000       0.384317       0.615683      -0.112318       0.001396
      17.000000       0.384289       0.615711      -0.111921       0.000766
      17.020000       0.384047       0.615953      -0.112276      -0.000132
      17.040000       0.383981       0.616019      -0.112293      -0.000262
      17.060000       0.383732       0.616268      -0.112501      -0.000312
      17.080000       0.383778       0.616222      -0.112098      -0.000410
      17.100000       0.383920       0.616080      -0.112326      -0.001087
      17.120000       0.383962       0.616038      -0.112127      -0.000865
      17.140000       0.384313       0.615687      -0.112190      -0.000599
      17.160000       0.384383       0.615617      -0.111939      -0.001077
      17.180000       0.384086       0.615914      -0.112334      -0.001158
      17.200000       0.384051       0.615949      -0.112399      -0.001092
      17.220000       0.383746       0.616254      -0.112645      -0.000308
      17.240000       0.383647       0.616353      -0.112615       0.000116
      17.260000       0.383924       0.616076      -0.112592       0.000438
      17.280000       0.384100       0.615900      -0.112692       0.000251
      17.300000       0.384363       0.615637      -0.112508       0.000057
      17.320000       0.384392       0.615608      -0.112399      -0.000186
      17.340000       0.384173       0.615827      -0.112620      -0.000219
      17.360000       0.384280       0.615720      -0.112938      -0.000416
      17.380000       0.384109       0.615891      -0.113108      -0.000353
      17.400000       0.384299       0.615701      -0.113758      -0.000946
      17.420000       0.384367       0.615633      -0.113805      -0.000560
      17.440000       0.384402       0.615598      -0.113994      -0.000811
      17.460000       0.384360       0.615640      -0.114191      -0.000741
      17.480000       0.384490       0.615510      -0.113948      -0.000861
      17.500000       0.384348       0.615652      -0.113846      -0.000821
      17.520000       0.384579       0.615421      -0.113593      -0.001099
      17.540000       0.384357       0.615643      -0.113446      -0.001443
      17.560000       0.384617       0.615383      -0.113424      -0.001625
      17.580000       0.384715       0.615285      -0.113556      -0.000994
      17.600000       0.385065       0.614935      -0.113558      -0.000652
      17.620000       0.385159       0.614841      -0.113415      -0.000080
      17.640000       0.385266       0.614734      -0.113856       0.000197
      17.660000       0.385119       0.614881      -0.113774       0.000285
      17.680000       0.384994       0.615006      -0.114003       0.000502
      17.700000       0.384967       0.615033      -0.113888       0.000500
      17.720000       0.384508       0.615492      -0.113818       0.000528
      17.740000       0.384655       0.615345      -0.113636       0.000559
      17.760000       0.384832       0.615168      -0.113971       0.000664
      17.780000       0.384738       0.615262      -0.113987       0.000396
      17.800000       0.385009       0.614991      -0.113935       0.000230
      17.820000       0.385195       0.614805      -0.113995       0.000155
      17.840000       0.385157       0.614843      -0.113538       0.000305
      17.860000       0.385179       0.614821      -0.113620       0.000665
      17.880000       0.385109       0.614891      -0.113996       0.000077
      17.900000       0.384991       0.615009      -0.113636       0.000298
      17.920000       0.384800       0.615200      -0.113787       0.000735
      17.940000       0.384834       0.615166      -0.113707       0.000892
      17.960000       0.384606       0.615394      -0.113869       0.000947
      17.980000       0.384250       0.615750      -0.113993       0.001198
      18.000000       0.383954       0.616046      -0.113985       0.001862
      18.020000       0.383771       0.616229      -0.113960       0.002168
      18.040000       0.383892       0.616108      -0.114157       0.001840
      18.060000       0.383958       0.616042      -0.114017       0.001781
      18.080000       0.383945       0.616055      -0.113484       0.001776
      18.100000       0.383998       0.616002      -0.113139       0.001967
      18.120000       0.383967       0.616033      -0.113200       0.001901
      18.140000       0.383882       0.616118      -0.112981       0.001989
      18.160000       0.383794       0.616206      -0.112936       0.001932
      18.180000       0.383669       0.616331      -0.113199       0.002121
      18.200000       0.383616       0.616384      -0.113120       0.002026
      18.220000       0.383563       0.616437      -0.113207       0.001465
      18.240000       0.383501       0.616499      -0.113262       0.000948
      18.260000       0.383627       0.616373      -0.113752       0.000795
      18.280000       0.383530       0.616470      -0.113407       0.000887
      18.300000       0.383566       0.616434      -0.114060       0.000684
      18.320000       0.383376       0.616624      -0.114251       0.000323
      18.340000       0.383337       0.616663      -0.114103      -0.000051
      18.360000       0.383166       0.616834      -0.114418       0.000087
      18.380000       0.383212       0.616788      -0.114552      -0.000065
      18.400000       0.383158       0.616842      -0.114553      -0.000586
      18.420000       0.382862       0.617138      -0.114569      -0.000913
      18.440000       0.383041       0.616959      -0.114646      -0.000963
      18.460000       0.382914       0.617086      -0.115110      -0.001021
      18.480000       0.383058       0.616942      -0.115482      -0.001056
      18.500000       0.383052       0.616948      -0.115463      -0.001275
      18.520000       0.383274       0.616726      -0.115707      -0.000826
      18.540000       0.383331       0.616669      -0.115883      -0.000795
      18.560000       0.383206       0.616794      -0.115852      -0.000938
      18.580000       0.383104       0.616896      -0.116000      -0.001089
      18.600000       0.383000       0.617000      -0.115893      -0.001073
      18.620000       0.383198       0.616802      -0.115666      -0.001349
      18.640000       0.383016       0.616984      -0.115452      -0.000869
      18.660000       0.383348       0.616652      -0.115380      -0.000426
      18.680000       0.383467       0.616533      -0.115447      -0.000519
      18.700000       0.383438       0.616562      -0.115529      -0.000310
      18.720000       0.383514       0.616486      -0.115062      -0.000100
      18.740000       0.383657       0.616343      -0.115101      -0.000711
      18.760000       0.383882       0.616118      -0.115389      -0.000733
      18.780000       0.383700       0.616300      -0.115528      -0.000529
      18.800000       0.383702       0.616298      -0.115933      -0.000377
      18.820000       0.383839       0.616161      -0.115661      -0.000324
      18.840000       0.383996       0.616004      -0.115821      -0.000314
      18.860000       0.383777       0.616223      -0.116261       0.000001
      18.880000       0.383746       0.616254      -0.116380       0.000230
      18.900000       0.383855       0.616145      -0.116358       0.000732
      18.920000       0.383876       0.616124      -0.116195       0.000750
      18.940000       0.383474       0.616526      -0.116113       0.000834
      18.960000       0.383448       0.616552      -0.115815       0.001256
      18.980000       0.383434       0.616566      -0.115739       0.001269
      19.000000       0.383645       0.616355      -0.115429       0.001067
      19.020000       0.383710       0.616290      -0.115192       0.000864
      19.040000       0.383666       0.616334      -0.114953       0.001190
      19.060000       0.383657       0.616343      -0.114722       0.000974
      19.080000       0.383620       0.616380      -0.114511       0.000719
      19.100000       0.383655       0.616345      -0.114481       0.000965
      19.120000       0.383682       0.616318      -0.114629       0.001543
      19.140000       0.383646       0.616354      -0.114843       0.001267
      19.160000       0.383481       0.616519      -0.114689       0.000914
      19.180000       0.383376       0.616624      -0.114809       0.001251
      19.200000       0.383339       0.616661      -0.114786       0.001326
      19.220000       0.383242       0.616758      -0.114755       0.001204
      19.240000       0.383216       0.616784      -0.114841       0.001015
      19.260000       0.383116       0.616884      -0.114961       0.000895
      19.280000       0.383112       0.616888      -0.115377       0.000839
      19.300000       0.383141       0.616859      -0.115705       0.000844
      19.320000       0.383207       0.616793      -0.115463       0.000821
      19.340000       0.383008       0.616992      -0.115458       0.000650
      19.360000       0.383069       0.616931      -0.115540       0.000918
      19.380000       0.383137       0.616863      -0.115698       0.000777
      19.400000       0.383004       0.616996      -0.115660       0.000784
      19.420000       0.383089       0.616911      -0.115909       0.000741
      19.440000       0.382951       0.617049      -0.116028       0.000707
      19.460000       0.382857       0.617143      -0.115786       0.000908
      19.480000       0.382728       0.617272      -0.115451       0.000757
      19.500000       0.382586       0.617414      -0.115215       0.001387
      19.520000       0.382832       0.617168      -0.115473       0.001285
      19.540000       0.382773       0.617227      -0.115247       0.001077
      19.560000       0.382884       0.617116      -0.115100       0.001128
      19.580000       0.382901       0.617099      -0.115364       0.001007
      19.600000       0.382820       0.617180      -0.115196       0.000784
      19.620000       0.382885       0.617115      -0.115117       0.001153
      19.640000       0.382863       0.617137      -0.115111       0.001001
      19.660000       0.382752       0.617248      -0.115026       0.000703
      19.680000       0.382817       0.617183      -0.115328       0.000195
      19.700000       0.382572       0.617428      -0.114845       0.000400
      19.720000       0.382488       0.617512      -0.114569       0.000053
      19.740000       0.382492       0.617508      -0.114396       0.000427
      19.760000       0.382526       0.617474      -0.114318       0.000569
      19.780000       0.382492       0.617508      -0.114246       0.000493
      19.800000       0.382733       0.617267      -0.113964       0.000489
      19.820000       0.382783       0.617217      -0.113767      -0.000035
      19.840000       0.383023       0.616977      -0.114051      -0.000328
      19.860000       0.383072       0.616928      -0.114308      -0.000485
      19.880000       0.382802       0.617198      -0.114291      -0.000584
      19.900000       0.382669       0.617331      -0.114485      -0.000783
      19.920000       0.382551       0.617449      -0.114631      -0.000826
      19.940000       0.382732       0.617268      -0.114490      -0.000749
      19.960000       0.382935       0.617065      -0.114499      -0.001025
      19.980000       0.383046       0.616954      -0.114807      -0.001352
      20.000000       0.383190       0.616810      -0.114989      -0.001766
