       0.000000       1.000000      -0.000000      -0.000355      -0.000052
       0.050000       0.997510       0.002490       0.002164       0.049730
       0.100000       0.990104       0.009896       0.009507       0.098016
       0.150000       0.978003       0.021997       0.021255       0.143426
       0.200000       0.961555       0.038445       0.036811       0.184757
       0.250000       0.941221       0.058780       0.055468       0.221015
       0.300000       0.917547       0.082453       0.076430       0.251434
       0.350000       0.891146       0.108854       0.098822       0.275498
       0.400000       0.862668       0.137332       0.121727       0.292952
       0.450000       0.832776       0.167224       0.144254       0.303784
       0.500000       0.802125       0.197875       0.165615       0.308193
       0.550000       0.771339       0.228661       0.185153       0.306559
       0.600000       0.740998       0.259003       0.202332       0.299406
       0.650000       0.711621       0.288380       0.216723       0.287381
       0.700000       0.683659       0.316341       0.228012       0.271223
       0.750000       0.657488       0.342513       0.236027       0.251717
       0.800000       0.633401       0.366599       0.240761       0.229646
       0.850000       0.611619       0.388381       0.242342       0.205758
       0.900000       0.592287       0.407714       0.240972       0.180766
       0.950000       0.575480       0.424520       0.236890       0.155350
       1.000000       0.561209       0.438791       0.230374       0.130146
       1.050000       0.549425       0.450575       0.221761       0.105703
       1.100000       0.540029       0.459972       0.211450       0.082458
       1.150000       0.532883       0.467117       0.199864       0.060729
       1.200000       0.527824       0.472176       0.187395       0.040755
       1.250000       0.524667       0.475333       0.174384       0.022732
       1.300000       0.523208       0.476792       0.161139       0.006812
       1.350000       0.523231       0.476769       0.147942      -0.006905
       1.400000       0.524515       0.475486       0.135052      -0.018401
       1.450000       0.526839       0.473161       0.122688      -0.027731
       1.500000       0.529993       0.470008       0.111012      -0.035010
       1.550000       0.533777       0.466223       0.100141      -0.040365
       1.600000       0.538006       0.461994       0.090167      -0.043927
       1.650000       0.542507       0.457493       0.081164      -0.045838
       1.700000       0.547124       0.452876       0.073168      -0.046264
       1.750000       0.551717       0.448284       0.066162      -0.045388
       1.800000       0.556164       0.443836       0.060086      -0.043394
       1.850000       0.560364       0.439637       0.054861      -0.040451
       1.900000       0.564228       0.435772       0.050417      -0.036715
       1.950000       0.567685       0.432315       0.046681      -0.032332
       2.000000       0.570678       0.429323       0.043572      -0.027442
       2.050000       0.573161       0.426839       0.040999      -0.022169
       2.100000       0.575102       0.424898       0.038878      -0.016615
       2.150000       0.576477       0.423523       0.037139      -0.010867
       2.200000       0.577272       0.422728       0.035728      -0.005012
       2.250000       0.577479       0.422521       0.034593       0.000856
       2.300000       0.577103       0.422897       0.033672       0.006642
       2.350000       0.576156       0.423844       0.032907       0.012270
       2.400000       0.574656       0.425344       0.032261       0.017682
       2.450000       0.572628       0.427372       0.031715       0.022831
       2.500000       0.570101       0.429900       0.031257       0.027670
       2.550000       0.567106       0.432894       0.030859       0.032154
       2.600000       0.563683       0.436317       0.030483       0.036240
       2.650000       0.559873       0.440127       0.030098       0.039890
       2.700000       0.555721       0.444280       0.029690       0.043070
       2.750000       0.551276       0.448725       0.029265       0.045746
       2.800000       0.546589       0.453411       0.028826       0.047887
       2.850000       0.541717       0.458283       0.028358       0.049470
       2.900000       0.536714       0.463286       0.027828       0.050498
       2.950000       0.531635       0.468365       0.027206       0.050992
       3.000000       0.526532       0.473468       0.026474       0.050983
       3.050000       0.521454       0.478546       0.025625       0.050500
       3.100000       0.516447       0.483553       0.024650       0.049568
       3.150000       0.511555       0.488445       0.023536       0.048211
       3.200000       0.506818       0.493182       0.022268       0.046472
       3.250000       0.502272       0.497729       0.020834       0.044404
       3.300000       0.497946       0.502055       0.019236       0.042072
       3.350000       0.493864       0.506136       0.017481       0.039535
       3.400000       0.490044       0.509956       0.015577       0.036845
       3.450000       0.486498       0.513502       0.013532       0.034049
       3.500000       0.483236       0.516764       0.011355       0.031187
       3.550000       0.480262       0.519738       0.009057       0.028303
       3.600000       0.477575       0.522425       0.006659       0.025445
       3.650000       0.475170       0.524830       0.004184       0.022659
       3.700000       0.473040       0.526961       0.001641       0.019979
       3.750000       0.471170       0.528830      -0.000967       0.017429
       3.800000       0.469549       0.530452      -0.003637       0.015035
       3.850000       0.468157       0.531843      -0.006350       0.012829
       3.900000       0.466976       0.533025      -0.009079       0.010838
       3.950000       0.465982       0.534019      -0.011799       0.009080
       4.000000       0.465151       0.534849      -0.014503       0.007577
       4.050000       0.464457       0.535543      -0.017188       0.006348
       4.100000       0.463872       0.536128      -0.019840       0.005403
       4.150000       0.463367       0.536633      -0.022436       0.004735
       4.200000       0.462916       0.537084      -0.024951       0.004319
       4.250000       0.462496       0.537504      -0.027367       0.004125
       4.300000       0.462085       0.537916      -0.029676       0.004134
       4.350000       0.461662       0.538338      -0.031873       0.004344
       4.400000       0.461209       0.538791      -0.033948       0.004750
       4.450000       0.460707       0.539294      -0.035893       0.005326
       4.500000       0.460140       0.539861      -0.037713       0.006031
       4.550000       0.459497       0.540503      -0.039422       0.006829
       4.600000       0.458771       0.541229      -0.041025       0.007701
       4.650000       0.457955       0.542045      -0.042517       0.008634
       4.700000       0.457043       0.542957      -0.043894       0.009605
       4.750000       0.456034       0.543966      -0.045167       0.010584
       4.800000       0.454927       0.545073      -0.046366       0.011549
       4.850000       0.453725       0.546276      -0.047516       0.012495
       4.900000       0.452429       0.547571      -0.048615       0.013417
       4.950000       0.451043       0.548958      -0.049639       0.014298
       5.000000       0.449572       0.550428      -0.050580       0.015095
       5.050000       0.448028       0.551972      -0.051462       0.015760
       5.100000       0.446425       0.553575      -0.052327       0.016268
       5.150000       0.444780       0.555221      -0.053205       0.016626
       5.200000       0.443104       0.556896      -0.054097       0.016865
       5.250000       0.441409       0.558591      -0.054990       0.017016
       5.300000       0.439703       0.560297      -0.055869       0.017095
       5.350000       0.437993       0.562008      -0.056736       0.017104
       5.400000       0.436285       0.563715      -0.057603       0.017039
       5.450000       0.434587       0.565413      -0.058486       0.016899
       5.500000       0.432908       0.567093      -0.059391       0.016682
       5.550000       0.431254       0.568747      -0.060324       0.016391
       5.600000       0.429632       0.570368      -0.061290       0.016032
       5.650000       0.428049       0.571951      -0.062292       0.015612
       5.700000       0.426511       0.573489      -0.063324       0.015135
       5.750000       0.425024       0.574976      -0.064378       0.014595
       5.800000       0.423595       0.576406      -0.065453       0.013986
       5.850000       0.422229       0.577771      -0.066558       0.013319
       5.900000       0.420932       0.579068      -0.067704       0.012624
       5.950000       0.419704       0.580297      -0.068887       0.011946
       6.000000       0.418541       0.581459      -0.070086       0.011318
       6.050000       0.417438       0.582562      -0.071273       0.010749
       6.100000       0.416389       0.583611      -0.072439       0.010234
       6.150000       0.415390       0.584610      -0.073588       0.009761
       6.200000       0.414436       0.585564      -0.074734       0.009321
       6.250000       0.413525       0.586475      -0.075878       0.008902
       6.300000       0.412655       0.587345      -0.077017       0.008488
       6.350000       0.411827       0.588173      -0.078138       0.008071
       6.400000       0.411041       0.588959      -0.079238       0.007660
       6.450000       0.410294       0.589706      -0.080320       0.007278
       6.500000       0.409583       0.590417      -0.081388       0.006955
       6.550000       0.408901       0.591099      -0.082445       0.006700
       6.600000       0.408241       0.591759      -0.083492       0.006504
       6.650000       0.407599       0.592401      -0.084528       0.006346
       6.700000       0.406971       0.593029      -0.085548       0.006211
       6.750000       0.406356       0.593644      -0.086545       0.006099
       6.800000       0.405750       0.594250      -0.087518       0.006024
       6.850000       0.405149       0.594851      -0.088463       0.006012
       6.900000       0.404545       0.595455      -0.089378       0.006082
       6.950000       0.403930       0.596070      -0.090255       0.006234
       7.000000       0.403296       0.596704      -0.091090       0.006446
       7.050000       0.402640       0.597361      -0.091884       0.006688
       7.100000       0.401959       0.598042      -0.092643       0.006934
       7.150000       0.401254       0.598747      -0.093366       0.007167
       7.200000       0.400526       0.599474      -0.094047       0.007376
       7.250000       0.399780       0.600221      -0.094690       0.007546
       7.300000       0.399018       0.600982      -0.095318       0.007668
       7.350000       0.398248       0.601753      -0.095957       0.007742
       7.400000       0.397471       0.602529      -0.096615       0.007775
       7.450000       0.396694       0.603307      -0.097286       0.007778
       7.500000       0.395916       0.604084      -0.097959       0.007766
       7.550000       0.395140       0.604860      -0.098627       0.007759
       7.600000       0.394364       0.605636      -0.099283       0.007769
       7.650000       0.393586       0.606414      -0.099918       0.007793
       7.700000       0.392805       0.607195      -0.100528       0.007818
       7.750000       0.392023       0.607978      -0.101114       0.007833
       7.800000       0.391239       0.608761      -0.101682       0.007837
       7.850000       0.390456       0.609545      -0.102241       0.007825
       7.900000       0.389675       0.610325      -0.102799       0.007783
       7.950000       0.388901       0.611100      -0.103365       0.007696
       8.000000       0.388138       0.611863      -0.103947       0.007554
       8.050000       0.387391       0.612609      -0.104544       0.007374
       8.100000       0.386663       0.613337      -0.105152       0.007185
       8.150000       0.385954       0.614047      -0.105760       0.007007
       8.200000       0.385262       0.614739      -0.106361       0.006831
       8.250000       0.384589       0.615412      -0.106954       0.006627
       8.300000       0.383938       0.616062      -0.107548       0.006370
       8.350000       0.383316       0.616684      -0.108153       0.006069
       8.400000       0.382724       0.617276      -0.108776       0.005770
       8.450000       0.382160       0.617840      -0.109414       0.005527
       8.500000       0.381616       0.618384      -0.110053       0.005368
       8.550000       0.381084       0.618916      -0.110682       0.005274
       8.600000       0.380560       0.619440      -0.111297       0.005208
       8.650000       0.380043       0.619957      -0.111902       0.005140
       8.700000       0.379533       0.620468      -0.112499       0.005065
       8.750000       0.379030       0.620971      -0.113088       0.004992
       8.800000       0.378534       0.621466      -0.113664       0.004930
       8.850000       0.378043       0.621957      -0.114221       0.004885
       8.900000       0.377556       0.622444      -0.114752       0.004857
       8.950000       0.377071       0.622929      -0.115254       0.004853
       9.000000       0.376585       0.623416      -0.115727       0.004882
       9.050000       0.376094       0.623907      -0.116172       0.004938
       9.100000       0.375597       0.624403      -0.116593       0.004991
       9.150000       0.375097       0.624903      -0.117000       0.004992
       9.200000       0.374602       0.625398      -0.117406       0.004899
       9.250000       0.374121       0.625879      -0.117825       0.004703
       9.300000       0.373664       0.626337      -0.118268       0.004435
       9.350000       0.373235       0.626766      -0.118742       0.004154
       9.400000       0.372831       0.627169      -0.119246       0.003920
       9.450000       0.372448       0.627553      -0.119774       0.003767
       9.500000       0.372075       0.627925      -0.120310       0.003700
       9.550000       0.371705       0.628295      -0.120836       0.003708
       9.600000       0.371331       0.628669      -0.121331       0.003778
       9.650000       0.370947       0.629053      -0.121790       0.003909
       9.700000       0.370548       0.629453      -0.122217       0.004097
       9.750000       0.370127       0.629874      -0.122615       0.004324
       9.800000       0.369683       0.630318      -0.122985       0.004550
       9.850000       0.369218       0.630782      -0.123324       0.004726
       9.900000       0.368741       0.631260      -0.123631       0.004813
       9.950000       0.368259       0.631741      -0.123910       0.004806
      10.000000       0.367782       0.632219      -0.124171       0.004730
      10.050000       0.367314       0.632686      -0.124432       0.004616
      10.100000       0.366859       0.633141      -0.124703       0.004487
      10.150000       0.366417       0.633583      -0.124987       0.004347
      10.200000       0.365990       0.634010      -0.125282       0.004193
      10.250000       0.365579       0.634422      -0.125595       0.004029
      10.300000       0.365184       0.634816      -0.125925       0.003868
      10.350000       0.364805       0.635195      -0.126266       0.003717
      10.400000       0.364441       0.635560      -0.126604       0.003569
      10.450000       0.364092       0.635909      -0.126936       0.003405
      10.500000       0.363760       0.636240      -0.127273       0.003227
      10.550000       0.363446       0.636555      -0.127623       0.003072
      10.600000       0.363143       0.636857      -0.127979       0.002991
      10.650000       0.362844       0.637156      -0.128323       0.003002
      10.700000       0.362541       0.637459      -0.128641       0.003068
      10.750000       0.362231       0.637769      -0.128934       0.003119
      10.800000       0.361919       0.638081      -0.129216       0.003105
      10.850000       0.361612       0.638388      -0.129497       0.003029
      10.900000       0.361314       0.638686      -0.129775       0.002934
      10.950000       0.361025       0.638976      -0.130043       0.002866
      11.000000       0.360740       0.639261      -0.130300       0.002837
      11.050000       0.360457       0.639544      -0.130549       0.002818
      11.100000       0.360177       0.639823      -0.130801       0.002765
      11.150000       0.359906       0.640095      -0.131069       0.002651
      11.200000       0.359649       0.640351      -0.131363       0.002477
      11.250000       0.359411       0.640589      -0.131689       0.002270
      11.300000       0.359195       0.640805      -0.132050       0.002056
      11.350000       0.359000       0.641001      -0.132443       0.001856
      11.400000       0.358823       0.641177      -0.132850       0.001681
      11.450000       0.358662       0.641338      -0.133254       0.001543
      11.500000       0.358513       0.641488      -0.133639       0.001456
      11.550000       0.358369       0.641631      -0.134008       0.001432
      11.600000       0.358224       0.641776      -0.134378       0.001476
      11.650000       0.358072       0.641929      -0.134756       0.001585
      11.700000       0.357905       0.642095      -0.135126       0.001749
      11.750000       0.357720       0.642280      -0.135457       0.001958
      11.800000       0.357513       0.642488      -0.135726       0.002207
      11.850000       0.357278       0.642723      -0.135934       0.002498
      11.900000       0.357012       0.642989      -0.136087       0.002823
      11.950000       0.356713       0.643287      -0.136192       0.003145
      12.000000       0.356385       0.643615      -0.136246       0.003400
      12.050000       0.356037       0.643963      -0.136258       0.003524
      12.100000       0.355685       0.644315      -0.136253       0.003494
      12.150000       0.355343       0.644657      -0.136263       0.003336
      12.200000       0.355021       0.644980      -0.136315       0.003100
      12.250000       0.354725       0.645276      -0.136418       0.002817
      12.300000       0.354459       0.645541      -0.136575       0.002486
      12.350000       0.354229       0.645771      -0.136797       0.002097
      12.400000       0.354041       0.645960      -0.137091       0.001675
      12.450000       0.353893       0.646107      -0.137453       0.001291
      12.500000       0.353778       0.646222      -0.137860       0.001029
      12.550000       0.353681       0.646319      -0.138278       0.000940
      12.600000       0.353585       0.646416      -0.138671       0.001020
      12.650000       0.353473       0.646527      -0.139018       0.001225
      12.700000       0.353338       0.646663      -0.139313       0.001495
      12.750000       0.353174       0.646826      -0.139556       0.001771
      12.800000       0.352985       0.647016      -0.139754       0.002007
      12.850000       0.352775       0.647226      -0.139914       0.002181
      12.900000       0.352551       0.647450      -0.140044       0.002290
      12.950000       0.352318       0.647682      -0.140148       0.002350
      13.000000       0.352081       0.647919      -0.140229       0.002387
      13.050000       0.351841       0.648160      -0.140296       0.002434
      13.100000       0.351594       0.648407      -0.140355       0.002513
      13.150000       0.351337       0.648663      -0.140410       0.002622
      13.200000       0.351069       0.648931      -0.140461       0.002729
      13.250000       0.350793       0.649207      -0.140510       0.002783
      13.300000       0.350516       0.649484      -0.140563       0.002740
      13.350000       0.350248       0.649752      -0.140630       0.002601
      13.400000       0.349998       0.650003      -0.140716       0.002400
      13.450000       0.349769       0.650232      -0.140819       0.002184
      13.500000       0.349561       0.650440      -0.140941       0.001974
      13.550000       0.349374       0.650626      -0.141084       0.001762
      13.600000       0.349209       0.650791      -0.141253       0.001525
      13.650000       0.349070       0.650930      -0.141443       0.001257
      13.700000       0.348958       0.651042      -0.141646       0.000982
      13.750000       0.348872       0.651128      -0.141862       0.000750
      13.800000       0.348805       0.651195      -0.142094       0.000608
      13.850000       0.348747       0.651253      -0.142341       0.000573
      13.900000       0.348688       0.651313      -0.142596       0.000623
      13.950000       0.348621       0.651380      -0.142839       0.000723
      14.000000       0.348542       0.651458      -0.143050       0.000845
      14.050000       0.348451       0.651549      -0.143223       0.000982
      14.100000       0.348345       0.651655      -0.143369       0.001143
      14.150000       0.348222       0.651779      -0.143505       0.001325
      14.200000       0.348080       0.651920      -0.143641       0.001508
      14.250000       0.347921       0.652079      -0.143775       0.001660
      14.300000       0.347750       0.652251      -0.143901       0.001765
      14.350000       0.347570       0.652431      -0.144016       0.001824
      14.400000       0.347386       0.652614      -0.144124       0.001845
      14.450000       0.347202       0.652798      -0.144233       0.001826
      14.500000       0.347023       0.652978      -0.144344       0.001750
      14.550000       0.346855       0.653146      -0.144457       0.001597
      14.600000       0.346706       0.653295      -0.144577       0.001377
      14.650000       0.346580       0.653420      -0.144709       0.001139
      14.700000       0.346477       0.653524      -0.144850       0.000940
      14.750000       0.346390       0.653611      -0.144988       0.000805
      14.800000       0.346314       0.653686      -0.145116       0.000705
      14.850000       0.346249       0.653751      -0.145242       0.000594
      14.900000       0.346196       0.653804      -0.145377       0.000456
      14.950000       0.346158       0.653843      -0.145526       0.000329
      15.000000       0.346128       0.653872      -0.145682       0.000278
      15.050000       0.346098       0.653903      -0.145825       0.000354
      15.100000       0.346053       0.653947      -0.145938       0.000549
      15.150000       0.345986       0.654015      -0.146025       0.000810
      15.200000       0.345891       0.654109      -0.146098       0.001067
      15.250000       0.345774       0.654226      -0.146168       0.001269
      15.300000       0.345640       0.654360      -0.146237       0.001401
      15.350000       0.345496       0.654505      -0.146302       0.001472
      15.400000       0.345347       0.654654      -0.146359       0.001506
      15.450000       0.345195       0.654805      -0.146412       0.001516
      15.500000       0.345044       0.654956      -0.146467       0.001507
      15.550000       0.344894       0.655106      -0.146531       0.001483
      15.600000       0.344748       0.655253      -0.146604       0.001453
      15.650000       0.344604       0.655397      -0.146680       0.001428
      15.700000       0.344462       0.655538      -0.146747       0.001400
      15.750000       0.344325       0.655676      -0.146794       0.001343
      15.800000       0.344195       0.655805      -0.146818       0.001229
      15.850000       0.344081       0.655919      -0.146836       0.001052
      15.900000       0.343986       0.656014      -0.146870       0.000841
      15.950000       0.343912       0.656088      -0.146939       0.000639
      16.000000       0.343857       0.656143      -0.147045       0.000477
      16.050000       0.343816       0.656185      -0.147174       0.000357
      16.100000       0.343785       0.656215      -0.147311       0.000251
      16.150000       0.343766       0.656235      -0.147455       0.000138
      16.200000       0.343758       0.656243      -0.147615       0.000025
      16.250000       0.343760       0.656241      -0.147796      -0.000056
      16.300000       0.343767       0.656234      -0.147994      -0.000078
      16.350000       0.343773       0.656227      -0.148191      -0.000047
      16.400000       0.343776       0.656225      -0.148369       0.000002
      16.450000       0.343774       0.656227      -0.148517       0.000034
      16.500000       0.343770       0.656231      -0.148629       0.000045
      16.550000       0.343764       0.656236      -0.148705       0.000067
      16.600000       0.343754       0.656246      -0.148755       0.000148
      16.650000       0.343732       0.656269      -0.148789       0.000314
      16.700000       0.343689       0.656311      -0.148819       0.000549
      16.750000       0.343621       0.656379      -0.148853       0.000802
      16.800000       0.343530       0.656471      -0.148890       0.001022
      16.850000       0.343419       0.656581      -0.148924       0.001182
      16.900000       0.343296       0.656705      -0.148946       0.001270
      16.950000       0.343168       0.656833      -0.148962       0.001276
      17.000000       0.343044       0.656957      -0.148987       0.001190
      17.050000       0.342933       0.657068      -0.149043       0.001013
      17.100000       0.342843       0.657157      -0.149145       0.000767
      17.150000       0.342780       0.657220      -0.149286       0.000503
      17.200000       0.342741       0.657259      -0.149445       0.000283
      17.250000       0.342721       0.657280      -0.149606       0.000143
      17.300000       0.342710       0.657290      -0.149763       0.000078
      17.350000       0.342704       0.657297      -0.149918       0.000057
      17.400000       0.342698       0.657302      -0.150072       0.000061
      17.450000       0.342690       0.657310      -0.150212       0.000108
      17.500000       0.342674       0.657327      -0.150315       0.000233
      17.550000       0.342640       0.657361      -0.150367       0.000460
      17.600000       0.342579       0.657422      -0.150365       0.000769
      17.650000       0.342485       0.657515      -0.150312       0.001099
      17.700000       0.342361       0.657639      -0.150211       0.001375
      17.750000       0.342214       0.657787      -0.150067       0.001551
      17.800000       0.342054       0.657946      -0.149896       0.001624
      17.850000       0.341891       0.658109      -0.149719       0.001625
      17.900000       0.341730       0.658270      -0.149551       0.001592
      17.950000       0.341573       0.658427      -0.149398       0.001539
      18.000000       0.341423       0.658577      -0.149258       0.001454
      18.050000       0.341284       0.658716      -0.149138       0.001320
      18.100000       0.341161       0.658839      -0.149060       0.001135
      18.150000       0.341058       0.658942      -0.149045       0.000919
      18.200000       0.340978       0.659022      -0.149101       0.000688
      18.250000       0.340921       0.659079      -0.149216       0.000446
      18.300000       0.340890       0.659111      -0.149376       0.000180
      18.350000       0.340886       0.659114      -0.149574      -0.000113
      18.400000       0.340912       0.659088      -0.149809      -0.000402
      18.450000       0.340964       0.659036      -0.150076      -0.000631
      18.500000       0.341035       0.658966      -0.150353      -0.000758
      18.550000       0.341113       0.658888      -0.150612      -0.000789
      18.600000       0.341191       0.658810      -0.150830      -0.000759
      18.650000       0.341264       0.658737      -0.151005      -0.000696
      18.700000       0.341329       0.658672      -0.151141      -0.000601
      18.750000       0.341382       0.658619      -0.151246      -0.000446
      18.800000       0.341416       0.658585      -0.151324      -0.000220
      18.850000       0.341424       0.658576      -0.151369       0.000053
      18.900000       0.341406       0.658595      -0.151377       0.000309
      18.950000       0.341365       0.658635      -0.151350       0.000481
      19.000000       0.341313       0.658687      -0.151299       0.000547
      19.050000       0.341258       0.658742      -0.151248       0.000537
      19.100000       0.341206       0.658795      -0.151218       0.000523
      19.150000       0.341152       0.658849      -0.151212       0.000562
      19.200000       0.341091       0.658909      -0.151219       0.000666
      19.250000       0.341018       0.658982      -0.151223       0.000792
      19.300000       0.340933       0.659067      -0.151216       0.000889
      19.350000       0.340842       0.659158      -0.151203       0.000929
      19.400000       0.340749       0.659251      -0.151186       0.000919
      19.450000       0.340659       0.659341      -0.151157       0.000879
      19.500000       0.340574       0.659426      -0.151112       0.000815
      19.550000       0.340497       0.659503      -0.151066       0.000732
      19.600000       0.340428       0.659572      -0.151038       0.000647
      19.650000       0.340366       0.659634      -0.151033       0.000595
      19.700000       0.340307       0.659693      -0.151041       0.000597
      19.750000       0.340246       0.659754      -0.151048       0.000628
      19.800000       0.340183       0.659818      -0.151054       0.000628
      19.850000       0.340123       0.659877      -0.151073       0.000538
      19.900000       0.340079       0.659921      -0.151123       0.000335
      19.950000       0.340059       0.659941      -0.151214       0.000051
      20.000000       0.340069       0.659931      -0.151345      -0.000249
