       0.000000       1.000000      -0.000000       0.000221       0.000073
       0.050000       0.997498       0.002502       0.002717       0.049876
       0.100000       0.990062       0.009938       0.010109       0.098559
       0.150000       0.977859       0.022141       0.022136       0.145069
       0.200000       0.961153       0.038847       0.038450       0.188445
       0.250000       0.940303       0.059697       0.058651       0.227819
       0.300000       0.915748       0.084252       0.082265       0.262422
       0.350000       0.888000       0.112000       0.108716       0.291600
       0.400000       0.857627       0.142374       0.137328       0.314839
       0.450000       0.825242       0.174758       0.167396       0.331773
       0.500000       0.791490       0.208510       0.198236       0.342170
       0.550000       0.757030       0.242970       0.229180       0.345930
       0.600000       0.722524       0.277476       0.259542       0.343096
       0.650000       0.688623       0.311377       0.288608       0.333879
       0.700000       0.655949       0.344052       0.315694       0.318656
       0.750000       0.625076       0.374924       0.340211       0.297915
       0.800000       0.596531       0.403469       0.361692       0.272209
       0.850000       0.570780       0.429220       0.379751       0.242148
       0.900000       0.548223       0.451777       0.394038       0.208452
       0.950000       0.529183       0.470818       0.404244       0.171963
       1.000000       0.513892       0.486108       0.410159       0.133608
       1.050000       0.502493       0.497507       0.411711       0.094296
       1.100000       0.495037       0.504963       0.408966       0.054857
       1.150000       0.491500       0.508500       0.402083       0.016048
       1.200000       0.491782       0.508219       0.391284      -0.021377
       1.250000       0.495704       0.504297       0.376858      -0.056631
       1.300000       0.503009       0.496991       0.359179      -0.088930
       1.350000       0.513368       0.486632       0.338697      -0.117602
       1.400000       0.526392       0.473608       0.315892      -0.142161
       1.450000       0.541653       0.458347       0.291237      -0.162293
       1.500000       0.558696       0.441304       0.265199      -0.177790
       1.550000       0.577051       0.422949       0.238274      -0.188492
       1.600000       0.596231       0.403769       0.211010      -0.194279
       1.650000       0.615742       0.384258       0.183964      -0.195126
       1.700000       0.635095       0.364906       0.157649      -0.191135
       1.750000       0.653815       0.346185       0.132488      -0.182536
       1.800000       0.671459       0.328541       0.108837      -0.169652
       1.850000       0.687616       0.312385       0.087024      -0.152863
       1.900000       0.701915       0.298085       0.067374      -0.132591
       1.950000       0.714034       0.285966       0.050189      -0.109318
       2.000000       0.723696       0.276304       0.035712      -0.083573
       2.050000       0.730685       0.269315       0.024125      -0.055928
       2.100000       0.734839       0.265161       0.015553      -0.026983
       2.150000       0.736059       0.263942       0.010081       0.002646
       2.200000       0.734308       0.265693       0.007739       0.032330
       2.250000       0.729612       0.270388       0.008496       0.061437
       2.300000       0.722060       0.277940       0.012254       0.089357
       2.350000       0.711799       0.288201       0.018865       0.115511
       2.400000       0.699035       0.300966       0.028138       0.139359
       2.450000       0.684021       0.315979       0.039824       0.160401
       2.500000       0.667063       0.332937       0.053582       0.178196
       2.550000       0.648503       0.351498       0.068981       0.192380
       2.600000       0.628716       0.371284       0.085546       0.202694
       2.650000       0.608099       0.391901       0.102823       0.208962
       2.700000       0.587062       0.412938       0.120409       0.211075
       2.750000       0.566024       0.433977       0.137926       0.208996
       2.800000       0.545401       0.454599       0.154962       0.202774
       2.850000       0.525601       0.474399       0.171050       0.192583
       2.900000       0.507007       0.492994       0.185702       0.178730
       2.950000       0.489964       0.510036       0.198480       0.161615
       3.000000       0.474777       0.525223       0.209036       0.141690
       3.050000       0.461704       0.538296       0.217100       0.119439
       3.100000       0.450949       0.549051       0.222455       0.095396
       3.150000       0.442664       0.557336       0.224936       0.070160
       3.200000       0.436936       0.563065       0.224454       0.044377
       3.250000       0.433786       0.566215       0.221014       0.018688
       3.300000       0.433175       0.566825       0.214705      -0.006322
       3.350000       0.435010       0.564991       0.205675      -0.030119
       3.400000       0.439142       0.560858       0.194126      -0.052206
       3.450000       0.445378       0.554622       0.180318      -0.072102
       3.500000       0.453475       0.546526       0.164580      -0.089366
       3.550000       0.463151       0.536849       0.147295      -0.103639
       3.600000       0.474094       0.525906       0.128868      -0.114665
       3.650000       0.485970       0.514030       0.109702      -0.122283
       3.700000       0.498434       0.501566       0.090201      -0.126408
       3.750000       0.511135       0.488865       0.070775      -0.127024
       3.800000       0.523724       0.476276       0.051836      -0.124198
       3.850000       0.535865       0.464135       0.033749      -0.118094
       3.900000       0.547242       0.452759       0.016809      -0.108949
       3.950000       0.557563       0.442437       0.001249      -0.097047
       4.000000       0.566570       0.433431      -0.012720      -0.082706
       4.050000       0.574035       0.425965      -0.024883      -0.066284
       4.100000       0.579771       0.420229      -0.035036      -0.048197
       4.150000       0.583634       0.416366      -0.043037      -0.028913
       4.200000       0.585530       0.414470      -0.048819      -0.008916
       4.250000       0.585409       0.414591      -0.052387       0.011337
       4.300000       0.583268       0.416732      -0.053777       0.031423
       4.350000       0.579143       0.420857      -0.053049       0.050946
       4.400000       0.573111       0.426889      -0.050296       0.069510
       4.450000       0.565286       0.434714      -0.045661       0.086728
       4.500000       0.555822       0.444178      -0.039341       0.102240
       4.550000       0.544905       0.455095      -0.031551       0.115736
       4.600000       0.532751       0.467250      -0.022520       0.126958
       4.650000       0.519596       0.480404      -0.012489       0.135704
       4.700000       0.505698       0.494303      -0.001730       0.141821
       4.750000       0.491323       0.508677       0.009457       0.145208
       4.800000       0.476748       0.523252       0.020759       0.145830
       4.850000       0.462248       0.537752       0.031874       0.143713
       4.900000       0.448094       0.551906       0.042527       0.138936
       4.950000       0.434546       0.565455       0.052448       0.131634
       5.000000       0.421845       0.578155       0.061366       0.122000
       5.050000       0.410215       0.589785       0.069015       0.110286
       5.100000       0.399848       0.600153       0.075161       0.096792
       5.150000       0.390905       0.609095       0.079631       0.081847
       5.200000       0.383515       0.616485       0.082312       0.065795
       5.250000       0.377771       0.622229       0.083135       0.048995
       5.300000       0.373728       0.626272       0.082067       0.031835
       5.350000       0.371402       0.628598       0.079110       0.014728
       5.400000       0.370767       0.629234       0.074320      -0.001908
       5.450000       0.371755       0.628245       0.067802      -0.017688
       5.500000       0.374265       0.625736       0.059696      -0.032278
       5.550000       0.378161       0.621839       0.050158      -0.045389
       5.600000       0.383284       0.616716       0.039371      -0.056753
       5.650000       0.389446       0.610554       0.027556      -0.066136
       5.700000       0.396439       0.603561       0.014981      -0.073356
       5.750000       0.404041       0.595959       0.001935      -0.078300
       5.800000       0.412022       0.587978      -0.011314      -0.080926
       5.850000       0.420149       0.579851      -0.024525      -0.081233
       5.900000       0.428192       0.571808      -0.037480      -0.079253
       5.950000       0.435926       0.564075      -0.049949      -0.075051
       6.000000       0.443133       0.556868      -0.061688      -0.068754
       6.050000       0.449613       0.550387      -0.072456      -0.060561
       6.100000       0.455190       0.544810      -0.082051      -0.050731
       6.150000       0.459714       0.540286      -0.090320      -0.039549
       6.200000       0.463065       0.536935      -0.097154      -0.027310
       6.250000       0.465151       0.534849      -0.102480      -0.014321
       6.300000       0.465915       0.534085      -0.106261      -0.000907
       6.350000       0.465330       0.534671      -0.108505       0.012601
       6.400000       0.463402       0.536599      -0.109259       0.025900
       6.450000       0.460165       0.539835      -0.108594       0.038725
       6.500000       0.455681       0.544320      -0.106594       0.050832
       6.550000       0.450031       0.549969      -0.103369       0.061976
       6.600000       0.443326       0.556674      -0.099069       0.071905
       6.650000       0.435698       0.564302      -0.093885       0.080387
       6.700000       0.427303       0.572698      -0.088020       0.087249
       6.750000       0.418306       0.581694      -0.081658       0.092391
       6.800000       0.408883       0.591117      -0.074962       0.095779
       6.850000       0.399208       0.600792      -0.068089       0.097422
       6.900000       0.389456       0.610545      -0.061219       0.097347
       6.950000       0.379795       0.620205      -0.054551       0.095596
       7.000000       0.370390       0.629610      -0.048281       0.092235
       7.050000       0.361399       0.638602      -0.042579       0.087357
       7.100000       0.352965       0.647035      -0.037585       0.081089
       7.150000       0.345222       0.654779      -0.033418       0.073589
       7.200000       0.338283       0.661718      -0.030191       0.065036
       7.250000       0.332243       0.667757      -0.028005       0.055630
       7.300000       0.327178       0.672822      -0.026938       0.045585
       7.350000       0.323140       0.676861      -0.027028       0.035131
       7.400000       0.320157       0.679843      -0.028275       0.024507
       7.450000       0.318236       0.681764      -0.030663       0.013956
       7.500000       0.317356       0.682645      -0.034158       0.003723
       7.550000       0.317473       0.682527      -0.038704      -0.005960
       7.600000       0.318522       0.681478      -0.044216      -0.014884
       7.650000       0.320418       0.679582      -0.050583      -0.022865
       7.700000       0.323058       0.676942      -0.057673      -0.029739
       7.750000       0.326324       0.673676      -0.065338      -0.035368
       7.800000       0.330087       0.669913      -0.073415      -0.039654
       7.850000       0.334209       0.665791      -0.081729      -0.042547
       7.900000       0.338550       0.661450      -0.090100      -0.044055
       7.950000       0.342975       0.657025      -0.098374      -0.044221
       8.000000       0.347351       0.652649      -0.106426      -0.043095
       8.050000       0.351552       0.648448      -0.114144      -0.040715
       8.100000       0.355454       0.644546      -0.121405      -0.037130
       8.150000       0.358941       0.641059      -0.128075      -0.032439
       8.200000       0.361910       0.638090      -0.134033      -0.026804
       8.250000       0.364277       0.635723      -0.139192      -0.020425
       8.300000       0.365977       0.634023      -0.143506      -0.013496
       8.350000       0.366963       0.633037      -0.146962      -0.006165
       8.400000       0.367201       0.632799      -0.149557       0.001448
       8.450000       0.366668       0.633332      -0.151284       0.009220
       8.500000       0.365357       0.634643      -0.152147       0.016984
       8.550000       0.363278       0.636722      -0.152176       0.024537
       8.600000       0.360463       0.639537      -0.151428       0.031681
       8.650000       0.356961       0.643039      -0.149975       0.038250
       8.700000       0.352837       0.647164      -0.147890       0.044121
       8.750000       0.348164       0.651836      -0.145260       0.049193
       8.800000       0.343027       0.656973      -0.142188       0.053381
       8.850000       0.337519       0.662481      -0.138797       0.056615
       8.900000       0.331738       0.668263      -0.135211       0.058852
       8.950000       0.325783       0.674218      -0.131542       0.060085
       9.000000       0.319754       0.680247      -0.127893       0.060326
       9.050000       0.313750       0.686250      -0.124371       0.059588
       9.100000       0.307868       0.692132      -0.121094       0.057884
       9.150000       0.302205       0.697796      -0.118178       0.055234
       9.200000       0.296852       0.703149      -0.115720       0.051685
       9.250000       0.291894       0.708106      -0.113788       0.047334
       9.300000       0.287407       0.712594      -0.112424       0.042326
       9.350000       0.283445       0.716555      -0.111659       0.036840
       9.400000       0.280048       0.719952      -0.111518       0.031062
       9.450000       0.277237       0.722763      -0.112011       0.025153
       9.500000       0.275018       0.724982      -0.113134       0.019239
       9.550000       0.273386       0.726615      -0.114873       0.013433
       9.600000       0.272324       0.727677      -0.117202       0.007854
       9.650000       0.271803       0.728197      -0.120084       0.002632
       9.700000       0.271782       0.728219      -0.123458      -0.002120
       9.750000       0.272209       0.727792      -0.127245      -0.006328
       9.800000       0.273028       0.726972      -0.131361      -0.009970
       9.850000       0.274184       0.725817      -0.135734      -0.013039
       9.900000       0.275616       0.724384      -0.140299      -0.015514
       9.950000       0.277265       0.722735      -0.144998      -0.017347
      10.000000       0.279063       0.720938      -0.149763      -0.018487
      10.050000       0.280938       0.719062      -0.154521      -0.018908
      10.100000       0.282821       0.717180      -0.159193      -0.018621
      10.150000       0.284640       0.715360      -0.163702      -0.017662
      10.200000       0.286332       0.713668      -0.167980      -0.016074
      10.250000       0.287836       0.712165      -0.171959      -0.013902
      10.300000       0.289095       0.710905      -0.175583      -0.011207
      10.350000       0.290063       0.709938      -0.178805      -0.008080
      10.400000       0.290700       0.709300      -0.181598      -0.004630
      10.450000       0.290981       0.709019      -0.183954      -0.000956
      10.500000       0.290886       0.709114      -0.185873       0.002886
      10.550000       0.290399       0.709601      -0.187346       0.006866
      10.600000       0.289509       0.710491      -0.188361       0.010943
      10.650000       0.288211       0.711790      -0.188921       0.015021
      10.700000       0.286510       0.713490      -0.189047       0.018951
      10.750000       0.284431       0.715569      -0.188783       0.022572
      10.800000       0.282010       0.717990      -0.188182       0.025768
      10.850000       0.279293       0.720707      -0.187295       0.028497
      10.900000       0.276326       0.723675      -0.186170       0.030775
      10.950000       0.273152       0.726848      -0.184860       0.032623
      11.000000       0.269816       0.730184      -0.183422       0.034026
      11.050000       0.266364       0.733636      -0.181920       0.034927
      11.100000       0.262850       0.737151      -0.180423       0.035259
      11.150000       0.259332       0.740668      -0.178997       0.034991
      11.200000       0.255871       0.744130      -0.177705       0.034148
      11.250000       0.252519       0.747481      -0.176597       0.032798
      11.300000       0.249325       0.750675      -0.175710       0.031015
      11.350000       0.246329       0.753671      -0.175073       0.028857
      11.400000       0.243565       0.756436      -0.174716       0.026377
      11.450000       0.241062       0.758938      -0.174665       0.023646
      11.500000       0.238841       0.761160      -0.174939       0.020760
      11.550000       0.236912       0.763089      -0.175542       0.017823
      11.600000       0.235275       0.764725      -0.176463       0.014918
      11.650000       0.233925       0.766075      -0.177686       0.012100
      11.700000       0.232851       0.767149      -0.179187       0.009405
      11.750000       0.232038       0.767962      -0.180940       0.006879
      11.800000       0.231467       0.768533      -0.182911       0.004592
      11.850000       0.231110       0.768891      -0.185062       0.002614
      11.900000       0.230933       0.769067      -0.187346       0.000981
      11.950000       0.230903       0.769098      -0.189715      -0.000330
      12.000000       0.230990       0.769010      -0.192135      -0.001384
      12.050000       0.231173       0.768827      -0.194588      -0.002244
      12.100000       0.231433       0.768567      -0.197071      -0.002924
      12.150000       0.231751       0.768250      -0.199581      -0.003386
      12.200000       0.232101       0.767899      -0.202097      -0.003583
      12.250000       0.232458       0.767542      -0.204576      -0.003503
      12.300000       0.232794       0.767206      -0.206977      -0.003180
      12.350000       0.233087       0.766913      -0.209268      -0.002658
      12.400000       0.233319       0.766681      -0.211437      -0.001944
      12.450000       0.233468       0.766532      -0.213477      -0.000987
      12.500000       0.233506       0.766494      -0.215365       0.000286
      12.550000       0.233399       0.766601      -0.217062       0.001901
      12.600000       0.233116       0.766884      -0.218528       0.003804
      12.650000       0.232633       0.767367      -0.219738       0.005875
      12.700000       0.231940       0.768060      -0.220690       0.007984
      12.750000       0.231038       0.768962      -0.221399       0.010031
      12.800000       0.229938       0.770062      -0.221882       0.011950
      12.850000       0.228654       0.771346      -0.222166       0.013687
      12.900000       0.227208       0.772792      -0.222281       0.015206
      12.950000       0.225621       0.774379      -0.222260       0.016489
      13.000000       0.223917       0.776083      -0.222133       0.017557
      13.050000       0.222115       0.777885      -0.221918       0.018459
      13.100000       0.220230       0.779771      -0.221627       0.019233
      13.150000       0.218273       0.781727      -0.221278       0.019871
      13.200000       0.216262       0.783738      -0.220903       0.020307
      13.250000       0.214222       0.785779      -0.220539       0.020449
      13.300000       0.212184       0.787816      -0.220223       0.020235
      13.350000       0.210186       0.789814      -0.219984       0.019677
      13.400000       0.208258       0.791742      -0.219842       0.018845
      13.450000       0.206423       0.793577      -0.219813       0.017828
      13.500000       0.204697       0.795303      -0.219914       0.016680
      13.550000       0.203091       0.796909      -0.220165       0.015410
      13.600000       0.201619       0.798381      -0.220585       0.014009
      13.650000       0.200293       0.799707      -0.221181       0.012499
      13.700000       0.199121       0.800880      -0.221952       0.010954
      13.750000       0.198100       0.801900      -0.222888       0.009477
      13.800000       0.197220       0.802780      -0.223967       0.008151
      13.850000       0.196464       0.803537      -0.225165       0.007009
      13.900000       0.195813       0.804188      -0.226452       0.006038
      13.950000       0.195251       0.804749      -0.227802       0.005214
      14.000000       0.194765       0.805235      -0.229195       0.004537
      14.050000       0.194338       0.805662      -0.230610       0.004028
      14.100000       0.193954       0.806047      -0.232028       0.003693
      14.150000       0.193594       0.806406      -0.233431       0.003513
      14.200000       0.193247       0.806753      -0.234802       0.003444
      14.250000       0.192903       0.807097      -0.236129       0.003447
      14.300000       0.192556       0.807445      -0.237405       0.003512
      14.350000       0.192198       0.807802      -0.238633       0.003648
      14.400000       0.191824       0.808177      -0.239813       0.003856
      14.450000       0.191426       0.808575      -0.240943       0.004105
      14.500000       0.191003       0.808997      -0.242024       0.004340
      14.550000       0.190560       0.809441      -0.243061       0.004523
      14.600000       0.190100       0.809900      -0.244064       0.004664
      14.650000       0.189626       0.810374      -0.245035       0.004818
      14.700000       0.189134       0.810866      -0.245973       0.005046
      14.750000       0.188615       0.811386      -0.246870       0.005353
      14.800000       0.188062       0.811938      -0.247726       0.005692
      14.850000       0.187477       0.812523      -0.248546       0.006004
      14.900000       0.186863       0.813138      -0.249336       0.006283
      14.950000       0.186219       0.813781      -0.250099       0.006599
      15.000000       0.185538       0.814462      -0.250823       0.007062
      15.050000       0.184800       0.815201      -0.251482       0.007741
      15.100000       0.183983       0.816017      -0.252047       0.008610
      15.150000       0.183075       0.816925      -0.252503       0.009556
      15.200000       0.182074       0.817926      -0.252856       0.010441
      15.250000       0.180992       0.819008      -0.253126       0.011169
      15.300000       0.179847       0.820154      -0.253340       0.011711
      15.350000       0.178656       0.821344      -0.253524       0.012078
      15.400000       0.177436       0.822564      -0.253695       0.012282
      15.450000       0.176205       0.823796      -0.253867       0.012326
      15.500000       0.174976       0.825024      -0.254052       0.012221
      15.550000       0.173764       0.826236      -0.254255       0.012003
      15.600000       0.172578       0.827422      -0.254475       0.011714
      15.650000       0.171423       0.828577      -0.254714       0.011368
      15.700000       0.170307       0.829693      -0.254984       0.010937
      15.750000       0.169241       0.830760      -0.255313       0.010370
      15.800000       0.168238       0.831762      -0.255729       0.009649
      15.850000       0.167314       0.832686      -0.256241       0.008827
      15.900000       0.166473       0.833527      -0.256841       0.008010
      15.950000       0.165709       0.834292      -0.257511       0.007297
      16.000000       0.165009       0.834992      -0.258234       0.006728
      16.050000       0.164359       0.835641      -0.258997       0.006266
      16.100000       0.163754       0.836246      -0.259795       0.005845
      16.150000       0.163190       0.836810      -0.260623       0.005425
      16.200000       0.162668       0.837332      -0.261472       0.005025
      16.250000       0.162183       0.837817      -0.262339       0.004697
      16.300000       0.161725       0.838275      -0.263215       0.004472
      16.350000       0.161286       0.838715      -0.264098       0.004328
      16.400000       0.160859       0.839141      -0.264983       0.004208
      16.450000       0.160444       0.839556      -0.265864       0.004082
      16.500000       0.160042       0.839958      -0.266738       0.003977
      16.550000       0.159646       0.840355      -0.267599       0.003975
      16.600000       0.159241       0.840760      -0.268434       0.004162
      16.650000       0.158806       0.841194      -0.269221       0.004566
      16.700000       0.158322       0.841678      -0.269936       0.005134
      16.750000       0.157777       0.842223      -0.270562       0.005766
      16.800000       0.157170       0.842831      -0.271093       0.006370
      16.850000       0.156506       0.843494      -0.271534       0.006882
      16.900000       0.155798       0.844203      -0.271898       0.007259
      16.950000       0.155060       0.844940      -0.272210       0.007451
      17.000000       0.154315       0.845685      -0.272504       0.007416
      17.050000       0.153585       0.846415      -0.272816       0.007142
      17.100000       0.152893       0.847107      -0.273184       0.006684
      17.150000       0.152251       0.847750      -0.273626       0.006158
      17.200000       0.151660       0.848341      -0.274144       0.005679
      17.250000       0.151111       0.848889      -0.274721       0.005301
      17.300000       0.150597       0.849403      -0.275339       0.004998
      17.350000       0.150111       0.849889      -0.275994       0.004713
      17.400000       0.149654       0.850346      -0.276688       0.004438
      17.450000       0.149221       0.850779      -0.277418       0.004241
      17.500000       0.148800       0.851201      -0.278165       0.004225
      17.550000       0.148368       0.851632      -0.278890       0.004453
      17.600000       0.147902       0.852098      -0.279559       0.004890
      17.650000       0.147387       0.852613      -0.280154       0.005415
      17.700000       0.146820       0.853180      -0.280684       0.005905
      17.750000       0.146209       0.853791      -0.281167       0.006300
      17.800000       0.145563       0.854437      -0.281616       0.006619
      17.850000       0.144886       0.855114      -0.282027       0.006916
      17.900000       0.144179       0.855821      -0.282393       0.007226
      17.950000       0.143441       0.856559      -0.282710       0.007539
      18.000000       0.142672       0.857328      -0.282979       0.007824
      18.050000       0.141878       0.858122      -0.283209       0.008056
      18.100000       0.141063       0.858937      -0.283410       0.008232
      18.150000       0.140233       0.859767      -0.283589       0.008343
      18.200000       0.139398       0.860603      -0.283757       0.008349
      18.250000       0.138569       0.861431      -0.283929       0.008184
      18.300000       0.137768       0.862232      -0.284129       0.007801
      18.350000       0.137016       0.862984      -0.284377       0.007210
      18.400000       0.136331       0.863670      -0.284689       0.006485
      18.450000       0.135720       0.864280      -0.285079       0.005724
      18.500000       0.135185       0.864816      -0.285555       0.005001
      18.550000       0.134718       0.865282      -0.286120       0.004341
      18.600000       0.134314       0.865686      -0.286770       0.003743
      18.650000       0.133967       0.866034      -0.287487       0.003229
      18.700000       0.133664       0.866336      -0.288249       0.002857
      18.750000       0.133388       0.866612      -0.289028       0.002697
      18.800000       0.133117       0.866883      -0.289797       0.002763
      18.850000       0.132830       0.867170      -0.290533       0.002989
      18.900000       0.132518       0.867482      -0.291224       0.003253
      18.950000       0.132182       0.867819      -0.291865       0.003457
      19.000000       0.131829       0.868171      -0.292458       0.003583
      19.050000       0.131465       0.868535      -0.293008       0.003699
      19.100000       0.131086       0.868914      -0.293517       0.003903
      19.150000       0.130680       0.869320      -0.293982       0.004244
      19.200000       0.130234       0.869766      -0.294394       0.004691
      19.250000       0.129741       0.870259      -0.294749       0.005154
      19.300000       0.129206       0.870795      -0.295052       0.005540
      19.350000       0.128637       0.871363      -0.295317       0.005807
      19.400000       0.128048       0.871952      -0.295557       0.005961
      19.450000       0.127448       0.872552      -0.295779       0.006032
      19.500000       0.126844       0.873157      -0.295991       0.006041
      19.550000       0.126241       0.873759      -0.296202       0.006006
      19.600000       0.125643       0.874357      -0.296422       0.005952
      19.650000       0.125050       0.874950      -0.296659       0.005921
      19.700000       0.124457       0.875543      -0.296907       0.005938
      19.750000       0.123862       0.876139      -0.297150       0.005974
      19.800000       0.123265       0.876735      -0.297377       0.005936
      19.850000       0.122681       0.877320      -0.297602       0.005714
      19.900000       0.122130       0.877870      -0.297867       0.005255
      19.950000       0.121636       0.878365      -0.298215       0.004614
      20.000000       0.121209       0.878791      -0.298666       0.003925
