       0.019500       0.999461       0.000539       0.000486       0.019760
       0.039500       0.998272       0.001728       0.001670       0.039665
       0.059500       0.996289       0.003711       0.003643       0.059430
       0.079500       0.993520       0.006480       0.006392       0.078985
       0.099500       0.989974       0.010026       0.009900       0.098262
       0.119500       0.985664       0.014336       0.014145       0.117196
       0.139500       0.980604       0.019396       0.019103       0.135723
       0.159500       0.974812       0.025188       0.024746       0.153783
       0.179500       0.968308       0.031692       0.031045       0.171319
       0.199500       0.961114       0.038886       0.037970       0.188276
       0.219500       0.953255       0.046745       0.045490       0.204603
       0.239500       0.944755       0.055245       0.053573       0.220251
       0.259500       0.935644       0.064356       0.062187       0.235175
       0.279500       0.925952       0.074049       0.071300       0.249332
       0.299500       0.915708       0.084292       0.080878       0.262682
       0.319500       0.904948       0.095052       0.090887       0.275188
       0.339500       0.893705       0.106295       0.101294       0.286816
       0.359500       0.882015       0.117985       0.112061       0.297535
       0.379500       0.869915       0.130085       0.123152       0.307316
       0.399500       0.857443       0.142557       0.134526       0.316136
       0.419500       0.844637       0.155363       0.146145       0.323973
       0.439500       0.831538       0.168462       0.157966       0.330809
       0.459500       0.818186       0.181814       0.169946       0.336632
       0.479500       0.804621       0.195379       0.182042       0.341429
       0.499500       0.790885       0.209115       0.194210       0.345196
       0.519500       0.777019       0.222981       0.206408       0.347928
       0.539500       0.763065       0.236935       0.218592       0.349627
       0.559500       0.749063       0.250937       0.230720       0.350295
       0.579500       0.735055       0.264945       0.242753       0.349939
       0.599500       0.721081       0.278919       0.254650       0.348568
       0.619500       0.707183       0.292817       0.266375       0.346195
       0.639500       0.693399       0.306601       0.277891       0.342833
       0.659500       0.679769       0.320231       0.289164       0.338499
       0.679500       0.666332       0.333668       0.300160       0.333214
       0.699500       0.653125       0.346876       0.310846       0.326999
       0.719500       0.640184       0.359816       0.321191       0.319880
       0.739500       0.627546       0.372454       0.331164       0.311884
       0.759500       0.615245       0.384756       0.340734       0.303042
       0.779500       0.603313       0.396687       0.349872       0.293387
       0.799500       0.591784       0.408216       0.358551       0.282957
       0.819500       0.580687       0.419314       0.366742       0.271791
       0.839500       0.570050       0.429950       0.374420       0.259930
       0.859500       0.559901       0.440099       0.381562       0.247419
       0.879500       0.550264       0.449736       0.388144       0.234304
       0.899500       0.541164       0.458836       0.394148       0.220633
       0.919500       0.532621       0.467380       0.399555       0.206456
       0.939500       0.524654       0.475347       0.404350       0.191823
       0.959500       0.517280       0.482720       0.408521       0.176784
       0.979500       0.510516       0.489485       0.412057       0.161391
       0.999500       0.504373       0.495627       0.414950       0.145696
       1.019500       0.498863       0.501137       0.417196       0.129748
       1.039500       0.493996       0.506005       0.418789       0.113601
       1.059500       0.489777       0.510223       0.419729       0.097303
       1.079500       0.486213       0.513787       0.420015       0.080907
       1.099500       0.483305       0.516695       0.419649       0.064463
       1.119500       0.481056       0.518945       0.418635       0.048022
       1.139500       0.479463       0.520537       0.416978       0.031636
       1.159500       0.478523       0.521477       0.414685       0.015355
       1.179500       0.478232       0.521768       0.411763      -0.000769
       1.199500       0.478582       0.521418       0.408225      -0.016685
       1.219500       0.479564       0.520437       0.404082      -0.032342
       1.239500       0.481165       0.518835       0.399349      -0.047689
       1.259500       0.483374       0.516626       0.394042      -0.062677
       1.279500       0.486174       0.513826       0.388181      -0.077259
       1.299500       0.489549       0.510452       0.381786      -0.091388
       1.319500       0.493479       0.506522       0.374879      -0.105021
       1.339500       0.497943       0.502057       0.367485      -0.118116
       1.359500       0.502920       0.497080       0.359628      -0.130636
       1.379500       0.508386       0.491614       0.351337      -0.142544
       1.399500       0.514315       0.485685       0.342637      -0.153808
       1.419500       0.520681       0.479319       0.333558      -0.164397
       1.439500       0.527458       0.472543       0.324129      -0.174286
       1.459500       0.534615       0.465386       0.314379      -0.183448
       1.479500       0.542123       0.457877       0.304339      -0.191863
       1.499500       0.549953       0.450047       0.294039      -0.199511
       1.519500       0.558074       0.441926       0.283509      -0.206374
       1.539500       0.566453       0.433547       0.272783      -0.212437
       1.559500       0.575058       0.424942       0.261893      -0.217687
       1.579500       0.583857       0.416143       0.250870      -0.222114
       1.599500       0.592816       0.407184       0.239750      -0.225708
       1.619500       0.601902       0.398098       0.228566      -0.228463
       1.639500       0.611082       0.388918       0.217354      -0.230377
       1.659500       0.620321       0.379679       0.206147      -0.231448
       1.679500       0.629586       0.370414       0.194981      -0.231677
       1.699500       0.638844       0.361156       0.183890      -0.231071
       1.719500       0.648061       0.351939       0.172907      -0.229636
       1.739500       0.657204       0.342796       0.162066      -0.227384
       1.759500       0.666241       0.333759       0.151397      -0.224329
       1.779500       0.675140       0.324860       0.140930      -0.220486
       1.799500       0.683870       0.316131       0.130693      -0.215876
       1.819500       0.692400       0.307600       0.120714      -0.210519
       1.839500       0.700701       0.299299       0.111018      -0.204441
       1.859500       0.708746       0.291254       0.101629      -0.197666
       1.879500       0.716506       0.283494       0.092570      -0.190222
       1.899500       0.723955       0.276045       0.083863      -0.182138
       1.919500       0.731069       0.268931       0.075529      -0.173446
       1.939500       0.737823       0.262177       0.067588      -0.164177
       1.959500       0.744196       0.255804       0.060059      -0.154365
       1.979500       0.750166       0.249835       0.052961      -0.144046
       1.999500       0.755713       0.244287       0.046311      -0.133256
       2.019500       0.760820       0.239180       0.040125      -0.122032
       2.039500       0.765470       0.234530       0.034419      -0.110413
       2.059500       0.769649       0.230352       0.029205      -0.098441
       2.079500       0.773341       0.226659       0.024495      -0.086156
       2.099500       0.776537       0.223463       0.020299      -0.073601
       2.119500       0.779227       0.220774       0.016624      -0.060819
       2.139500       0.781401       0.218600       0.013475      -0.047853
       2.159500       0.783053       0.216947       0.010856      -0.034748
       2.179500       0.784179       0.215821       0.008769      -0.021546
       2.199500       0.784776       0.215224       0.007211      -0.008292
       2.219500       0.784842       0.215158       0.006183       0.004972
       2.239500       0.784379       0.215621       0.005679       0.018202
       2.259500       0.783387       0.216613       0.005696       0.031357
       2.279500       0.781872       0.218128       0.006228       0.044395
       2.299500       0.779838       0.220162       0.007267       0.057275
       2.319500       0.777292       0.222708       0.008805       0.069957
       2.339500       0.774244       0.225756       0.010833       0.082402
       2.359500       0.770704       0.229296       0.013340       0.094570
       2.379500       0.766683       0.233317       0.016315       0.106423
       2.399500       0.762195       0.237805       0.019741       0.117925
       2.419500       0.757254       0.242746       0.023605       0.129041
       2.439500       0.751877       0.248123       0.027887       0.139734
       2.459500       0.746081       0.253919       0.032567       0.149973
       2.479500       0.739886       0.260115       0.037624       0.159727
       2.499500       0.733310       0.266690       0.043034       0.168966
       2.519500       0.726376       0.273625       0.048771       0.177663
       2.539500       0.719105       0.280896       0.054808       0.185793
       2.559500       0.711520       0.288480       0.061119       0.193334
       2.579500       0.703646       0.296354       0.067676       0.200266
       2.599500       0.695507       0.304493       0.074450       0.206570
       2.619500       0.687129       0.312871       0.081413       0.212232
       2.639500       0.678537       0.321463       0.088539       0.217237
       2.659500       0.669759       0.330241       0.095802       0.221573
       2.679500       0.660820       0.339180       0.103175       0.225232
       2.699500       0.651749       0.348251       0.110633       0.228204
       2.719500       0.642573       0.357427       0.118152       0.230485
       2.739500       0.633320       0.366680       0.125707       0.232068
       2.759500       0.624017       0.375983       0.133275       0.232952
       2.779500       0.614693       0.385307       0.140830       0.233137
       2.799500       0.605376       0.394625       0.148347       0.232624
       2.819500       0.596092       0.403908       0.155801       0.231418
       2.839500       0.586871       0.413129       0.163165       0.229526
       2.859500       0.577739       0.422261       0.170411       0.226958
       2.879500       0.568723       0.431277       0.177513       0.223726
       2.899500       0.559850       0.440150       0.184441       0.219846
       2.919500       0.551144       0.448856       0.191168       0.215336
       2.939500       0.542631       0.457369       0.197666       0.210217
       2.959500       0.534335       0.465666       0.203908       0.204514
       2.979500       0.526278       0.473723       0.209869       0.198250
       2.999500       0.518482       0.481518       0.215524       0.191455
       3.019500       0.510968       0.489032       0.220854       0.184157
       3.039500       0.503755       0.496245       0.225837       0.176385
       3.059500       0.496863       0.503137       0.230456       0.168171
       3.079500       0.490307       0.509693       0.234697       0.159546
       3.099500       0.484104       0.515896       0.238546       0.150541
       3.119500       0.478269       0.521732       0.241994       0.141186
       3.139500       0.472814       0.527187       0.245031       0.131514
       3.159500       0.467751       0.532249       0.247649       0.121555
       3.179500       0.463093       0.536908       0.249842       0.111342
       3.199500       0.458847       0.541153       0.251606       0.100906
       3.219500       0.455023       0.544978       0.252935       0.090280
       3.239500       0.451627       0.548374       0.253826       0.079496
       3.259500       0.448665       0.551336       0.254276       0.068589
       3.279500       0.446141       0.553860       0.254284       0.057595
       3.299500       0.444058       0.555943       0.253848       0.046550
       3.319500       0.442417       0.557583       0.252968       0.035491
       3.339500       0.441218       0.558782       0.251648       0.024455
       3.359500       0.440460       0.559541       0.249889       0.013483
       3.379500       0.440138       0.559862       0.247698       0.002611
       3.399500       0.440249       0.559751       0.245082      -0.008121
       3.419500       0.440785       0.559215       0.242049      -0.018676
       3.439500       0.441740       0.558260       0.238610      -0.029018
       3.459500       0.443104       0.556897       0.234779      -0.039111
       3.479500       0.444865       0.555135       0.230569      -0.048922
       3.499500       0.447013       0.552987       0.225996      -0.058419
       3.519500       0.449534       0.550466       0.221077      -0.067574
       3.539500       0.452414       0.547586       0.215828      -0.076359
       3.559500       0.455638       0.544363       0.210269      -0.084749
       3.579500       0.459188       0.540812       0.204417      -0.092721
       3.599500       0.463049       0.536951       0.198292      -0.100255
       3.619500       0.467203       0.532797       0.191912      -0.107331
       3.639500       0.471630       0.528371       0.185298      -0.113932
       3.659500       0.476311       0.523689       0.178468      -0.120043
       3.679500       0.481226       0.518774       0.171443      -0.125648
       3.699500       0.486356       0.513644       0.164244      -0.130735
       3.719500       0.491678       0.508322       0.156890      -0.135292
       3.739500       0.497172       0.502828       0.149405      -0.139309
       3.759500       0.502815       0.497185       0.141808      -0.142777
       3.779500       0.508587       0.491414       0.134123      -0.145690
       3.799500       0.514463       0.485537       0.126372      -0.148040
       3.819500       0.520422       0.479578       0.118579      -0.149824
       3.839500       0.526441       0.473559       0.110765      -0.151040
       3.859500       0.532498       0.467502       0.102955      -0.151687
       3.879500       0.538569       0.461431       0.095172      -0.151767
       3.899500       0.544632       0.455368       0.087438      -0.151283
       3.919500       0.550664       0.449336       0.079776      -0.150241
       3.939500       0.556644       0.443357       0.072210      -0.148648
       3.959500       0.562549       0.437452       0.064761      -0.146513
       3.979500       0.568358       0.431643       0.057450      -0.143848
       3.999500       0.574050       0.425951       0.050300      -0.140666
       4.019500       0.579604       0.420396       0.043330      -0.136981
       4.039500       0.585002       0.414999       0.036561      -0.132808
       4.059500       0.590223       0.409778       0.030011      -0.128167
       4.079500       0.595249       0.404751       0.023699      -0.123077
       4.099500       0.600063       0.399937       0.017641      -0.117557
       4.119500       0.604648       0.395352       0.011856      -0.111631
       4.139500       0.608988       0.391012       0.006357      -0.105322
       4.159500       0.613069       0.386931       0.001158      -0.098654
       4.179500       0.616876       0.383124      -0.003728      -0.091653
       4.199500       0.620397       0.379603      -0.008291      -0.084347
       4.219500       0.623620       0.376380      -0.012521      -0.076761
       4.239500       0.626535       0.373465      -0.016412      -0.068924
       4.259500       0.629131       0.370869      -0.019956      -0.060865
       4.279500       0.631401       0.368599      -0.023150      -0.052610
       4.299500       0.633338       0.366662      -0.025989      -0.044189
       4.319500       0.634935       0.365066      -0.028471      -0.035629
       4.339500       0.636187       0.363813      -0.030595      -0.026959
       4.359500       0.637090       0.362910      -0.032359      -0.018207
       4.379500       0.637642       0.362358      -0.033763      -0.009400
       4.399500       0.637842       0.362158      -0.034807      -0.000568
       4.419500       0.637688       0.362312      -0.035492       0.008262
       4.439500       0.637181       0.362819      -0.035820       0.017062
       4.459500       0.636324       0.363676      -0.035795       0.025802
       4.479500       0.635118       0.364882      -0.035419       0.034455
       4.499500       0.633569       0.366431      -0.034699       0.042992
       4.519500       0.631681       0.368319      -0.033640       0.051384
       4.539500       0.629460       0.370540      -0.032252       0.059604
       4.559500       0.626915       0.373085      -0.030544       0.067625
       4.579500       0.624054       0.375947      -0.028527       0.075419
       4.599500       0.620885       0.379115      -0.026216       0.082962
       4.619500       0.617420       0.382580      -0.023622       0.090230
       4.639500       0.613671       0.386330      -0.020764       0.097199
       4.659500       0.609649       0.390352      -0.017655       0.103848
       4.679500       0.605367       0.394633      -0.014313       0.110158
       4.699500       0.600841       0.399159      -0.010756       0.116110
       4.719500       0.596084       0.403917      -0.006999       0.121688
       4.739500       0.591111       0.408889      -0.003060       0.126878
       4.759500       0.585939       0.414062       0.001044       0.131665
       4.779500       0.580583       0.419417       0.005298       0.136039
       4.799500       0.575061       0.424939       0.009684       0.139987
       4.819500       0.569390       0.430610       0.014188       0.143502
       4.839500       0.563587       0.436413       0.018793       0.146574
       4.859500       0.557670       0.442330       0.023483       0.149198
       4.879500       0.551657       0.448343       0.028242       0.151367
       4.899500       0.545567       0.454433       0.033054       0.153079
       4.919500       0.539417       0.460583       0.037900       0.154329
       4.939500       0.533227       0.466774       0.042764       0.155119
       4.959500       0.527014       0.472986       0.047626       0.155447
       4.979500       0.520797       0.479203       0.052467       0.155317
       4.999500       0.514594       0.485406       0.057269       0.154732
       5.019500       0.508424       0.491576       0.062010       0.153699
       5.039500       0.502304       0.497696       0.066672       0.152224
       5.059500       0.496252       0.503748       0.071235       0.150317
       5.079500       0.490285       0.509716       0.075680       0.147989
       5.099500       0.484419       0.515582       0.079990       0.145252
       5.119500       0.478670       0.521330       0.084147       0.142119
       5.139500       0.473054       0.526946       0.088135       0.138605
       5.159500       0.467586       0.532414       0.091941       0.134724
       5.179500       0.462281       0.537719       0.095551       0.130493
       5.199500       0.457151       0.542849       0.098952       0.125928
       5.219500       0.452211       0.547789       0.102133       0.121047
       5.239500       0.447472       0.552529       0.105084       0.115867
       5.259500       0.442945       0.557055       0.107796       0.110408
       5.279500       0.438642       0.561358       0.110258       0.104689
       5.299500       0.434573       0.565427       0.112464       0.098730
       5.319500       0.430747       0.569253       0.114406       0.092552
       5.339500       0.427172       0.572828       0.116076       0.086176
       5.359500       0.423855       0.576145       0.117468       0.079626
       5.379500       0.420804       0.579197       0.118577       0.072926
       5.399500       0.418023       0.581977       0.119399       0.066100
       5.419500       0.415517       0.584483       0.119929       0.059171
       5.439500       0.413290       0.586710       0.120166       0.052167
       5.459500       0.411344       0.588656       0.120110       0.045112
       5.479500       0.409681       0.590319       0.119759       0.038030
       5.499500       0.408302       0.591698       0.119117       0.030948
       5.519500       0.407205       0.592795       0.118186       0.023889
       5.539500       0.406390       0.593610       0.116970       0.016876
       5.559500       0.405854       0.594146       0.115475       0.009933
       5.579500       0.405594       0.594406       0.113708       0.003080
       5.599500       0.405606       0.594394       0.111674      -0.003661
       5.619500       0.405885       0.594115       0.109382      -0.010271
       5.639500       0.406426       0.593574       0.106840      -0.016731
       5.659500       0.407222       0.592779       0.104055      -0.023023
       5.679500       0.408265       0.591735       0.101037      -0.029129
       5.699500       0.409549       0.590451       0.097794      -0.035032
       5.719500       0.411065       0.588935       0.094335      -0.040716
       5.739500       0.412803       0.587197       0.090672      -0.046164
       5.759500       0.414755       0.585245       0.086813      -0.051361
       5.779500       0.416909       0.583092       0.082771      -0.056290
       5.799500       0.419254       0.580746       0.078558      -0.060938
       5.819500       0.421780       0.578220       0.074186      -0.065289
       5.839500       0.424473       0.575527       0.069669      -0.069330
       5.859500       0.427322       0.572678       0.065023      -0.073050
       5.879500       0.430313       0.569687       0.060263      -0.076436
       5.899500       0.433432       0.566568       0.055405      -0.079480
       5.919500       0.436666       0.563334       0.050466      -0.082174
       5.939500       0.440001       0.559999       0.045464      -0.084510
       5.959500       0.443422       0.556578       0.040414      -0.086486
       5.979500       0.446915       0.553085       0.035335      -0.088097
       5.999500       0.450465       0.549535       0.030241      -0.089344
       6.019500       0.454058       0.545942       0.025150      -0.090226
       6.039500       0.457679       0.542322       0.020075      -0.090745
       6.059500       0.461313       0.538687       0.015031      -0.090906
       6.079500       0.464946       0.535054       0.010032      -0.090711
       6.099500       0.468565       0.531435       0.005089      -0.090166
       6.119500       0.472155       0.527845       0.000215      -0.089279
       6.139500       0.475703       0.524297      -0.004579      -0.088055
       6.159500       0.479195       0.520805      -0.009282      -0.086502
       6.179500       0.482619       0.517381      -0.013884      -0.084628
       6.199500       0.485961       0.514039      -0.018375      -0.082443
       6.219500       0.489210       0.510790      -0.022744      -0.079955
       6.239500       0.492354       0.507647      -0.026982      -0.077174
       6.259500       0.495380       0.504620      -0.031077      -0.074111
       6.279500       0.498279       0.501721      -0.035021      -0.070778
       6.299500       0.501039       0.498961      -0.038803      -0.067186
       6.319500       0.503651       0.496350      -0.042412      -0.063350
       6.339500       0.506104       0.493896      -0.045841      -0.059284
       6.359500       0.508390       0.491610      -0.049079      -0.055002
       6.379500       0.510501       0.489499      -0.052119      -0.050522
       6.399500       0.512430       0.487570      -0.054952      -0.045860
       6.419500       0.514168       0.485832      -0.057573      -0.041033
       6.439500       0.515710       0.484290      -0.059975      -0.036062
       6.459500       0.517051       0.482949      -0.062155      -0.030964
       6.479500       0.518186       0.481814      -0.064108      -0.025758
       6.499500       0.519111       0.480889      -0.065832      -0.020464
       6.519500       0.519822       0.480178      -0.067326      -0.015101
       6.539500       0.520318       0.479682      -0.068588      -0.009689
       6.559500       0.520597       0.479403      -0.069621      -0.004246
       6.579500       0.520658       0.479342      -0.070424       0.001209
       6.599500       0.520500       0.479500      -0.071000       0.006657
       6.619500       0.520125       0.479875      -0.071352       0.012079
       6.639500       0.519535       0.480466      -0.071483       0.017459
       6.659500       0.518730       0.481271      -0.071398       0.022777
       6.679500       0.517713       0.482287      -0.071101       0.028016
       6.699500       0.516490       0.483511      -0.070597       0.033160
       6.719500       0.515062       0.484938      -0.069893       0.038193
       6.739500       0.513436       0.486564      -0.068995       0.043098
       6.759500       0.511616       0.488384      -0.067910       0.047860
       6.779500       0.509609       0.490391      -0.066647       0.052465
       6.799500       0.507421       0.492579      -0.065213       0.056900
       6.819500       0.505060       0.494941      -0.063616       0.061151
       6.839500       0.502532       0.497468      -0.061866       0.065207
       6.859500       0.499846       0.500154      -0.059971       0.069057
       6.879500       0.497010       0.502990      -0.057940       0.072690
       6.899500       0.494034       0.505967      -0.055784       0.076097
       6.919500       0.490925       0.509075      -0.053513       0.079268
       6.939500       0.487695       0.512305      -0.051135       0.082198
       6.959500       0.484353       0.515647      -0.048663       0.084877
       6.979500       0.480909       0.519092      -0.046106       0.087301
       6.999500       0.477372       0.522628      -0.043476       0.089463
       7.019500       0.473755       0.526245      -0.040785       0.091361
       7.039500       0.470067       0.529933      -0.038043       0.092988
       7.059500       0.466320       0.533681      -0.035264       0.094344
       7.079500       0.462523       0.537477      -0.032457       0.095426
       7.099500       0.458689       0.541311      -0.029637       0.096233
       7.119500       0.454828       0.545172      -0.026815       0.096764
       7.139500       0.450952       0.549049      -0.024002       0.097021
       7.159500       0.447070       0.552930      -0.021211       0.097005
       7.179500       0.443195       0.556805      -0.018453       0.096717
       7.199500       0.439336       0.560664      -0.015739       0.096163
       7.219500       0.435505       0.564495      -0.013080       0.095344
       7.239500       0.431712       0.568288      -0.010486       0.094268
       7.259500       0.427967       0.572033      -0.007966       0.092939
       7.279500       0.424281       0.575720      -0.005529       0.091364
       7.299500       0.420661       0.579339      -0.003185       0.089550
       7.319500       0.417120       0.582881      -0.000940       0.087506
       7.339500       0.413664       0.586336       0.001197       0.085240
       7.359500       0.410303       0.589697       0.003219       0.082762
       7.379500       0.407046       0.592955       0.005119       0.080082
       7.399500       0.403899       0.596101       0.006889       0.077210
       7.419500       0.400871       0.599129       0.008523       0.074158
       7.439500       0.397969       0.602031       0.010014       0.070937
       7.459500       0.395198       0.604802       0.011356       0.067561
       7.479500       0.392566       0.607434       0.012543       0.064043
       7.499500       0.390077       0.609924       0.013569       0.060395
       7.519500       0.387736       0.612264       0.014430       0.056632
       7.539500       0.385547       0.614453       0.015122       0.052768
       7.559500       0.383515       0.616485       0.015641       0.048818
       7.579500       0.381643       0.618357       0.015986       0.044797
       7.599500       0.379932       0.620068       0.016154       0.040719
       7.619500       0.378386       0.621614       0.016145       0.036598
       7.639500       0.377005       0.622995       0.015960       0.032448
       7.659500       0.375790       0.624210       0.015601       0.028284
       7.679500       0.374742       0.625258       0.015069       0.024119
       7.699500       0.373861       0.626140       0.014366       0.019967
       7.719500       0.373145       0.626856       0.013497       0.015840
       7.739500       0.372593       0.627407       0.012463       0.011751
       7.759500       0.372204       0.627796       0.011270       0.007712
       7.779500       0.371975       0.628025       0.009921       0.003736
       7.799500       0.371904       0.628096       0.008420      -0.000165
       7.819500       0.371987       0.628013       0.006771      -0.003980
       7.839500       0.372221       0.627779       0.004979      -0.007697
       7.859500       0.372602       0.627399       0.003050      -0.011304
       7.879500       0.373124       0.626876       0.000987      -0.014790
       7.899500       0.373783       0.626217      -0.001201      -0.018144
       7.919500       0.374573       0.625427      -0.003510      -0.021355
       7.939500       0.375489       0.624511      -0.005933      -0.024414
       7.959500       0.376524       0.623476      -0.008460      -0.027312
       7.979500       0.377672       0.622328      -0.011084      -0.030040
       7.999500       0.378925       0.621075      -0.013797      -0.032590
       8.019500       0.380277       0.619723      -0.016588      -0.034956
       8.039500       0.381719       0.618281      -0.019449      -0.037133
       8.059500       0.383245       0.616755      -0.022369      -0.039115
       8.079500       0.384846       0.615154      -0.025339      -0.040900
       8.099500       0.386514       0.613486      -0.028349      -0.042484
       8.119500       0.388242       0.611758      -0.031391      -0.043864
       8.139500       0.390021       0.609980      -0.034455      -0.045041
       8.159500       0.391842       0.608158      -0.037532      -0.046012
       8.179500       0.393699       0.606301      -0.040614      -0.046778
       8.199500       0.395582       0.604418      -0.043693      -0.047339
       8.219500       0.397483       0.602517      -0.046762      -0.047695
       8.239500       0.399395       0.600605      -0.049813      -0.047848
       8.259500       0.401308       0.598692      -0.052839      -0.047799
       8.279500       0.403216       0.596784      -0.055833      -0.047550
       8.299500       0.405110       0.594891      -0.058788      -0.047103
       8.319500       0.406982       0.593019      -0.061697      -0.046462
       8.339500       0.408824       0.591176      -0.064553      -0.045630
       8.359500       0.410630       0.589371      -0.067348      -0.044612
       8.379500       0.412391       0.587610      -0.070076      -0.043412
       8.399500       0.414100       0.585900      -0.072730      -0.042037
       8.419500       0.415751       0.584249      -0.075302      -0.040493
       8.439500       0.417337       0.582663      -0.077787      -0.038786
       8.459500       0.418852       0.581148      -0.080177      -0.036926
       8.479500       0.420290       0.579711      -0.082468      -0.034920
       8.499500       0.421644       0.578356      -0.084654      -0.032777
       8.519500       0.422910       0.577090      -0.086730      -0.030505
       8.539500       0.424083       0.575917      -0.088693      -0.028115
       8.559500       0.425158       0.574842      -0.090539      -0.025616
       8.579500       0.426131       0.573869      -0.092266      -0.023017
       8.599500       0.426998       0.573002      -0.093872      -0.020328
       8.619500       0.427756       0.572244      -0.095354      -0.017558
       8.639500       0.428402       0.571599      -0.096712      -0.014717
       8.659500       0.428933       0.571068      -0.097944      -0.011816
       8.679500       0.429346       0.570654      -0.099050      -0.008862
       8.699500       0.429641       0.570359      -0.100029      -0.005867
       8.719500       0.429815       0.570185      -0.100880      -0.002841
       8.739500       0.429868       0.570132      -0.101605       0.000207
       8.759500       0.429799       0.570202      -0.102203       0.003265
       8.779500       0.429607       0.570393      -0.102674       0.006324
       8.799500       0.429293       0.570708      -0.103020       0.009373
       8.819500       0.428857       0.571143      -0.103241       0.012402
       8.839500       0.428301       0.571699      -0.103340       0.015399
       8.859500       0.427626       0.572374      -0.103318       0.018354
       8.879500       0.426833       0.573167      -0.103179       0.021257
       8.899500       0.425926       0.574074      -0.102926       0.024098
       8.919500       0.424907       0.575094      -0.102563       0.026867
       8.939500       0.423778       0.576222      -0.102093       0.029556
       8.959500       0.422543       0.577457      -0.101522       0.032155
       8.979500       0.421207       0.578794      -0.100854       0.034657
       8.999500       0.419772       0.580228      -0.100096       0.037055
       9.019500       0.418244       0.581756      -0.099252       0.039341
       9.039500       0.416626       0.583374      -0.098329       0.041510
       9.059500       0.414925       0.585076      -0.097332       0.043557
       9.079500       0.413144       0.586857      -0.096267       0.045476
       9.099500       0.411288       0.588712      -0.095141       0.047264
       9.119500       0.409364       0.590636      -0.093959       0.048916
       9.139500       0.407377       0.592623      -0.092727       0.050429
       9.159500       0.405332       0.594668      -0.091452       0.051800
       9.179500       0.403235       0.596765      -0.090139       0.053025
       9.199500       0.401092       0.598909      -0.088795       0.054102
       9.219500       0.398909       0.601092      -0.087426       0.055029
       9.239500       0.396691       0.603309      -0.086039       0.055802
       9.259500       0.394446       0.605554      -0.084640       0.056421
       9.279500       0.392180       0.607820      -0.083237       0.056885
       9.299500       0.389898       0.610102      -0.081836       0.057193
       9.319500       0.387606       0.612394      -0.080443       0.057346
       9.339500       0.385312       0.614688      -0.079067       0.057344
       9.359500       0.383021       0.616979      -0.077713       0.057191
       9.379500       0.380739       0.619261      -0.076388       0.056888
       9.399500       0.378472       0.621528      -0.075097       0.056440
       9.419500       0.376226       0.623775      -0.073846       0.055850
       9.439500       0.374006       0.625995      -0.072640       0.055122
       9.459500       0.371818       0.628183      -0.071483       0.054264
       9.479500       0.369666       0.630334      -0.070379       0.053279
       9.499500       0.367557       0.632443      -0.069331       0.052174
       9.519500       0.365494       0.634506      -0.068343       0.050955
       9.539500       0.363482       0.636518      -0.067417       0.049626
       9.559500       0.361525       0.638475      -0.066556       0.048195
       9.579500       0.359628       0.640373      -0.065762       0.046667
       9.599500       0.357793       0.642207      -0.065038       0.045048
       9.619500       0.356025       0.643975      -0.064387       0.043343
       9.639500       0.354327       0.645674      -0.063811       0.041558
       9.659500       0.352701       0.647299      -0.063312       0.039700
       9.679500       0.351152       0.648849      -0.062894       0.037775
       9.699500       0.349680       0.650320      -0.062558       0.035788
       9.719500       0.348289       0.651711      -0.062307       0.033748
       9.739500       0.346981       0.653019      -0.062141       0.031660
       9.759500       0.345757       0.654243      -0.062064       0.029532
       9.779500       0.344619       0.655382      -0.062076       0.027371
       9.799500       0.343568       0.656433      -0.062177       0.025184
       9.819500       0.342604       0.657396      -0.062367       0.022978
       9.839500       0.341729       0.658271      -0.062647       0.020761
       9.859500       0.340943       0.659057      -0.063016       0.018538
       9.879500       0.340246       0.659754      -0.063473       0.016318
       9.899500       0.339638       0.660362      -0.064018       0.014107
       9.919500       0.339118       0.660883      -0.064649       0.011912
       9.939500       0.338685       0.661316      -0.065366       0.009737
       9.959500       0.338338       0.661662      -0.066165       0.007591
       9.979500       0.338077       0.661923      -0.067047       0.005477
       9.999500       0.337899       0.662101      -0.068010       0.003403
      10.019500       0.337804       0.662196      -0.069050       0.001373
      10.039500       0.337789       0.662211      -0.070166      -0.000606
      10.059500       0.337852       0.662148      -0.071355      -0.002530
      10.079500       0.337991       0.662010      -0.072613      -0.004392
      10.099500       0.338202       0.661798      -0.073939      -0.006187
      10.119500       0.338485       0.661516      -0.075327      -0.007909
      10.139500       0.338834       0.661166      -0.076773      -0.009554
      10.159500       0.339248       0.660752      -0.078274      -0.011116
      10.179500       0.339722       0.660278      -0.079826      -0.012590
      10.199500       0.340254       0.659747      -0.081423      -0.013970
      10.219500       0.340838       0.659162      -0.083061      -0.015253
      10.239500       0.341473       0.658528      -0.084736      -0.016434
      10.259500       0.342152       0.657848      -0.086443      -0.017508
      10.279500       0.342872       0.657128      -0.088179      -0.018472
      10.299500       0.343628       0.656372      -0.089938      -0.019322
      10.319500       0.344416       0.655584      -0.091716      -0.020057
      10.339500       0.345231       0.654769      -0.093509      -0.020672
      10.359500       0.346068       0.653932      -0.095312      -0.021168
      10.379500       0.346923       0.653077      -0.097120      -0.021543
      10.399500       0.347790       0.652210      -0.098929      -0.021798
      10.419500       0.348665       0.651335      -0.100733      -0.021933
      10.439500       0.349543       0.650457      -0.102527      -0.021950
      10.459500       0.350420       0.649581      -0.104306      -0.021851
      10.479500       0.351290       0.648711      -0.106063      -0.021640
      10.499500       0.352149       0.647851      -0.107793      -0.021321
      10.519500       0.352994       0.647006      -0.109490      -0.020897
      10.539500       0.353820       0.646180      -0.111150      -0.020375
      10.559500       0.354623       0.645377      -0.112769      -0.019759
      10.579500       0.355399       0.644601      -0.114341      -0.019054
      10.599500       0.356146       0.643854      -0.115863      -0.018266
      10.619500       0.356860       0.643141      -0.117332      -0.017399
      10.639500       0.357537       0.642463      -0.118746      -0.016458
      10.659500       0.358175       0.641825      -0.120102      -0.015448
      10.679500       0.358772       0.641228      -0.121399      -0.014371
      10.699500       0.359324       0.640676      -0.122637      -0.013232
      10.719500       0.359830       0.640171      -0.123814      -0.012034
      10.739500       0.360286       0.639714      -0.124929      -0.010779
      10.759500       0.360691       0.639309      -0.125982      -0.009472
      10.779500       0.361043       0.638957      -0.126972      -0.008114
      10.799500       0.361340       0.638660      -0.127898      -0.006710
      10.819500       0.361579       0.638421      -0.128761      -0.005264
      10.839500       0.361760       0.638240      -0.129558      -0.003781
      10.859500       0.361881       0.638119      -0.130289      -0.002264
      10.879500       0.361941       0.638059      -0.130954      -0.000722
      10.899500       0.361939       0.638061      -0.131551       0.000840
      10.919500       0.361874       0.638126      -0.132080       0.002416
      10.939500       0.361746       0.638255      -0.132542       0.003996
      10.959500       0.361554       0.638446      -0.132937       0.005575
      10.979500       0.361300       0.638701      -0.133267       0.007146
      10.999500       0.360983       0.639018      -0.133532       0.008700
      11.019500       0.360604       0.639396      -0.133734       0.010232
      11.039500       0.360165       0.639836      -0.133877       0.011736
      11.059500       0.359666       0.640335      -0.133961       0.013207
      11.079500       0.359109       0.640892      -0.133990       0.014640
      11.099500       0.358495       0.641505      -0.133966       0.016033
      11.119500       0.357826       0.642174      -0.133892       0.017382
      11.139500       0.357105       0.642895      -0.133769       0.018684
      11.159500       0.356332       0.643668      -0.133600       0.019938
      11.179500       0.355511       0.644490      -0.133386       0.021142
      11.199500       0.354642       0.645359      -0.133131       0.022294
      11.219500       0.353728       0.646272      -0.132834       0.023393
      11.239500       0.352771       0.647229      -0.132500       0.024436
      11.259500       0.351774       0.648227      -0.132129       0.025423
      11.279500       0.350738       0.649262      -0.131724       0.026351
      11.299500       0.349666       0.650334      -0.131287       0.027218
      11.319500       0.348561       0.651439      -0.130822       0.028022
      11.339500       0.347425       0.652575      -0.130330       0.028761
      11.359500       0.346261       0.653739      -0.129817       0.029432
      11.379500       0.345072       0.654928      -0.129284       0.030034
      11.399500       0.343860       0.656141      -0.128736       0.030565
      11.419500       0.342628       0.657373      -0.128177       0.031025
      11.439500       0.341379       0.658622      -0.127610       0.031412
      11.459500       0.340116       0.659885      -0.127038       0.031726
      11.479500       0.338841       0.661159      -0.126466       0.031967
      11.499500       0.337559       0.662441      -0.125897       0.032136
      11.519500       0.336271       0.663729      -0.125332       0.032234
      11.539500       0.334981       0.665019      -0.124775       0.032262
      11.559500       0.333691       0.666309      -0.124228       0.032221
      11.579500       0.332405       0.667596      -0.123692       0.032112
      11.599500       0.331123       0.668877      -0.123170       0.031937
      11.619500       0.329850       0.670150      -0.122664       0.031696
      11.639500       0.328589       0.671412      -0.122175       0.031390
      11.659500       0.327340       0.672660      -0.121706       0.031021
      11.679500       0.326108       0.673893      -0.121258       0.030590
      11.699500       0.324894       0.675106      -0.120834       0.030096
      11.719500       0.323701       0.676299      -0.120437       0.029541
      11.739500       0.322531       0.677469      -0.120069       0.028926
      11.759500       0.321388       0.678613      -0.119732       0.028253
      11.779500       0.320272       0.679728      -0.119431       0.027523
      11.799500       0.319186       0.680814      -0.119167       0.026738
      11.819500       0.318133       0.681867      -0.118943       0.025902
      11.839500       0.317115       0.682885      -0.118762       0.025016
      11.859500       0.316133       0.683868      -0.118625       0.024085
      11.879500       0.315189       0.684812      -0.118535       0.023113
      11.899500       0.314284       0.685716      -0.118493       0.022103
      11.919500       0.313421       0.686579      -0.118499       0.021061
      11.939500       0.312600       0.687401      -0.118554       0.019991
      11.959500       0.311822       0.688178      -0.118659       0.018898
      11.979500       0.311088       0.688912      -0.118811       0.017786
      11.999500       0.310399       0.689601      -0.119012       0.016659
      12.019500       0.309756       0.690245      -0.119259       0.015523
      12.039500       0.309157       0.690843      -0.119552       0.014381
      12.059500       0.308605       0.691395      -0.119891       0.013236
      12.079500       0.308099       0.691902      -0.120273       0.012091
      12.099500       0.307638       0.692362      -0.120699       0.010952
      12.119500       0.307222       0.692778      -0.121167       0.009819
      12.139500       0.306852       0.693148      -0.121676       0.008698
      12.159500       0.306526       0.693474      -0.122225       0.007590
      12.179500       0.306245       0.693756      -0.122814       0.006500
      12.199500       0.306006       0.693994      -0.123441       0.005431
      12.219500       0.305810       0.694190      -0.124105       0.004387
      12.239500       0.305655       0.694346      -0.124805       0.003371
      12.259500       0.305540       0.694461      -0.125539       0.002387
      12.279500       0.305463       0.694537      -0.126306       0.001440
      12.299500       0.305424       0.694576      -0.127103       0.000533
      12.319500       0.305420       0.694580      -0.127928      -0.000330
      12.339500       0.305450       0.694551      -0.128780      -0.001145
      12.359500       0.305511       0.694489      -0.129655      -0.001909
      12.379500       0.305602       0.694399      -0.130552      -0.002619
      12.399500       0.305720       0.694281      -0.131468      -0.003271
      12.419500       0.305863       0.694138      -0.132400      -0.003865
      12.439500       0.306028       0.693972      -0.133345      -0.004399
      12.459500       0.306214       0.693786      -0.134302      -0.004872
      12.479500       0.306417       0.693583      -0.135268      -0.005286
      12.499500       0.306636       0.693364      -0.136240      -0.005639
      12.519500       0.306867       0.693133      -0.137215      -0.005935
      12.539500       0.307110       0.692890      -0.138192      -0.006175
      12.559500       0.307361       0.692640      -0.139168      -0.006361
      12.579500       0.307618       0.692382      -0.140141      -0.006497
      12.599500       0.307880       0.692120      -0.141109      -0.006584
      12.619500       0.308144       0.691856      -0.142069      -0.006626
      12.639500       0.308409       0.691591      -0.143021      -0.006626
      12.659500       0.308674       0.691327      -0.143962      -0.006585
      12.679500       0.308936       0.691065      -0.144891      -0.006507
      12.699500       0.309194       0.690806      -0.145807      -0.006392
      12.719500       0.309447       0.690554      -0.146709      -0.006241
      12.739500       0.309693       0.690308      -0.147595      -0.006055
      12.759500       0.309930       0.690070      -0.148465      -0.005834
      12.779500       0.310159       0.689841      -0.149318      -0.005579
      12.799500       0.310376       0.689624      -0.150153      -0.005288
      12.819500       0.310581       0.689419      -0.150968      -0.004962
      12.839500       0.310773       0.689227      -0.151763      -0.004599
      12.859500       0.310949       0.689051      -0.152537      -0.004202
      12.879500       0.311108       0.688892      -0.153289      -0.003769
      12.899500       0.311250       0.688750      -0.154017      -0.003301
      12.919500       0.311372       0.688628      -0.154720      -0.002801
      12.939500       0.311474       0.688527      -0.155397      -0.002270
      12.959500       0.311553       0.688447      -0.156047      -0.001711
      12.979500       0.311610       0.688390      -0.156669      -0.001126
      12.999500       0.311643       0.688357      -0.157262      -0.000518
      13.019500       0.311651       0.688349      -0.157826       0.000110
      13.039500       0.311634       0.688366      -0.158360       0.000754
      13.059500       0.311591       0.688409      -0.158864       0.001411
      13.079500       0.311521       0.688479      -0.159338       0.002078
      13.099500       0.311424       0.688576      -0.159782       0.002754
      13.119500       0.311301       0.688700      -0.160197       0.003436
      13.139500       0.311149       0.688851      -0.160582       0.004123
      13.159500       0.310971       0.689029      -0.160939       0.004813
      13.179500       0.310764       0.689236      -0.161268       0.005506
      13.199500       0.310530       0.689470      -0.161568       0.006201
      13.219500       0.310268       0.689732      -0.161841       0.006898
      13.239500       0.309978       0.690022      -0.162086       0.007595
      13.259500       0.309661       0.690340      -0.162303       0.008292
      13.279500       0.309315       0.690685      -0.162493       0.008988
      13.299500       0.308942       0.691059      -0.162654       0.009681
      13.319500       0.308541       0.691460      -0.162788       0.010368
      13.339500       0.308112       0.691888      -0.162894       0.011047
      13.359500       0.307657       0.692343      -0.162973       0.011715
      13.379500       0.307175       0.692825      -0.163025       0.012368
      13.399500       0.306668       0.693332      -0.163051       0.013001
      13.419500       0.306136       0.693865      -0.163052       0.013611
      13.439500       0.305579       0.694421      -0.163030       0.014194
      13.459500       0.305000       0.695000      -0.162986       0.014747
      13.479500       0.304400       0.695600      -0.162923       0.015266
      13.499500       0.303780       0.696221      -0.162843       0.015750
      13.519500       0.303141       0.696860      -0.162748       0.016196
      13.539500       0.302484       0.697516      -0.162640       0.016604
      13.559500       0.301813       0.698188      -0.162522       0.016974
      13.579500       0.301127       0.698873      -0.162396       0.017307
      13.599500       0.300429       0.699572      -0.162262       0.017605
      13.619500       0.299719       0.700281      -0.162122       0.017869
      13.639500       0.299000       0.701001      -0.161977       0.018102
      13.659500       0.298271       0.701729      -0.161828       0.018305
      13.679500       0.297535       0.702465      -0.161674       0.018480
      13.699500       0.296793       0.703207      -0.161517       0.018629
      13.719500       0.296045       0.703955      -0.161355       0.018752
      13.739500       0.295293       0.704707      -0.161191       0.018849
      13.759500       0.294538       0.705462      -0.161024       0.018920
      13.779500       0.293780       0.706220      -0.160856       0.018963
      13.799500       0.293021       0.706979      -0.160687       0.018978
      13.819500       0.292262       0.707738      -0.160519       0.018960
      13.839500       0.291505       0.708495      -0.160353       0.018909
      13.859500       0.290750       0.709250      -0.160192       0.018820
      13.879500       0.290000       0.710000      -0.160038       0.018693
      13.899500       0.289255       0.710745      -0.159892       0.018523
      13.919500       0.288518       0.711482      -0.159759       0.018311
      13.939500       0.287791       0.712209      -0.159640       0.018054
      13.959500       0.287075       0.712925      -0.159538       0.017752
      13.979500       0.286371       0.713629      -0.159456       0.017407
      13.999500       0.285683       0.714318      -0.159394       0.017020
      14.019500       0.285010       0.714990      -0.159356       0.016592
      14.039500       0.284356       0.715644      -0.159341       0.016126
      14.059500       0.283721       0.716279      -0.159352       0.015626
      14.079500       0.283106       0.716894      -0.159389       0.015096
      14.099500       0.282513       0.717487      -0.159452       0.014538
      14.119500       0.281943       0.718057      -0.159541       0.013959
      14.139500       0.281397       0.718603      -0.159658       0.013361
      14.159500       0.280875       0.719125      -0.159800       0.012749
      14.179500       0.280377       0.719623      -0.159970       0.012127
      14.199500       0.279905       0.720095      -0.160165       0.011499
      14.219500       0.279457       0.720543      -0.160387       0.010870
      14.239500       0.279035       0.720965      -0.160635       0.010243
      14.259500       0.278638       0.721362      -0.160907       0.009621
      14.279500       0.278265       0.721735      -0.161204       0.009008
      14.299500       0.277917       0.722083      -0.161525       0.008407
      14.319500       0.277593       0.722408      -0.161868       0.007819
      14.339500       0.277291       0.722709      -0.162232       0.007249
      14.359500       0.277012       0.722988      -0.162616       0.006697
      14.379500       0.276755       0.723245      -0.163019       0.006165
      14.399500       0.276519       0.723481      -0.163438       0.005655
      14.419500       0.276303       0.723698      -0.163872       0.005167
      14.439500       0.276105       0.723895      -0.164321       0.004704
      14.459500       0.275926       0.724074      -0.164782       0.004265
      14.479500       0.275764       0.724237      -0.165255       0.003852
      14.499500       0.275617       0.724383      -0.165739       0.003463
      14.519500       0.275486       0.724514      -0.166232       0.003099
      14.539500       0.275369       0.724631      -0.166735       0.002760
      14.559500       0.275265       0.724735      -0.167246       0.002444
      14.579500       0.275173       0.724827      -0.167764       0.002152
      14.599500       0.275093       0.724908      -0.168289       0.001883
      14.619500       0.275022       0.724978      -0.168821       0.001635
      14.639500       0.274962       0.725039      -0.169357       0.001407
      14.659500       0.274910       0.725091      -0.169898       0.001200
      14.679500       0.274865       0.725135      -0.170442       0.001011
      14.699500       0.274828       0.725172      -0.170989       0.000840
      14.719500       0.274798       0.725202      -0.171536       0.000687
      14.739500       0.274773       0.725227      -0.172084       0.000551
      14.759500       0.274754       0.725247      -0.172630       0.000433
      14.779500       0.274738       0.725262      -0.173174       0.000332
      14.799500       0.274727       0.725273      -0.173715       0.000249
      14.819500       0.274718       0.725282      -0.174251       0.000185
      14.839500       0.274712       0.725288      -0.174782       0.000140
      14.859500       0.274707       0.725293      -0.175308       0.000114
      14.879500       0.274702       0.725298      -0.175826       0.000107
      14.899500       0.274698       0.725302      -0.176339       0.000121
      14.919500       0.274693       0.725308      -0.176844       0.000154
      14.939500       0.274685       0.725315      -0.177342       0.000207
      14.959500       0.274676       0.725325      -0.177833       0.000278
      14.979500       0.274663       0.725337      -0.178317       0.000366
      14.999500       0.274646       0.725354      -0.178794       0.000470
      15.019500       0.274625       0.725375      -0.179263       0.000589
      15.039500       0.274599       0.725401      -0.179726       0.000720
      15.059500       0.274567       0.725433      -0.180182       0.000861
      15.079500       0.274530       0.725470      -0.180629       0.001011
      15.099500       0.274486       0.725514      -0.181070       0.001167
      15.119500       0.274437       0.725564      -0.181502       0.001329
      15.139500       0.274380       0.725620      -0.181926       0.001494
      15.159500       0.274317       0.725683      -0.182342       0.001662
      15.179500       0.274247       0.725753      -0.182749       0.001834
      15.199500       0.274170       0.725830      -0.183147       0.002008
      15.219500       0.274086       0.725914      -0.183537       0.002188
      15.239500       0.273995       0.726005      -0.183918       0.002373
      15.259500       0.273896       0.726104      -0.184289       0.002567
      15.279500       0.273790       0.726211      -0.184650       0.002771
      15.299500       0.273674       0.726326      -0.185001       0.002989
      15.319500       0.273550       0.726450      -0.185341       0.003221
      15.339500       0.273417       0.726584      -0.185670       0.003470
      15.359500       0.273272       0.726728      -0.185986       0.003738
      15.379500       0.273117       0.726883      -0.186289       0.004024
      15.399500       0.272950       0.727050      -0.186577       0.004329
      15.419500       0.272771       0.727230      -0.186851       0.004652
      15.439500       0.272578       0.727422      -0.187110       0.004991
      15.459500       0.272371       0.727629      -0.187352       0.005343
      15.479500       0.272150       0.727850      -0.187579       0.005706
      15.499500       0.271915       0.728086      -0.187789       0.006076
      15.519500       0.271664       0.728336      -0.187983       0.006449
      15.539500       0.271399       0.728601      -0.188162       0.006821
      15.559500       0.271119       0.728882      -0.188325       0.007190
      15.579500       0.270824       0.729176      -0.188473       0.007550
      15.599500       0.270515       0.729486      -0.188608       0.007901
      15.619500       0.270192       0.729808      -0.188731       0.008239
      15.639500       0.269856       0.730144      -0.188841       0.008563
      15.659500       0.269507       0.730493      -0.188939       0.008873
      15.679500       0.269146       0.730854      -0.189027       0.009167
      15.699500       0.268774       0.731226      -0.189103       0.009447
      15.719500       0.268391       0.731610      -0.189170       0.009712
      15.739500       0.267997       0.732003      -0.189226       0.009963
      15.759500       0.267594       0.732407      -0.189271       0.010201
      15.779500       0.267181       0.732819      -0.189307       0.010424
      15.799500       0.266760       0.733240      -0.189333       0.010634
      15.819500       0.266331       0.733670      -0.189349       0.010830
      15.839500       0.265894       0.734106      -0.189357       0.011011
      15.859500       0.265450       0.734550      -0.189356       0.011175
      15.879500       0.265000       0.735000      -0.189349       0.011322
      15.899500       0.264545       0.735456      -0.189337       0.011449
      15.919500       0.264084       0.735916      -0.189321       0.011556
      15.939500       0.263620       0.736380      -0.189304       0.011639
      15.959500       0.263154       0.736847      -0.189287       0.011698
      15.979500       0.262685       0.737315      -0.189273       0.011730
      15.999500       0.262215       0.737785      -0.189262       0.011737
      16.019500       0.261746       0.738254      -0.189258       0.011717
      16.039500       0.261278       0.738722      -0.189262       0.011672
      16.059500       0.260813       0.739187      -0.189274       0.011601
      16.079500       0.260351       0.739650      -0.189295       0.011508
      16.099500       0.259893       0.740108      -0.189325       0.011394
      16.119500       0.259439       0.740561      -0.189366       0.011261
      16.139500       0.258992       0.741008      -0.189415       0.011112
      16.159500       0.258551       0.741450      -0.189473       0.010949
      16.179500       0.258116       0.741884      -0.189540       0.010775
      16.199500       0.257689       0.742312      -0.189615       0.010591
      16.219500       0.257269       0.742731      -0.189697       0.010399
      16.239500       0.256857       0.743143      -0.189787       0.010199
      16.259500       0.256453       0.743547      -0.189885       0.009993
      16.279500       0.256058       0.743943      -0.189991       0.009781
      16.299500       0.255671       0.744330      -0.190104       0.009561
      16.319500       0.255293       0.744708      -0.190227       0.009334
      16.339500       0.254924       0.745076      -0.190358       0.009098
      16.359500       0.254565       0.745435      -0.190499       0.008853
      16.379500       0.254216       0.745784      -0.190651       0.008597
      16.399500       0.253877       0.746123      -0.190813       0.008330
      16.419500       0.253550       0.746451      -0.190987       0.008052
      16.439500       0.253233       0.746767      -0.191172       0.007763
      16.459500       0.252929       0.747072      -0.191369       0.007464
      16.479500       0.252636       0.747364      -0.191578       0.007156
      16.499500       0.252356       0.747644      -0.191800       0.006841
      16.519500       0.252089       0.747911      -0.192033       0.006521
      16.539500       0.251835       0.748166      -0.192278       0.006198
      16.559500       0.251593       0.748407      -0.192535       0.005877
      16.579500       0.251365       0.748636      -0.192803       0.005559
      16.599500       0.251148       0.748852      -0.193082       0.005248
      16.619500       0.250945       0.749056      -0.193372       0.004947
      16.639500       0.250752       0.749248      -0.193672       0.004660
      16.659500       0.250572       0.749429      -0.193982       0.004388
      16.679500       0.250401       0.749599      -0.194301       0.004134
      16.699500       0.250241       0.749760      -0.194629       0.003901
      16.719500       0.250089       0.749911      -0.194964       0.003689
      16.739500       0.249945       0.750055      -0.195307       0.003500
      16.759500       0.249809       0.750192      -0.195655       0.003333
      16.779500       0.249678       0.750322      -0.196008       0.003189
      16.799500       0.249553       0.750447      -0.196365       0.003068
      16.819500       0.249432       0.750568      -0.196724       0.002969
      16.839500       0.249315       0.750685      -0.197084       0.002891
      16.859500       0.249201       0.750799      -0.197443       0.002833
      16.879500       0.249088       0.750912      -0.197800       0.002793
      16.899500       0.248977       0.751023      -0.198154       0.002771
      16.919500       0.248867       0.751134      -0.198504       0.002764
      16.939500       0.248756       0.751244      -0.198850       0.002773
      16.959500       0.248645       0.751356      -0.199189       0.002795
      16.979500       0.248532       0.751468      -0.199522       0.002830
      16.999500       0.248418       0.751582      -0.199848       0.002876
      17.019500       0.248302       0.751698      -0.200167       0.002932
      17.039500       0.248183       0.751817      -0.200479       0.002997
      17.059500       0.248062       0.751938      -0.200784       0.003068
      17.079500       0.247938       0.752062      -0.201081       0.003146
      17.099500       0.247810       0.752190      -0.201372       0.003226
      17.119500       0.247680       0.752321      -0.201656       0.003309
      17.139500       0.247546       0.752455      -0.201934       0.003390
      17.159500       0.247409       0.752592      -0.202207       0.003468
      17.179500       0.247268       0.752732      -0.202474       0.003542
      17.199500       0.247125       0.752875      -0.202736       0.003608
      17.219500       0.246980       0.753020      -0.202994       0.003665
      17.239500       0.246832       0.753168      -0.203248       0.003712
      17.259500       0.246683       0.753317      -0.203498       0.003748
      17.279500       0.246533       0.753468      -0.203746       0.003772
      17.299500       0.246381       0.753619      -0.203990       0.003784
      17.319500       0.246230       0.753770      -0.204233       0.003784
      17.339500       0.246079       0.753921      -0.204475       0.003774
      17.359500       0.245928       0.754072      -0.204715       0.003755
      17.379500       0.245779       0.754222      -0.204956       0.003728
      17.399500       0.245630       0.754370      -0.205196       0.003697
      17.419500       0.245483       0.754517      -0.205436       0.003663
      17.439500       0.245337       0.754663      -0.205677       0.003628
      17.459500       0.245193       0.754808      -0.205918       0.003597
      17.479500       0.245049       0.754951      -0.206159       0.003569
      17.499500       0.244907       0.755093      -0.206400       0.003548
      17.519500       0.244765       0.755235      -0.206641       0.003535
      17.539500       0.244624       0.755376      -0.206881       0.003531
      17.559500       0.244483       0.755518      -0.207120       0.003536
      17.579500       0.244341       0.755659      -0.207357       0.003551
      17.599500       0.244198       0.755802      -0.207593       0.003576
      17.619500       0.244055       0.755946      -0.207827       0.003611
      17.639500       0.243909       0.756091      -0.208058       0.003657
      17.659500       0.243762       0.756238      -0.208287       0.003713
      17.679500       0.243612       0.756388      -0.208514       0.003779
      17.699500       0.243460       0.756541      -0.208737       0.003857
      17.719500       0.243304       0.756697      -0.208957       0.003945
      17.739500       0.243144       0.756856      -0.209174       0.004046
      17.759500       0.242980       0.757021      -0.209386       0.004158
      17.779500       0.242811       0.757189      -0.209594       0.004284
      17.799500       0.242637       0.757363      -0.209797       0.004423
      17.819500       0.242457       0.757543      -0.209993       0.004575
      17.839500       0.242271       0.757730      -0.210183       0.004740
      17.859500       0.242078       0.757923      -0.210365       0.004917
      17.879500       0.241877       0.758123      -0.210538       0.005104
      17.899500       0.241669       0.758331      -0.210703       0.005300
      17.919500       0.241453       0.758547      -0.210858       0.005500
      17.939500       0.241229       0.758771      -0.211004       0.005702
      17.959500       0.240997       0.759003      -0.211140       0.005902
      17.979500       0.240757       0.759243      -0.211267       0.006097
      17.999500       0.240509       0.759491      -0.211386       0.006281
      18.019500       0.240255       0.759746      -0.211498       0.006452
      18.039500       0.239993       0.760007      -0.211603       0.006607
      18.059500       0.239726       0.760274      -0.211703       0.006743
      18.079500       0.239454       0.760546      -0.211800       0.006861
      18.099500       0.239178       0.760822      -0.211895       0.006958
      18.119500       0.238898       0.761102      -0.211988       0.007037
      18.139500       0.238615       0.761385      -0.212081       0.007099
      18.159500       0.238330       0.761670      -0.212174       0.007146
      18.179500       0.238044       0.761957      -0.212269       0.007181
      18.199500       0.237756       0.762245      -0.212364       0.007208
      18.219500       0.237467       0.762533      -0.212459       0.007231
      18.239500       0.237177       0.762823      -0.212555       0.007253
      18.259500       0.236887       0.763114      -0.212649       0.007276
      18.279500       0.236595       0.763405      -0.212743       0.007303
      18.299500       0.236302       0.763698      -0.212834       0.007336
      18.319500       0.236008       0.763992      -0.212921       0.007375
      18.339500       0.235712       0.764288      -0.213005       0.007418
      18.359500       0.235415       0.764586      -0.213085       0.007466
      18.379500       0.235115       0.764885      -0.213160       0.007513
      18.399500       0.234814       0.765187      -0.213232       0.007558
      18.419500       0.234510       0.765490      -0.213300       0.007596
      18.439500       0.234206       0.765794      -0.213365       0.007623
      18.459500       0.233901       0.766099      -0.213429       0.007635
      18.479500       0.233596       0.766405      -0.213494       0.007627
      18.499500       0.233291       0.766709      -0.213559       0.007597
      18.519500       0.232988       0.767012      -0.213628       0.007541
      18.539500       0.232688       0.767312      -0.213700       0.007460
      18.559500       0.232392       0.767609      -0.213778       0.007351
      18.579500       0.232100       0.767900      -0.213861       0.007216
      18.599500       0.231815       0.768185      -0.213951       0.007055
      18.619500       0.231536       0.768464      -0.214049       0.006872
      18.639500       0.231265       0.768735      -0.214153       0.006670
      18.659500       0.231003       0.768997      -0.214266       0.006451
      18.679500       0.230749       0.769251      -0.214388       0.006221
      18.699500       0.230505       0.769495      -0.214518       0.005984
      18.719500       0.230271       0.769730      -0.214657       0.005745
      18.739500       0.230046       0.769955      -0.214806       0.005506
      18.759500       0.229830       0.770170      -0.214964       0.005273
      18.779500       0.229624       0.770377      -0.215132       0.005049
      18.799500       0.229426       0.770574      -0.215310       0.004835
      18.819500       0.229237       0.770764      -0.215496       0.004634
      18.839500       0.229055       0.770945      -0.215691       0.004446
      18.859500       0.228881       0.771119      -0.215893       0.004271
      18.879500       0.228713       0.771287      -0.216102       0.004110
      18.899500       0.228552       0.771448      -0.216317       0.003961
      18.919500       0.228396       0.771604      -0.216537       0.003823
      18.939500       0.228246       0.771754      -0.216760       0.003694
      18.959500       0.228101       0.771900      -0.216986       0.003573
      18.979500       0.227960       0.772040      -0.217214       0.003458
      18.999500       0.227824       0.772176      -0.217444       0.003348
      19.019500       0.227692       0.772308      -0.217675       0.003242
      19.039500       0.227564       0.772436      -0.217908       0.003140
      19.059500       0.227441       0.772559      -0.218143       0.003042
      19.079500       0.227321       0.772679      -0.218381       0.002948
      19.099500       0.227205       0.772795      -0.218621       0.002858
      19.119500       0.227092       0.772908      -0.218864       0.002775
      19.139500       0.226983       0.773017      -0.219110       0.002700
      19.159500       0.226876       0.773124      -0.219360       0.002634
      19.179500       0.226772       0.773228      -0.219613       0.002578
      19.199500       0.226670       0.773330      -0.219868       0.002534
      19.219500       0.226569       0.773431      -0.220126       0.002503
      19.239500       0.226469       0.773531      -0.220385       0.002485
      19.259500       0.226370       0.773630      -0.220643       0.002480
      19.279500       0.226271       0.773729      -0.220901       0.002488
      19.299500       0.226171       0.773829      -0.221155       0.002507
      19.319500       0.226070       0.773930      -0.221407       0.002539
      19.339500       0.225968       0.774033      -0.221653       0.002580
      19.359500       0.225863       0.774137      -0.221894       0.002631
      19.379500       0.225757       0.774243      -0.222130       0.002690
      19.399500       0.225648       0.774352      -0.222358       0.002758
      19.419500       0.225536       0.774464      -0.222580       0.002832
      19.439500       0.225421       0.774579      -0.222796       0.002914
      19.459500       0.225303       0.774697      -0.223004       0.003004
      19.479500       0.225181       0.774819      -0.223207       0.003102
      19.499500       0.225055       0.774945      -0.223402       0.003208
      19.519500       0.224924       0.775076      -0.223591       0.003323
      19.539500       0.224789       0.775211      -0.223773       0.003447
      19.559500       0.224648       0.775352      -0.223948       0.003580
      19.579500       0.224502       0.775498      -0.224116       0.003721
      19.599500       0.224351       0.775650      -0.224276       0.003869
      19.619500       0.224193       0.775808      -0.224428       0.004022
      19.639500       0.224029       0.775972      -0.224572       0.004178
      19.659500       0.223859       0.776142      -0.224707       0.004332
      19.679500       0.223682       0.776318      -0.224833       0.004483
      19.699500       0.223500       0.776500      -0.224952       0.004625
      19.719500       0.223312       0.776688      -0.225062       0.004756
      19.739500       0.223120       0.776880      -0.225165       0.004871
      19.759500       0.222923       0.777077      -0.225263       0.004967
      19.779500       0.222723       0.777278      -0.225356       0.005043
      19.799500       0.222520       0.777480      -0.225447       0.005096
      19.819500       0.222315       0.777685      -0.225537       0.005125
      19.839500       0.222110       0.777890      -0.225627       0.005130
      19.859500       0.221905       0.778095      -0.225719       0.005111
      19.879500       0.221702       0.778299      -0.225814       0.005071
      19.899500       0.221500       0.778500      -0.225914       0.005010
      19.919500       0.221301       0.778699      -0.226019       0.004932
      19.939500       0.221105       0.778895      -0.226129       0.004840
      19.959500       0.220914       0.779086      -0.226246       0.004735
      19.979500       0.220727       0.779273      -0.226368       0.004621
      19.999500       0.220544       0.779456      -0.226495       0.004500
