       0.000000       1.000000       0.000000       0.000594       0.000304
       0.016000       1.000000       0.000000       0.002862       0.068218
       0.032000       1.000000       0.000000       0.007872       0.133274
       0.048000       1.000000       0.000000       0.015384       0.191552
       0.064000       1.000000       0.000000       0.025487       0.243372
       0.080000       1.000000       0.000000       0.035567       0.284773
       0.096000       1.000000       0.000000       0.046273       0.318018
       0.112000       1.000000       0.000000       0.056645       0.341603
       0.128000       1.000000       0.000000       0.066444       0.357788
       0.144000       1.000000       0.000000       0.075640       0.366525
       0.160000       1.000000       0.000000       0.083476       0.370083
       0.176000       0.999850       0.000150       0.090496       0.370554
       0.192000       0.999279       0.000721       0.096412       0.368796
       0.208000       0.998195       0.001805       0.101612       0.365633
       0.224000       0.996413       0.003587       0.106479       0.361424
       0.240000       0.993952       0.006048       0.110440       0.356276
       0.256000       0.990756       0.009244       0.114390       0.350211
       0.272000       0.986879       0.013121       0.117855       0.343738
       0.288000       0.982243       0.017757       0.120890       0.336495
       0.304000       0.976774       0.023226       0.123946       0.328343
       0.320000       0.970686       0.029314       0.125883       0.320116
       0.336000       0.963802       0.036198       0.127669       0.311915
       0.352000       0.956318       0.043682       0.129148       0.303534
       0.368000       0.948151       0.051849       0.130354       0.294768
       0.384000       0.939432       0.060568       0.130911       0.285608
       0.400000       0.930027       0.069973       0.131092       0.276795
       0.416000       0.920156       0.079844       0.130923       0.268166
       0.432000       0.909999       0.090001       0.130115       0.259626
       0.448000       0.899564       0.100436       0.129308       0.250615
       0.464000       0.889593       0.110407       0.128196       0.242098
       0.480000       0.879903       0.120097       0.127026       0.233664
       0.496000       0.870676       0.129324       0.125428       0.225732
       0.512000       0.862102       0.137898       0.123774       0.218184
       0.528000       0.854162       0.145838       0.121844       0.210710
       0.544000       0.846489       0.153511       0.119568       0.203574
       0.560000       0.839773       0.160227       0.117547       0.196749
       0.576000       0.833550       0.166450       0.115687       0.190562
       0.592000       0.827593       0.172407       0.113497       0.184489
       0.608000       0.822164       0.177836       0.110926       0.178721
       0.624000       0.817078       0.182922       0.108558       0.173238
       0.640000       0.812566       0.187434       0.106309       0.168199
       0.656000       0.808395       0.191605       0.104002       0.163249
       0.672000       0.804709       0.195291       0.101448       0.158568
       0.688000       0.801261       0.198739       0.099081       0.153722
       0.704000       0.797690       0.202310       0.097115       0.149488
       0.720000       0.794268       0.205732       0.094636       0.145798
       0.736000       0.791173       0.208827       0.092531       0.142392
       0.752000       0.788361       0.211639       0.090317       0.138904
       0.768000       0.785309       0.214691       0.087857       0.135244
       0.784000       0.782864       0.217136       0.085356       0.132076
       0.800000       0.780243       0.219757       0.083217       0.129376
       0.816000       0.777853       0.222147       0.081011       0.127055
       0.832000       0.775367       0.224633       0.078946       0.124452
       0.848000       0.772926       0.227074       0.076799       0.122210
       0.864000       0.770511       0.229489       0.074346       0.120331
       0.880000       0.768039       0.231961       0.072464       0.118243
       0.896000       0.765713       0.234287       0.070335       0.116523
       0.912000       0.763203       0.236797       0.068371       0.114920
       0.928000       0.760789       0.239211       0.066633       0.113569
       0.944000       0.758216       0.241784       0.065191       0.111779
       0.960000       0.755762       0.244238       0.063701       0.110659
       0.976000       0.753075       0.246925       0.061993       0.109468
       0.992000       0.750486       0.249514       0.060443       0.108682
       1.008000       0.747525       0.252475       0.058610       0.107470
       1.024000       0.744623       0.255377       0.057049       0.106578
       1.040000       0.741745       0.258255       0.055270       0.105600
       1.056000       0.738883       0.261117       0.053819       0.104600
       1.072000       0.735862       0.264138       0.052175       0.103968
       1.088000       0.732853       0.267147       0.050640       0.103239
       1.104000       0.729900       0.270100       0.049058       0.102536
       1.120000       0.726535       0.273465       0.047785       0.101421
       1.136000       0.723208       0.276792       0.046018       0.100671
       1.152000       0.719741       0.280259       0.044569       0.099607
       1.168000       0.716482       0.283518       0.043288       0.099109
       1.184000       0.712956       0.287044       0.041745       0.098337
       1.200000       0.709627       0.290373       0.040512       0.097470
       1.216000       0.705920       0.294080       0.039328       0.095927
       1.232000       0.702400       0.297600       0.038162       0.095228
       1.248000       0.698767       0.301233       0.037057       0.094026
       1.264000       0.695042       0.304958       0.035713       0.093223
       1.280000       0.691614       0.308386       0.034657       0.092117
       1.296000       0.688115       0.311885       0.033570       0.090737
       1.312000       0.684761       0.315239       0.032410       0.089567
       1.328000       0.681552       0.318448       0.031454       0.088021
       1.344000       0.677996       0.322004       0.030191       0.086461
       1.360000       0.674553       0.325447       0.028912       0.085000
       1.376000       0.671135       0.328865       0.027867       0.083379
       1.392000       0.668019       0.331981       0.026635       0.082086
       1.408000       0.664978       0.335022       0.025366       0.080706
       1.424000       0.661772       0.338228       0.023990       0.078995
       1.440000       0.658697       0.341303       0.023125       0.077410
       1.456000       0.655703       0.344297       0.021890       0.075677
       1.472000       0.652939       0.347061       0.020370       0.074310
       1.488000       0.650040       0.349960       0.019229       0.072963
       1.504000       0.647220       0.352780       0.018007       0.071738
       1.520000       0.644649       0.355351       0.016993       0.070802
       1.536000       0.641970       0.358030       0.016078       0.069103
       1.552000       0.639177       0.360823       0.014917       0.067861
       1.568000       0.636540       0.363460       0.013414       0.066608
       1.584000       0.634156       0.365844       0.012204       0.065047
       1.600000       0.631874       0.368126       0.011208       0.063886
       1.616000       0.629596       0.370404       0.010210       0.062677
       1.632000       0.627591       0.372409       0.009253       0.061424
       1.648000       0.625237       0.374763       0.008140       0.060046
       1.664000       0.623400       0.376600       0.007035       0.059056
       1.680000       0.621561       0.378439       0.006100       0.058218
       1.696000       0.619910       0.380090       0.005067       0.057431
       1.712000       0.617910       0.382090       0.003564       0.057161
       1.728000       0.616330       0.383670       0.002575       0.056685
       1.744000       0.614556       0.385444       0.001204       0.055885
       1.760000       0.612900       0.387100       0.000031       0.055297
       1.776000       0.611584       0.388416      -0.000980       0.055120
       1.792000       0.610294       0.389706      -0.002041       0.054314
       1.808000       0.608843       0.391157      -0.002835       0.054238
       1.824000       0.607377       0.392623      -0.004009       0.053610
       1.840000       0.606052       0.393948      -0.004614       0.053888
       1.856000       0.604654       0.395346      -0.005454       0.053504
       1.872000       0.603347       0.396653      -0.006640       0.053074
       1.888000       0.601862       0.398138      -0.007137       0.052906
       1.904000       0.600469       0.399531      -0.008028       0.052682
       1.920000       0.598969       0.401031      -0.009064       0.052982
       1.936000       0.597494       0.402506      -0.009854       0.052815
       1.952000       0.595871       0.404129      -0.010591       0.052533
       1.968000       0.594477       0.405523      -0.011529       0.052865
       1.984000       0.592904       0.407096      -0.012484       0.053149
       2.000000       0.591432       0.408568      -0.013432       0.053070
       2.016000       0.589780       0.410220      -0.014447       0.052809
       2.032000       0.588157       0.411843      -0.015446       0.052676
       2.048000       0.586532       0.413468      -0.016054       0.052586
       2.064000       0.585150       0.414850      -0.016448       0.052473
       2.080000       0.583657       0.416343      -0.017174       0.052220
       2.096000       0.582011       0.417989      -0.018191       0.052110
       2.112000       0.580462       0.419538      -0.019202       0.051558
       2.128000       0.578811       0.421189      -0.020099       0.051193
       2.144000       0.577052       0.422948      -0.020868       0.051483
       2.160000       0.575172       0.424828      -0.021578       0.050997
       2.176000       0.573612       0.426388      -0.022196       0.051014
       2.192000       0.571956       0.428044      -0.022862       0.050812
       2.208000       0.570102       0.429898      -0.023618       0.050483
       2.224000       0.568159       0.431841      -0.024324       0.050474
       2.240000       0.566766       0.433234      -0.025015       0.049872
       2.256000       0.565074       0.434926      -0.025992       0.049389
       2.272000       0.563384       0.436616      -0.026176       0.048882
       2.288000       0.561852       0.438148      -0.027136       0.048471
       2.304000       0.560222       0.439778      -0.028212       0.047990
       2.320000       0.558598       0.441402      -0.028671       0.047739
       2.336000       0.556797       0.443203      -0.029604       0.047407
       2.352000       0.555066       0.444934      -0.030339       0.047031
       2.368000       0.553237       0.446763      -0.031115       0.046839
       2.384000       0.551729       0.448271      -0.031568       0.046130
       2.400000       0.550426       0.449574      -0.032322       0.045668
       2.416000       0.548623       0.451377      -0.033077       0.045473
       2.432000       0.547174       0.452826      -0.033974       0.045284
       2.448000       0.545598       0.454402      -0.034488       0.045254
       2.464000       0.544172       0.455828      -0.034777       0.045466
       2.480000       0.542684       0.457316      -0.035137       0.044964
       2.496000       0.541058       0.458942      -0.035716       0.044458
       2.512000       0.539527       0.460473      -0.036205       0.043788
       2.528000       0.538226       0.461774      -0.036774       0.043568
       2.544000       0.536828       0.463172      -0.037615       0.043505
       2.560000       0.535122       0.464878      -0.038045       0.043039
       2.576000       0.533726       0.466274      -0.038757       0.042928
       2.592000       0.532388       0.467612      -0.039442       0.042381
       2.608000       0.530791       0.469209      -0.039874       0.042140
       2.624000       0.529284       0.470716      -0.040494       0.041869
       2.640000       0.528011       0.471989      -0.041154       0.042019
       2.656000       0.526939       0.473061      -0.041553       0.041385
       2.672000       0.525510       0.474490      -0.042577       0.040505
       2.688000       0.524267       0.475733      -0.043504       0.040242
       2.704000       0.522949       0.477051      -0.043898       0.039708
       2.720000       0.521668       0.478332      -0.044572       0.039333
       2.736000       0.520465       0.479535      -0.045385       0.039155
       2.752000       0.519501       0.480499      -0.045851       0.038789
       2.768000       0.518260       0.481740      -0.046382       0.038556
       2.784000       0.517068       0.482932      -0.046883       0.037821
       2.800000       0.515661       0.484339      -0.047245       0.037968
       2.816000       0.514648       0.485352      -0.047928       0.037610
       2.832000       0.513534       0.486466      -0.048560       0.037476
       2.848000       0.512447       0.487553      -0.048679       0.037630
       2.864000       0.511339       0.488661      -0.049312       0.037621
       2.880000       0.509978       0.490022      -0.049751       0.037857
       2.896000       0.508667       0.491333      -0.050205       0.038043
       2.912000       0.507716       0.492284      -0.050579       0.037797
       2.928000       0.506351       0.493649      -0.050745       0.037251
       2.944000       0.505273       0.494727      -0.051360       0.037142
       2.960000       0.504190       0.495810      -0.051812       0.037299
       2.976000       0.502987       0.497013      -0.052139       0.036790
       2.992000       0.501727       0.498273      -0.052569       0.036138
       3.008000       0.500747       0.499253      -0.052863       0.035568
       3.024000       0.499497       0.500503      -0.053251       0.035101
       3.040000       0.498339       0.501661      -0.053693       0.035357
       3.056000       0.496928       0.503072      -0.053789       0.035065
       3.072000       0.496013       0.503987      -0.054284       0.034586
       3.088000       0.495071       0.504929      -0.054845       0.034532
       3.104000       0.494061       0.505939      -0.055255       0.034257
       3.120000       0.492890       0.507110      -0.055598       0.034465
       3.136000       0.491879       0.508121      -0.055758       0.034247
       3.152000       0.490904       0.509096      -0.056310       0.033967
       3.168000       0.489748       0.510252      -0.056690       0.033723
       3.184000       0.488616       0.511384      -0.056764       0.033591
       3.200000       0.487490       0.512510      -0.057189       0.033370
       3.216000       0.486511       0.513489      -0.057563       0.033119
       3.232000       0.485714       0.514286      -0.057638       0.032887
       3.248000       0.484674       0.515326      -0.058518       0.032260
       3.264000       0.483607       0.516393      -0.058852       0.031743
       3.280000       0.482829       0.517171      -0.059320       0.031512
       3.296000       0.481685       0.518315      -0.059569       0.031248
       3.312000       0.480778       0.519222      -0.060055       0.030953
       3.328000       0.479677       0.520323      -0.060677       0.030462
       3.344000       0.478719       0.521281      -0.060884       0.030293
       3.360000       0.477724       0.522276      -0.061481       0.029844
       3.376000       0.476969       0.523031      -0.061793       0.029780
       3.392000       0.475697       0.524303      -0.062367       0.030019
       3.408000       0.474720       0.525280      -0.062469       0.029789
       3.424000       0.473809       0.526191      -0.062582       0.029131
       3.440000       0.472758       0.527242      -0.063161       0.029420
       3.456000       0.471736       0.528264      -0.063525       0.029524
       3.472000       0.470776       0.529224      -0.063931       0.029860
       3.488000       0.469665       0.530335      -0.064593       0.030016
       3.504000       0.468804       0.531196      -0.064444       0.029689
       3.520000       0.467979       0.532021      -0.064833       0.029732
       3.536000       0.467321       0.532679      -0.065152       0.029772
       3.552000       0.466369       0.533631      -0.065435       0.029184
       3.568000       0.465713       0.534287      -0.065787       0.029289
       3.584000       0.464961       0.535039      -0.066507       0.029190
       3.600000       0.464116       0.535884      -0.066797       0.029060
       3.616000       0.463210       0.536790      -0.067149       0.028532
       3.632000       0.462393       0.537607      -0.067581       0.028216
       3.648000       0.461523       0.538477      -0.068217       0.028373
       3.664000       0.461018       0.538982      -0.068755       0.028230
       3.680000       0.460052       0.539948      -0.069184       0.028259
       3.696000       0.459166       0.540834      -0.069816       0.028326
       3.712000       0.458458       0.541542      -0.069627       0.027744
       3.728000       0.457558       0.542442      -0.069844       0.027758
       3.744000       0.456577       0.543423      -0.070681       0.027350
       3.760000       0.455597       0.544403      -0.070914       0.026877
       3.776000       0.454933       0.545067      -0.071583       0.027108
       3.792000       0.454274       0.545726      -0.071670       0.026978
       3.808000       0.453188       0.546812      -0.071992       0.026818
       3.824000       0.452252       0.547748      -0.072186       0.026798
       3.840000       0.451567       0.548433      -0.072531       0.026970
       3.856000       0.451073       0.548927      -0.072861       0.027037
       3.872000       0.450149       0.549851      -0.073166       0.026288
       3.888000       0.449306       0.550694      -0.073353       0.026161
       3.904000       0.448393       0.551607      -0.073762       0.025857
       3.920000       0.447758       0.552242      -0.074121       0.025565
       3.936000       0.446977       0.553023      -0.074598       0.025143
       3.952000       0.446273       0.553727      -0.075120       0.024878
       3.968000       0.445453       0.554547      -0.075726       0.025188
       3.984000       0.444783       0.555217      -0.075722       0.025004
       4.000000       0.444169       0.555831      -0.075812       0.024587
       4.016000       0.443285       0.556715      -0.075873       0.024295
       4.032000       0.442752       0.557248      -0.076240       0.024013
       4.048000       0.442029       0.557971      -0.076560       0.023831
       4.064000       0.440954       0.559046      -0.076711       0.023837
       4.080000       0.440254       0.559746      -0.076606       0.023832
       4.096000       0.439575       0.560425      -0.076879       0.023776
       4.112000       0.438671       0.561329      -0.076994       0.023738
       4.128000       0.438021       0.561979      -0.077108       0.023593
       4.144000       0.437355       0.562645      -0.077493       0.023508
       4.160000       0.436307       0.563693      -0.077791       0.023655
       4.176000       0.435663       0.564337      -0.077980       0.023542
       4.192000       0.434839       0.565161      -0.078067       0.023525
       4.208000       0.434077       0.565923      -0.078107       0.022982
       4.224000       0.433540       0.566460      -0.078323       0.022478
       4.240000       0.432875       0.567125      -0.078723       0.022005
       4.256000       0.432386       0.567614      -0.079214       0.021672
       4.272000       0.431868       0.568132      -0.079571       0.021344
       4.288000       0.431158       0.568842      -0.079642       0.021060
       4.304000       0.430756       0.569244      -0.079784       0.020525
       4.320000       0.430391       0.569609      -0.080167       0.019926
       4.336000       0.429863       0.570137      -0.080100       0.019620
       4.352000       0.429331       0.570669      -0.080740       0.019286
       4.368000       0.428580       0.571420      -0.081504       0.018950
       4.384000       0.428042       0.571958      -0.081603       0.018956
       4.400000       0.427576       0.572424      -0.081929       0.018604
       4.416000       0.427096       0.572904      -0.081997       0.018417
       4.432000       0.426448       0.573552      -0.082237       0.018322
       4.448000       0.425874       0.574126      -0.082605       0.018418
       4.464000       0.425409       0.574591      -0.082805       0.018389
       4.480000       0.424823       0.575177      -0.082848       0.018260
       4.496000       0.424320       0.575680      -0.083105       0.018401
       4.512000       0.423910       0.576090      -0.083434       0.018377
       4.528000       0.423559       0.576441      -0.083720       0.018408
       4.544000       0.422919       0.577081      -0.084305       0.018376
       4.560000       0.422179       0.577821      -0.084757       0.017942
       4.576000       0.421886       0.578114      -0.084772       0.018377
       4.592000       0.421628       0.578372      -0.084827       0.018882
       4.608000       0.421066       0.578934      -0.084885       0.018732
       4.624000       0.420569       0.579431      -0.085064       0.018724
       4.640000       0.419896       0.580104      -0.085462       0.019027
       4.656000       0.419274       0.580726      -0.085332       0.018693
       4.672000       0.418808       0.581192      -0.085290       0.018706
       4.688000       0.418337       0.581663      -0.085318       0.018875
       4.704000       0.417706       0.582294      -0.085599       0.019167
       4.720000       0.417032       0.582968      -0.085907       0.019112
       4.736000       0.416231       0.583769      -0.086174       0.019087
       4.752000       0.415568       0.584432      -0.086190       0.019391
       4.768000       0.415183       0.584817      -0.086237       0.019358
       4.784000       0.414781       0.585219      -0.086259       0.019645
       4.800000       0.414311       0.585689      -0.086352       0.019423
       4.816000       0.413787       0.586213      -0.086350       0.019177
       4.832000       0.413427       0.586573      -0.086477       0.019238
       4.848000       0.413087       0.586913      -0.087057       0.019086
       4.864000       0.412574       0.587426      -0.087454       0.018657
       4.880000       0.411999       0.588001      -0.088147       0.018224
       4.896000       0.411430       0.588570      -0.088204       0.018011
       4.912000       0.410738       0.589262      -0.088112       0.017409
       4.928000       0.410197       0.589803      -0.088437       0.017756
       4.944000       0.409519       0.590481      -0.088731       0.018051
       4.960000       0.409083       0.590917      -0.089282       0.018144
       4.976000       0.408758       0.591242      -0.089564       0.017781
       4.992000       0.408042       0.591958      -0.089776       0.018330
       5.008000       0.407525       0.592475      -0.090191       0.018275
       5.024000       0.406973       0.593027      -0.090723       0.017958
       5.040000       0.406409       0.593591      -0.090896       0.017752
       5.056000       0.405982       0.594018      -0.091066       0.017283
       5.072000       0.405665       0.594335      -0.091028       0.017432
       5.088000       0.405149       0.594851      -0.091549       0.017372
       5.104000       0.404594       0.595406      -0.091641       0.017032
       5.120000       0.404173       0.595827      -0.091680       0.016391
       5.136000       0.403809       0.596191      -0.091498       0.016126
       5.152000       0.403187       0.596813      -0.091498       0.016155
       5.168000       0.402614       0.597386      -0.091607       0.016095
       5.184000       0.402109       0.597891      -0.092033       0.016126
       5.200000       0.401649       0.598351      -0.092411       0.015603
       5.216000       0.401001       0.598999      -0.092412       0.015894
       5.232000       0.400592       0.599408      -0.092561       0.015467
       5.248000       0.399992       0.600008      -0.092910       0.015320
       5.264000       0.399740       0.600260      -0.093089       0.015165
       5.280000       0.399322       0.600678      -0.093042       0.015297
       5.296000       0.399156       0.600844      -0.093148       0.015052
       5.312000       0.398955       0.601045      -0.093611       0.014957
       5.328000       0.398592       0.601408      -0.093613       0.015099
       5.344000       0.398219       0.601781      -0.093615       0.015093
       5.360000       0.397974       0.602026      -0.093716       0.014676
       5.376000       0.397530       0.602470      -0.093744       0.014686
       5.392000       0.396999       0.603001      -0.093715       0.014843
       5.408000       0.396522       0.603478      -0.093886       0.015097
       5.424000       0.396126       0.603874      -0.094135       0.015228
       5.440000       0.395427       0.604573      -0.094230       0.015229
       5.456000       0.395085       0.604915      -0.094032       0.015368
       5.472000       0.394719       0.605281      -0.093944       0.014613
       5.488000       0.394436       0.605564      -0.094034       0.014708
       5.504000       0.394020       0.605980      -0.093720       0.014840
       5.520000       0.393533       0.606467      -0.093472       0.014704
       5.536000       0.393308       0.606692      -0.093601       0.014716
       5.552000       0.392819       0.607181      -0.093627       0.014454
       5.568000       0.392521       0.607479      -0.093537       0.014245
       5.584000       0.392136       0.607864      -0.093452       0.014604
       5.600000       0.391859       0.608141      -0.093590       0.014443
       5.616000       0.391413       0.608587      -0.094007       0.014219
       5.632000       0.391073       0.608927      -0.094249       0.014038
       5.648000       0.390615       0.609385      -0.094295       0.014094
       5.664000       0.389930       0.610070      -0.094590       0.014316
       5.680000       0.389716       0.610284      -0.094821       0.014539
       5.696000       0.389293       0.610707      -0.095153       0.014284
       5.712000       0.389007       0.610993      -0.095166       0.014776
       5.728000       0.388479       0.611521      -0.095283       0.014771
       5.744000       0.388106       0.611894      -0.095082       0.014478
       5.760000       0.387556       0.612444      -0.095167       0.014098
       5.776000       0.386919       0.613081      -0.095266       0.013969
       5.792000       0.386586       0.613414      -0.095273       0.013849
       5.808000       0.386254       0.613746      -0.095712       0.013712
       5.824000       0.385894       0.614106      -0.095834       0.013272
       5.840000       0.385611       0.614389      -0.096209       0.012529
       5.856000       0.385371       0.614629      -0.096805       0.012293
       5.872000       0.385300       0.614700      -0.096608       0.012047
       5.888000       0.384814       0.615186      -0.096937       0.011928
       5.904000       0.384571       0.615429      -0.097482       0.011783
       5.920000       0.384529       0.615471      -0.097619       0.011779
       5.936000       0.384175       0.615825      -0.097938       0.011865
       5.952000       0.383848       0.616152      -0.098099       0.011258
       5.968000       0.383587       0.616413      -0.098129       0.010708
       5.984000       0.383517       0.616483      -0.098548       0.010905
       6.000000       0.383021       0.616979      -0.098958       0.010935
       6.016000       0.382509       0.617491      -0.099157       0.011140
       6.032000       0.382206       0.617794      -0.099679       0.011343
       6.048000       0.381937       0.618063      -0.099730       0.011546
       6.064000       0.381620       0.618380      -0.100131       0.011501
       6.080000       0.381463       0.618537      -0.100103       0.011746
       6.096000       0.381134       0.618866      -0.100190       0.011659
       6.112000       0.380822       0.619178      -0.100235       0.011869
       6.128000       0.380599       0.619401      -0.100079       0.012121
       6.144000       0.380312       0.619688      -0.100061       0.012050
       6.160000       0.379962       0.620038      -0.099959       0.012219
       6.176000       0.379517       0.620483      -0.099594       0.012633
       6.192000       0.379180       0.620820      -0.099417       0.012849
       6.208000       0.378779       0.621221      -0.099271       0.012387
       6.224000       0.378447       0.621553      -0.099200       0.012437
       6.240000       0.378063       0.621937      -0.099051       0.012228
       6.256000       0.377585       0.622415      -0.098933       0.012625
       6.272000       0.377207       0.622793      -0.098998       0.012534
       6.288000       0.377049       0.622951      -0.098797       0.012402
       6.304000       0.376730       0.623270      -0.099005       0.012421
       6.320000       0.376457       0.623543      -0.099036       0.012168
       6.336000       0.376296       0.623704      -0.099070       0.012215
       6.352000       0.376053       0.623947      -0.099339       0.012213
       6.368000       0.375576       0.624424      -0.099421       0.012131
       6.384000       0.375315       0.624685      -0.099725       0.011816
       6.400000       0.374590       0.625410      -0.099977       0.011329
       6.416000       0.374384       0.625616      -0.099787       0.011084
       6.432000       0.374249       0.625751      -0.099965       0.010977
       6.448000       0.373962       0.626038      -0.099860       0.010814
       6.464000       0.373624       0.626376      -0.099847       0.010127
       6.480000       0.373421       0.626579      -0.100424       0.009798
       6.496000       0.373247       0.626753      -0.100525       0.009825
       6.512000       0.372857       0.627143      -0.100713       0.010022
       6.528000       0.372538       0.627462      -0.100660       0.010034
       6.544000       0.372281       0.627719      -0.100655       0.010148
       6.560000       0.372233       0.627767      -0.100505       0.010317
       6.576000       0.372102       0.627898      -0.100426       0.010494
       6.592000       0.371879       0.628121      -0.100653       0.010297
       6.608000       0.371580       0.628420      -0.100739       0.010285
       6.624000       0.371222       0.628778      -0.100618       0.010629
       6.640000       0.371091       0.628909      -0.100885       0.010403
       6.656000       0.371056       0.628944      -0.100987       0.010352
       6.672000       0.370844       0.629156      -0.100763       0.010049
       6.688000       0.370548       0.629452      -0.101130       0.009524
       6.704000       0.370155       0.629845      -0.101218       0.009128
       6.720000       0.369762       0.630238      -0.101212       0.008725
       6.736000       0.369520       0.630480      -0.101449       0.008703
       6.752000       0.369278       0.630722      -0.101468       0.008269
       6.768000       0.368866       0.631134      -0.101708       0.007862
       6.784000       0.368913       0.631087      -0.101660       0.007543
       6.800000       0.368919       0.631081      -0.102255       0.007389
       6.816000       0.368459       0.631541      -0.102498       0.007527
       6.832000       0.368423       0.631577      -0.102589       0.007414
       6.848000       0.368068       0.631932      -0.102841       0.007037
       6.864000       0.367949       0.632051      -0.103168       0.007186
       6.880000       0.367614       0.632386      -0.103054       0.007385
       6.896000       0.367414       0.632586      -0.103037       0.007905
       6.912000       0.367156       0.632844      -0.103388       0.007960
       6.928000       0.366918       0.633082      -0.103580       0.008095
       6.944000       0.366663       0.633337      -0.103503       0.008632
       6.960000       0.366627       0.633373      -0.103544       0.009019
       6.976000       0.366589       0.633411      -0.103552       0.008997
       6.992000       0.366203       0.633797      -0.103405       0.009567
       7.008000       0.365982       0.634018      -0.103485       0.009854
       7.024000       0.365778       0.634222      -0.103690       0.010041
       7.040000       0.365893       0.634107      -0.103784       0.010363
       7.056000       0.365604       0.634396      -0.103605       0.009792
       7.072000       0.365410       0.634590      -0.103382       0.010142
       7.088000       0.365192       0.634808      -0.103282       0.009990
       7.104000       0.364819       0.635181      -0.103688       0.009974
       7.120000       0.364548       0.635452      -0.103716       0.009971
       7.136000       0.364250       0.635750      -0.103867       0.010025
       7.152000       0.363764       0.636236      -0.103911       0.010157
       7.168000       0.363483       0.636517      -0.103835       0.010333
       7.184000       0.362924       0.637076      -0.103774       0.010109
       7.200000       0.362793       0.637207      -0.103666       0.010128
       7.216000       0.362727       0.637273      -0.103675       0.010111
       7.232000       0.362446       0.637554      -0.103772       0.010086
       7.248000       0.362241       0.637759      -0.103960       0.010666
       7.264000       0.361973       0.638027      -0.104350       0.010825
       7.280000       0.361782       0.638218      -0.104350       0.010423
       7.296000       0.361710       0.638290      -0.104576       0.010059
       7.312000       0.361321       0.638679      -0.104332       0.009807
       7.328000       0.360852       0.639148      -0.104434       0.009595
       7.344000       0.360628       0.639372      -0.104525       0.009503
       7.360000       0.360405       0.639595      -0.104656       0.009209
       7.376000       0.360345       0.639655      -0.104708       0.009094
       7.392000       0.360129       0.639871      -0.104678       0.008764
       7.408000       0.359750       0.640250      -0.104412       0.008525
       7.424000       0.359588       0.640412      -0.104235       0.008568
       7.440000       0.359290       0.640710      -0.104418       0.008142
       7.456000       0.359061       0.640939      -0.104208       0.007984
       7.472000       0.358972       0.641028      -0.104458       0.007501
       7.488000       0.358717       0.641283      -0.104594       0.007716
       7.504000       0.358375       0.641625      -0.104476       0.007238
       7.520000       0.358285       0.641715      -0.104585       0.007303
       7.536000       0.358007       0.641993      -0.104340       0.007136
       7.552000       0.358011       0.641989      -0.104517       0.006362
       7.568000       0.357701       0.642299      -0.104792       0.006096
       7.584000       0.357559       0.642441      -0.105256       0.005857
       7.600000       0.357436       0.642564      -0.105652       0.005508
       7.616000       0.357261       0.642739      -0.105714       0.005256
       7.632000       0.356951       0.643049      -0.105951       0.004784
       7.648000       0.356791       0.643209      -0.106149       0.005059
       7.664000       0.356840       0.643160      -0.106193       0.005381
       7.680000       0.356709       0.643291      -0.106167       0.005466
       7.696000       0.356494       0.643506      -0.106398       0.005453
       7.712000       0.356260       0.643740      -0.106869       0.005413
       7.728000       0.356162       0.643838      -0.107032       0.005788
       7.744000       0.356129       0.643871      -0.106885       0.005477
       7.760000       0.356081       0.643919      -0.106930       0.005442
       7.776000       0.355785       0.644215      -0.107157       0.005547
       7.792000       0.355778       0.644222      -0.107213       0.005486
       7.808000       0.355761       0.644239      -0.107300       0.005765
       7.824000       0.355504       0.644496      -0.107631       0.006122
       7.840000       0.355574       0.644426      -0.107894       0.006227
       7.856000       0.355394       0.644606      -0.107761       0.006636
       7.872000       0.355198       0.644802      -0.107499       0.006672
       7.888000       0.354975       0.645025      -0.107514       0.007174
       7.904000       0.354802       0.645198      -0.107329       0.007957
       7.920000       0.354428       0.645572      -0.107317       0.008076
       7.936000       0.354089       0.645911      -0.107173       0.008166
       7.952000       0.353617       0.646383      -0.106900       0.007999
       7.968000       0.353565       0.646435      -0.106946       0.008570
       7.984000       0.353400       0.646600      -0.107048       0.008583
       8.000000       0.353326       0.646674      -0.106941       0.008192
       8.016000       0.353228       0.646772      -0.107096       0.007970
       8.032000       0.353188       0.646812      -0.107101       0.007626
       8.048000       0.353032       0.646968      -0.107384       0.007498
       8.064000       0.352866       0.647134      -0.106964       0.007414
       8.080000       0.352576       0.647424      -0.106708       0.006778
       8.096000       0.352416       0.647584      -0.106753       0.006406
       8.112000       0.352199       0.647801      -0.107088       0.006429
       8.128000       0.351972       0.648028      -0.107105       0.005894
       8.144000       0.351811       0.648189      -0.107255       0.005632
       8.160000       0.351623       0.648377      -0.107333       0.006231
       8.176000       0.351707       0.648293      -0.107585       0.006370
       8.192000       0.351688       0.648312      -0.107763       0.006114
       8.208000       0.351412       0.648588      -0.107904       0.005968
       8.224000       0.351336       0.648664      -0.107736       0.005668
       8.240000       0.351075       0.648925      -0.107741       0.005953
       8.256000       0.350997       0.649003      -0.107785       0.005849
       8.272000       0.350803       0.649197      -0.107868       0.005622
       8.288000       0.350648       0.649352      -0.108017       0.006084
       8.304000       0.350331       0.649669      -0.108324       0.005406
       8.320000       0.350064       0.649936      -0.108626       0.004894
       8.336000       0.350071       0.649929      -0.108864       0.004855
       8.352000       0.350038       0.649962      -0.109058       0.004861
       8.368000       0.349939       0.650061      -0.108909       0.004561
       8.384000       0.349896       0.650104      -0.109419       0.004273
       8.400000       0.349803       0.650197      -0.109390       0.004442
       8.416000       0.349581       0.650419      -0.109285       0.004084
       8.432000       0.349568       0.650432      -0.109350       0.004190
       8.448000       0.349853       0.650147      -0.109444       0.004379
       8.464000       0.349645       0.650355      -0.109633       0.004065
       8.480000       0.349221       0.650779      -0.109612       0.004409
       8.496000       0.349082       0.650918      -0.109839       0.004707
       8.512000       0.349051       0.650949      -0.109668       0.004797
       8.528000       0.348682       0.651318      -0.109545       0.004497
       8.544000       0.348375       0.651625      -0.109949       0.004481
       8.560000       0.348251       0.651749      -0.109958       0.004621
       8.576000       0.348032       0.651968      -0.110370       0.005474
       8.592000       0.348040       0.651960      -0.110362       0.004794
       8.608000       0.347946       0.652054      -0.110694       0.004936
       8.624000       0.347667       0.652333      -0.110632       0.004751
       8.640000       0.347554       0.652446      -0.110509       0.005311
       8.656000       0.347532       0.652468      -0.110325       0.005585
       8.672000       0.347525       0.652475      -0.110133       0.005677
       8.688000       0.347354       0.652646      -0.109929       0.006211
       8.704000       0.347337       0.652663      -0.109899       0.006746
       8.720000       0.347224       0.652776      -0.109734       0.006726
       8.736000       0.347134       0.652866      -0.109363       0.006200
       8.752000       0.346935       0.653065      -0.109334       0.006230
       8.768000       0.346527       0.653473      -0.109337       0.006383
       8.784000       0.346399       0.653601      -0.109465       0.006155
       8.800000       0.346395       0.653605      -0.109531       0.006385
       8.816000       0.346375       0.653625      -0.109499       0.006373
       8.832000       0.346470       0.653530      -0.109194       0.006166
       8.848000       0.346470       0.653530      -0.109133       0.006520
       8.864000       0.346339       0.653661      -0.108898       0.006819
       8.880000       0.346368       0.653632      -0.109103       0.006655
       8.896000       0.346206       0.653794      -0.109226       0.006259
       8.912000       0.346092       0.653908      -0.109133       0.006448
       8.928000       0.345841       0.654159      -0.109434       0.006244
       8.944000       0.345505       0.654495      -0.109896       0.006472
       8.960000       0.345470       0.654530      -0.110111       0.006491
       8.976000       0.345299       0.654701      -0.110131       0.006554
       8.992000       0.345117       0.654883      -0.110554       0.006578
       9.008000       0.344986       0.655014      -0.110709       0.006756
       9.024000       0.344934       0.655066      -0.111053       0.006538
       9.040000       0.345013       0.654987      -0.110990       0.007085
       9.056000       0.344748       0.655252      -0.110809       0.007429
       9.072000       0.344427       0.655573      -0.110655       0.007529
       9.088000       0.344150       0.655850      -0.110718       0.007619
       9.104000       0.344030       0.655970      -0.110349       0.007255
       9.120000       0.344247       0.655753      -0.110641       0.007227
       9.136000       0.343994       0.656006      -0.110369       0.007005
       9.152000       0.343751       0.656249      -0.110384       0.006523
       9.168000       0.343427       0.656573      -0.110192       0.005992
       9.184000       0.343276       0.656724      -0.110063       0.005617
       9.200000       0.343164       0.656836      -0.109608       0.005534
       9.216000       0.343121       0.656879      -0.109719       0.005300
       9.232000       0.342859       0.657141      -0.109536       0.004534
       9.248000       0.342784       0.657216      -0.109813       0.003457
       9.264000       0.342963       0.657037      -0.110122       0.002575
       9.280000       0.342678       0.657322      -0.110429       0.002286
       9.296000       0.342434       0.657566      -0.110686       0.002252
       9.312000       0.342364       0.657636      -0.111007       0.001487
       9.328000       0.342275       0.657725      -0.111394       0.001108
       9.344000       0.342104       0.657896      -0.111254       0.001023
       9.360000       0.342119       0.657881      -0.111439       0.001033
       9.376000       0.341799       0.658201      -0.111531       0.001090
       9.392000       0.341942       0.658058      -0.111641       0.000874
       9.408000       0.341894       0.658106      -0.111945       0.000755
       9.424000       0.342010       0.657990      -0.112104       0.000586
       9.440000       0.341994       0.658006      -0.112171       0.001084
       9.456000       0.342150       0.657850      -0.112440       0.001237
       9.472000       0.342129       0.657871      -0.112449       0.001127
       9.488000       0.342197       0.657803      -0.112376       0.001106
       9.504000       0.342154       0.657846      -0.112851       0.002053
       9.520000       0.342181       0.657819      -0.112899       0.002659
       9.536000       0.342066       0.657934      -0.112858       0.002624
       9.552000       0.342051       0.657949      -0.112925       0.003040
       9.568000       0.341942       0.658058      -0.112776       0.003261
       9.584000       0.341986       0.658014      -0.112618       0.003677
       9.600000       0.341691       0.658309      -0.112465       0.004484
       9.616000       0.341679       0.658321      -0.112437       0.004846
       9.632000       0.341382       0.658618      -0.112142       0.005725
       9.648000       0.341014       0.658986      -0.111900       0.006260
       9.664000       0.340947       0.659053      -0.111939       0.006300
       9.680000       0.340521       0.659479      -0.111543       0.006380
       9.696000       0.340282       0.659718      -0.111514       0.006429
       9.712000       0.340020       0.659980      -0.111393       0.007142
       9.728000       0.339844       0.660156      -0.111098       0.007756
       9.744000       0.339724       0.660276      -0.110810       0.007953
       9.760000       0.339486       0.660514      -0.110582       0.008011
       9.776000       0.339265       0.660735      -0.110444       0.008206
       9.792000       0.338765       0.661235      -0.110884       0.008252
       9.808000       0.338519       0.661481      -0.110592       0.008181
       9.824000       0.338455       0.661545      -0.110743       0.008403
       9.840000       0.338191       0.661809      -0.110814       0.007854
       9.856000       0.338087       0.661913      -0.110732       0.007777
       9.872000       0.337891       0.662109      -0.110753       0.007795
       9.888000       0.337740       0.662260      -0.110655       0.007253
       9.904000       0.337581       0.662419      -0.110530       0.007128
       9.920000       0.337495       0.662505      -0.111028       0.007032
       9.936000       0.337661       0.662339      -0.110504       0.006516
       9.952000       0.337386       0.662614      -0.110475       0.006040
       9.968000       0.337394       0.662606      -0.110101       0.005474
       9.984000       0.337155       0.662845      -0.110371       0.005138
      10.000000       0.337005       0.662995      -0.110566       0.004812
      10.016000       0.336983       0.663017      -0.110687       0.004411
      10.032000       0.337000       0.663000      -0.111004       0.004369
      10.048000       0.336854       0.663146      -0.110880       0.003957
      10.064000       0.336706       0.663294      -0.111208       0.003987
      10.080000       0.336467       0.663533      -0.111049       0.003935
      10.096000       0.336514       0.663486      -0.111092       0.004026
      10.112000       0.336513       0.663487      -0.111332       0.003986
      10.128000       0.336242       0.663758      -0.111258       0.004014
      10.144000       0.336044       0.663956      -0.111733       0.003680
      10.160000       0.336126       0.663874      -0.112034       0.003045
      10.176000       0.336091       0.663909      -0.112063       0.002572
      10.192000       0.335990       0.664010      -0.112070       0.002882
      10.208000       0.335706       0.664294      -0.111903       0.002286
      10.224000       0.335819       0.664181      -0.111646       0.001799
      10.240000       0.335622       0.664378      -0.112089       0.001895
      10.256000       0.335565       0.664435      -0.112164       0.001695
      10.272000       0.335628       0.664372      -0.112010       0.002178
      10.288000       0.335624       0.664376      -0.111996       0.001759
      10.304000       0.335636       0.664364      -0.111969       0.001986
      10.320000       0.335749       0.664251      -0.111883       0.002179
      10.336000       0.335735       0.664265      -0.112066       0.001719
      10.352000       0.335606       0.664394      -0.111970       0.001562
      10.368000       0.335484       0.664516      -0.111763       0.002111
      10.384000       0.335419       0.664581      -0.111582       0.001892
      10.400000       0.335481       0.664519      -0.111925       0.002153
      10.416000       0.335279       0.664721      -0.112172       0.002493
      10.432000       0.335304       0.664696      -0.112628       0.002268
      10.448000       0.335176       0.664824      -0.112612       0.002142
      10.464000       0.335128       0.664872      -0.112489       0.002463
      10.480000       0.335071       0.664929      -0.112408       0.002639
      10.496000       0.335124       0.664876      -0.112588       0.003199
      10.512000       0.334913       0.665087      -0.112603       0.002770
      10.528000       0.335008       0.664992      -0.112582       0.002434
      10.544000       0.334953       0.665047      -0.112920       0.002599
      10.560000       0.334801       0.665199      -0.113173       0.002247
      10.576000       0.334942       0.665058      -0.113228       0.002012
      10.592000       0.334897       0.665103      -0.113598       0.002423
      10.608000       0.334833       0.665167      -0.113620       0.002590
      10.624000       0.334812       0.665188      -0.113781       0.002987
      10.640000       0.334862       0.665138      -0.113747       0.003167
      10.656000       0.335031       0.664969      -0.113923       0.003370
      10.672000       0.334818       0.665182      -0.113922       0.003680
      10.688000       0.334675       0.665325      -0.113676       0.003843
      10.704000       0.334439       0.665561      -0.113547       0.004302
      10.720000       0.334223       0.665777      -0.113708       0.004586
      10.736000       0.334122       0.665878      -0.113798       0.004843
      10.752000       0.333838       0.666162      -0.113427       0.004594
      10.768000       0.333713       0.666287      -0.113075       0.004221
      10.784000       0.333575       0.666425      -0.113048       0.004418
      10.800000       0.333467       0.666533      -0.113102       0.004536
      10.816000       0.333264       0.666736      -0.112966       0.004786
      10.832000       0.333091       0.666909      -0.112901       0.004924
      10.848000       0.332808       0.667192      -0.113048       0.005056
      10.864000       0.332858       0.667142      -0.113104       0.005272
      10.880000       0.332837       0.667163      -0.113268       0.004802
      10.896000       0.332635       0.667365      -0.113186       0.004650
      10.912000       0.332615       0.667385      -0.113253       0.004210
      10.928000       0.332577       0.667423      -0.113216       0.004270
      10.944000       0.332702       0.667298      -0.113240       0.004380
      10.960000       0.332648       0.667352      -0.113346       0.004502
      10.976000       0.332470       0.667530      -0.113556       0.004170
      10.992000       0.332521       0.667479      -0.113252       0.004307
      11.008000       0.332546       0.667454      -0.113297       0.003857
      11.024000       0.332451       0.667549      -0.113005       0.004023
      11.040000       0.332433       0.667567      -0.112958       0.003887
      11.056000       0.332365       0.667635      -0.112790       0.003578
      11.072000       0.332205       0.667795      -0.113132       0.003759
      11.088000       0.332004       0.667996      -0.113065       0.003850
      11.104000       0.332005       0.667995      -0.112926       0.003617
      11.120000       0.332053       0.667947      -0.113001       0.003321
      11.136000       0.332216       0.667784      -0.113223       0.002964
      11.152000       0.332061       0.667939      -0.113223       0.002522
      11.168000       0.332159       0.667841      -0.113015       0.002345
      11.184000       0.332108       0.667892      -0.113261       0.002412
      11.200000       0.331834       0.668166      -0.113284       0.002294
      11.216000       0.331805       0.668195      -0.113435       0.002118
      11.232000       0.331613       0.668387      -0.113708       0.001709
      11.248000       0.331538       0.668462      -0.113734       0.001763
      11.264000       0.331614       0.668386      -0.113715       0.001531
      11.280000       0.331677       0.668323      -0.114056       0.001308
      11.296000       0.331769       0.668231      -0.114271       0.000824
      11.312000       0.331679       0.668321      -0.114302       0.000672
      11.328000       0.331839       0.668161      -0.114455      -0.000024
      11.344000       0.331504       0.668496      -0.114712      -0.000727
      11.360000       0.331578       0.668422      -0.114775      -0.001163
      11.376000       0.331590       0.668410      -0.115026      -0.001895
      11.392000       0.331478       0.668522      -0.115220      -0.001735
      11.408000       0.331600       0.668400      -0.115110      -0.001491
      11.424000       0.331610       0.668390      -0.114750      -0.001550
      11.440000       0.331586       0.668414      -0.114892      -0.001629
      11.456000       0.331931       0.668069      -0.114978      -0.001959
      11.472000       0.331873       0.668127      -0.115364      -0.002012
      11.488000       0.331893       0.668107      -0.115356      -0.002103
      11.504000       0.332008       0.667992      -0.115345      -0.001750
      11.520000       0.332072       0.667928      -0.115228      -0.001573
      11.536000       0.332117       0.667883      -0.115279      -0.001082
      11.552000       0.332067       0.667933      -0.115046      -0.000405
      11.568000       0.332090       0.667910      -0.115190      -0.000487
      11.584000       0.332067       0.667933      -0.115328      -0.000468
      11.600000       0.332059       0.667941      -0.115137       0.000138
      11.616000       0.332037       0.667963      -0.115122       0.000387
      11.632000       0.331895       0.668105      -0.115022       0.000864
      11.648000       0.331627       0.668373      -0.114746       0.001418
      11.664000       0.331494       0.668506      -0.114546       0.002032
      11.680000       0.331169       0.668831      -0.114467       0.002483
      11.696000       0.331287       0.668713      -0.114113       0.002396
      11.712000       0.331322       0.668678      -0.114196       0.002622
      11.728000       0.331388       0.668612      -0.114107       0.002692
      11.744000       0.331312       0.668688      -0.113792       0.002723
      11.760000       0.331271       0.668729      -0.113760       0.002817
      11.776000       0.331285       0.668715      -0.113540       0.003079
      11.792000       0.331342       0.668658      -0.113235       0.002993
      11.808000       0.331155       0.668845      -0.113256       0.002877
      11.824000       0.331105       0.668895      -0.113005       0.002912
      11.840000       0.331235       0.668765      -0.113049       0.002689
      11.856000       0.330978       0.669022      -0.113052       0.002461
      11.872000       0.331073       0.668927      -0.113446       0.002876
      11.888000       0.330973       0.669027      -0.113032       0.003062
      11.904000       0.330772       0.669228      -0.113252       0.003000
      11.920000       0.330631       0.669369      -0.113371       0.002971
      11.936000       0.330725       0.669275      -0.113439       0.003755
      11.952000       0.330588       0.669412      -0.113089       0.003890
      11.968000       0.330516       0.669484      -0.113000       0.004196
      11.984000       0.330570       0.669430      -0.113049       0.004324
      12.000000       0.330463       0.669537      -0.112878       0.004388
      12.016000       0.330385       0.669615      -0.113021       0.004500
      12.032000       0.330304       0.669696      -0.113245       0.004321
      12.048000       0.330297       0.669703      -0.113080       0.004317
      12.064000       0.330350       0.669650      -0.112940       0.003942
      12.080000       0.330326       0.669674      -0.113055       0.003219
      12.096000       0.330185       0.669815      -0.113135       0.002849
      12.112000       0.330057       0.669943      -0.113516       0.002329
      12.128000       0.330121       0.669879      -0.113991       0.001848
      12.144000       0.330169       0.669831      -0.114002       0.001425
      12.160000       0.329917       0.670083      -0.114128       0.001053
      12.176000       0.329832       0.670168      -0.115044       0.000747
      12.192000       0.329819       0.670181      -0.114869       0.000544
      12.208000       0.329762       0.670238      -0.115066       0.000503
      12.224000       0.329537       0.670463      -0.115441       0.000699
      12.240000       0.329636       0.670364      -0.115888       0.000633
      12.256000       0.329851       0.670149      -0.115636       0.000505
      12.272000       0.330029       0.669971      -0.115894       0.000620
      12.288000       0.329898       0.670102      -0.115943      -0.000037
      12.304000       0.329872       0.670128      -0.116389      -0.000238
      12.320000       0.329881       0.670119      -0.116656      -0.000301
      12.336000       0.329912       0.670088      -0.116232      -0.000539
      12.352000       0.330246       0.669754      -0.116598      -0.000522
      12.368000       0.330215       0.669785      -0.116548      -0.000673
      12.384000       0.330193       0.669807      -0.116659      -0.000558
      12.400000       0.330424       0.669576      -0.116935      -0.000597
      12.416000       0.330290       0.669710      -0.116947      -0.000765
      12.432000       0.330326       0.669674      -0.116819      -0.000799
      12.448000       0.330508       0.669492      -0.116982      -0.001064
      12.464000       0.330454       0.669546      -0.116825      -0.001512
      12.480000       0.330338       0.669662      -0.116528      -0.001525
      12.496000       0.330413       0.669587      -0.116320      -0.001662
      12.512000       0.330617       0.669383      -0.116191      -0.002097
      12.528000       0.330646       0.669354      -0.115897      -0.001798
      12.544000       0.330649       0.669351      -0.116207      -0.002079
      12.560000       0.330442       0.669558      -0.116349      -0.001477
      12.576000       0.330262       0.669738      -0.116441      -0.001151
      12.592000       0.330307       0.669693      -0.116750       0.000311
      12.608000       0.330443       0.669557      -0.116722       0.000686
      12.624000       0.330278       0.669722      -0.116289       0.001217
      12.640000       0.330406       0.669594      -0.116365       0.001335
      12.656000       0.330216       0.669784      -0.116242       0.001639
      12.672000       0.330092       0.669908      -0.116111       0.002071
      12.688000       0.329961       0.670039      -0.115931       0.001954
      12.704000       0.329935       0.670065      -0.116035       0.002238
      12.720000       0.329925       0.670075      -0.115994       0.003007
      12.736000       0.329971       0.670029      -0.115999       0.003406
      12.752000       0.330192       0.669808      -0.115963       0.003351
      12.768000       0.330133       0.669867      -0.115825       0.003596
      12.784000       0.329863       0.670137      -0.115434       0.003547
      12.800000       0.329734       0.670266      -0.115095       0.003673
      12.816000       0.329668       0.670332      -0.115333       0.003794
      12.832000       0.329586       0.670414      -0.115368       0.003687
      12.848000       0.329408       0.670592      -0.115506       0.003428
      12.864000       0.329304       0.670696      -0.115500       0.003157
      12.880000       0.329232       0.670768      -0.115735       0.002443
      12.896000       0.328975       0.671025      -0.116057       0.002424
      12.912000       0.329010       0.670990      -0.116175       0.002088
      12.928000       0.328830       0.671170      -0.116166       0.002378
      12.944000       0.329025       0.670975      -0.116414       0.001905
      12.960000       0.328742       0.671258      -0.116375       0.001529
      12.976000       0.328762       0.671238      -0.116378       0.001432
      12.992000       0.328867       0.671133      -0.116202       0.000955
      13.008000       0.328763       0.671237      -0.115996       0.000782
      13.024000       0.328909       0.671091      -0.116066       0.000741
      13.040000       0.329021       0.670979      -0.116134       0.000700
      13.056000       0.329100       0.670900      -0.115845       0.001210
      13.072000       0.329092       0.670908      -0.115911       0.001532
      13.088000       0.329046       0.670954      -0.115972       0.001506
      13.104000       0.328901       0.671099      -0.115981       0.002203
      13.120000       0.329060       0.670940      -0.115934       0.002331
      13.136000       0.328722       0.671278      -0.116076       0.002643
      13.152000       0.328334       0.671666      -0.116221       0.002823
      13.168000       0.328306       0.671694      -0.116056       0.003089
      13.184000       0.328351       0.671649      -0.115954       0.003040
      13.200000       0.328417       0.671583      -0.115884       0.003236
      13.216000       0.328251       0.671749      -0.115747       0.003962
      13.232000       0.328088       0.671912      -0.115628       0.004067
      13.248000       0.327967       0.672033      -0.115596       0.003936
      13.264000       0.327761       0.672239      -0.115225       0.003847
      13.280000       0.327619       0.672381      -0.114942       0.003422
      13.296000       0.327448       0.672552      -0.114404       0.003581
      13.312000       0.327479       0.672521      -0.114496       0.002894
      13.328000       0.327343       0.672657      -0.114374       0.002348
      13.344000       0.327421       0.672579      -0.114402       0.002079
      13.360000       0.327537       0.672463      -0.114622       0.001644
      13.376000       0.327491       0.672509      -0.114817       0.001314
      13.392000       0.327506       0.672494      -0.114854       0.001509
      13.408000       0.327372       0.672628      -0.115040       0.001803
      13.424000       0.327174       0.672826      -0.115416       0.001623
      13.440000       0.327081       0.672919      -0.115043       0.001779
      13.456000       0.327273       0.672727      -0.115257       0.001702
      13.472000       0.327362       0.672638      -0.115436       0.001503
      13.488000       0.327232       0.672768      -0.115700       0.001460
      13.504000       0.327466       0.672534      -0.115597       0.000755
      13.520000       0.327413       0.672587      -0.115523       0.000454
      13.536000       0.327187       0.672813      -0.115671       0.000715
      13.552000       0.327290       0.672710      -0.115579       0.001216
      13.568000       0.327203       0.672797      -0.115586       0.000747
      13.584000       0.327353       0.672647      -0.115644       0.000535
      13.600000       0.327486       0.672514      -0.115993       0.000035
      13.616000       0.327461       0.672539      -0.116158      -0.000201
      13.632000       0.327353       0.672647      -0.116186      -0.000146
      13.648000       0.327275       0.672725      -0.116448      -0.000446
      13.664000       0.327396       0.672604      -0.116807      -0.000514
      13.680000       0.327580       0.672420      -0.117067      -0.000471
      13.696000       0.327675       0.672325      -0.117189      -0.000819
      13.712000       0.327651       0.672349      -0.117297      -0.000901
      13.728000       0.327823       0.672177      -0.117082      -0.001178
      13.744000       0.328096       0.671904      -0.117053      -0.001095
      13.760000       0.327948       0.672052      -0.116910      -0.001135
      13.776000       0.327852       0.672148      -0.116881      -0.001235
      13.792000       0.327735       0.672265      -0.116789      -0.000989
      13.808000       0.327785       0.672215      -0.116670      -0.000778
      13.824000       0.327876       0.672124      -0.117018      -0.000594
      13.840000       0.327908       0.672092      -0.117218      -0.000232
      13.856000       0.327971       0.672029      -0.117435       0.000286
      13.872000       0.327971       0.672029      -0.117194       0.000454
      13.888000       0.328068       0.671932      -0.117324       0.000446
      13.904000       0.328051       0.671949      -0.117178       0.000243
      13.920000       0.328033       0.671967      -0.117047       0.000727
      13.936000       0.327839       0.672161      -0.116583       0.001101
      13.952000       0.327893       0.672107      -0.116469       0.001582
      13.968000       0.327891       0.672109      -0.116120       0.001509
      13.984000       0.327725       0.672275      -0.116172       0.001554
      14.000000       0.327731       0.672269      -0.116024       0.001932
      14.016000       0.327662       0.672338      -0.115710       0.002396
      14.032000       0.327444       0.672556      -0.115542       0.002140
      14.048000       0.327240       0.672760      -0.115217       0.002272
      14.064000       0.326945       0.673055      -0.114820       0.002592
      14.080000       0.326900       0.673100      -0.114806       0.002638
      14.096000       0.326662       0.673338      -0.114579       0.002540
      14.112000       0.326589       0.673411      -0.114551       0.002292
      14.128000       0.326592       0.673408      -0.114383       0.001960
      14.144000       0.326586       0.673414      -0.114326       0.002288
      14.160000       0.326521       0.673479      -0.114274       0.002253
      14.176000       0.326544       0.673456      -0.114102       0.002615
      14.192000       0.326600       0.673400      -0.114310       0.002643
      14.208000       0.326503       0.673497      -0.114299       0.002940
      14.224000       0.326531       0.673469      -0.114616       0.002508
      14.240000       0.326650       0.673350      -0.114675       0.002956
      14.256000       0.326513       0.673487      -0.114726       0.002713
      14.272000       0.326560       0.673440      -0.114574       0.002799
      14.288000       0.326609       0.673391      -0.114375       0.002604
      14.304000       0.326530       0.673470      -0.114830       0.002460
      14.320000       0.326586       0.673414      -0.115094       0.001921
      14.336000       0.326568       0.673432      -0.115113       0.001826
      14.352000       0.326403       0.673597      -0.115186       0.002089
      14.368000       0.326210       0.673790      -0.115457       0.002048
      14.384000       0.326125       0.673875      -0.115822       0.001598
      14.400000       0.326189       0.673811      -0.115972       0.001744
      14.416000       0.326097       0.673903      -0.115853       0.001725
      14.432000       0.325957       0.674043      -0.115822       0.001655
      14.448000       0.325919       0.674081      -0.115554       0.001447
      14.464000       0.325845       0.674155      -0.115372       0.000985
      14.480000       0.325811       0.674189      -0.115606       0.001179
      14.496000       0.325715       0.674285      -0.115942       0.000872
      14.512000       0.325578       0.674422      -0.115799       0.000787
      14.528000       0.325444       0.674556      -0.115550       0.000488
      14.544000       0.325638       0.674362      -0.115475      -0.000004
      14.560000       0.325785       0.674215      -0.115461       0.000385
      14.576000       0.326023       0.673977      -0.115669      -0.000029
      14.592000       0.325931       0.674069      -0.115551      -0.000525
      14.608000       0.325910       0.674090      -0.115565      -0.000545
      14.624000       0.325921       0.674079      -0.115383      -0.000988
      14.640000       0.325871       0.674129      -0.115163      -0.001617
      14.656000       0.325979       0.674021      -0.115629      -0.001530
      14.672000       0.326071       0.673929      -0.115896      -0.001666
      14.688000       0.325773       0.674227      -0.115782      -0.001704
      14.704000       0.325816       0.674184      -0.116523      -0.001314
      14.720000       0.325751       0.674249      -0.116868      -0.000950
      14.736000       0.325982       0.674018      -0.116712      -0.000936
      14.752000       0.325898       0.674102      -0.116674      -0.000957
      14.768000       0.325775       0.674225      -0.116871      -0.001113
      14.784000       0.325807       0.674193      -0.116522      -0.000919
      14.800000       0.325805       0.674195      -0.116427      -0.001165
      14.816000       0.325927       0.674073      -0.116777      -0.001308
      14.832000       0.325959       0.674041      -0.116689      -0.000814
      14.848000       0.325834       0.674166      -0.116497      -0.001093
      14.864000       0.325929       0.674071      -0.116444      -0.000980
      14.880000       0.325929       0.674071      -0.116496      -0.000656
      14.896000       0.325951       0.674049      -0.116785      -0.001059
      14.912000       0.325911       0.674089      -0.116797      -0.000480
      14.928000       0.325985       0.674015      -0.116650      -0.000004
      14.944000       0.325960       0.674040      -0.116597       0.000312
      14.960000       0.326025       0.673975      -0.116701       0.000608
      14.976000       0.325925       0.674075      -0.116684       0.000539
      14.992000       0.326159       0.673841      -0.116447       0.000400
