       0.039600       0.998419       0.001581       0.004771       0.039368
       0.079600       0.993788       0.006212       0.018495       0.075619
       0.119600       0.986479       0.013521       0.039428       0.105934
       0.159600       0.977047       0.022953       0.065171       0.128478
       0.199600       0.966153       0.033847       0.093020       0.142432
       0.239600       0.954484       0.045517       0.120375       0.147964
       0.279600       0.942678       0.057323       0.145058       0.146059
       0.319600       0.931272       0.068729       0.165513       0.138262
       0.359600       0.920664       0.079337       0.180868       0.126401
       0.399600       0.911106       0.088895       0.190900       0.112328
       0.439600       0.902706       0.097295       0.195928       0.097716
       0.479600       0.895450       0.104551       0.196662       0.083914
       0.519600       0.889232       0.110768       0.194041       0.071871
       0.559600       0.883889       0.116112       0.189080       0.062127
       0.599600       0.879226       0.120775       0.182751       0.054849
       0.639600       0.875050       0.124950       0.175889       0.049913
       0.679600       0.871186       0.128814       0.169141       0.046985
       0.719600       0.867491       0.132510       0.162947       0.045629
       0.759600       0.863856       0.136145       0.157554       0.045387
       0.799600       0.860210       0.139790       0.153048       0.045844
       0.839600       0.856511       0.143489       0.149401       0.046656
       0.879600       0.852743       0.147258       0.146501       0.047564
       0.919600       0.848903       0.151097       0.144194       0.048394
       0.959600       0.845004       0.154996       0.142316       0.049048
       0.999600       0.841061       0.158939       0.140715       0.049490
       1.039600       0.837092       0.162909       0.139280       0.049724
       1.079600       0.833111       0.166890       0.137943       0.049775
       1.119600       0.829132       0.170869       0.136671       0.049666
       1.159600       0.825168       0.174833       0.135444       0.049415
       1.199600       0.821229       0.178772       0.134241       0.049044
       1.239600       0.817323       0.182678       0.133033       0.048589
       1.279600       0.813455       0.186545       0.131798       0.048100
       1.319600       0.809627       0.190374       0.130533       0.047627
       1.359600       0.805834       0.194167       0.129260       0.047202
       1.399600       0.802073       0.197927       0.128008       0.046819
       1.439600       0.798342       0.201658       0.126798       0.046448
       1.479600       0.794642       0.205358       0.125635       0.046045
       1.519600       0.790977       0.209023       0.124503       0.045572
       1.559600       0.787353       0.212647       0.123370       0.045015
       1.599600       0.783777       0.216224       0.122203       0.044387
       1.639600       0.780252       0.219748       0.120969       0.043722
       1.679600       0.776781       0.223220       0.119648       0.043067
       1.719600       0.773360       0.226641       0.118228       0.042471
       1.759600       0.769983       0.230018       0.116714       0.041973
       1.799600       0.766641       0.233360       0.115124       0.041595
       1.839600       0.763325       0.236676       0.113491       0.041339
       1.879600       0.760024       0.239976       0.111846       0.041182
       1.919600       0.756734       0.243267       0.110215       0.041096
       1.959600       0.753448       0.246553       0.108611       0.041053
       1.999600       0.750164       0.249836       0.107040       0.041044
       2.039600       0.746880       0.253121       0.105506       0.041077
       2.079600       0.743590       0.256410       0.104021       0.041169
       2.119600       0.740291       0.259710       0.102601       0.041328
       2.159600       0.736976       0.263024       0.101261       0.041544
       2.199600       0.733643       0.266358       0.100005       0.041790
       2.239600       0.730290       0.269711       0.098828       0.042031
       2.279600       0.726919       0.273081       0.097719       0.042229
       2.319600       0.723536       0.276465       0.096667       0.042352
       2.359600       0.720146       0.279855       0.095659       0.042373
       2.399600       0.716759       0.283242       0.094678       0.042272
       2.439600       0.713386       0.286615       0.093695       0.042049
       2.479600       0.710034       0.289967       0.092680       0.041722
       2.519600       0.706712       0.293289       0.091611       0.041329
       2.559600       0.703422       0.296579       0.090476       0.040917
       2.599600       0.700165       0.299836       0.089276       0.040525
       2.639600       0.696937       0.303064       0.088022       0.040184
       2.679600       0.693733       0.306267       0.086737       0.039907
       2.719600       0.690550       0.309451       0.085444       0.039688
       2.759600       0.687383       0.312618       0.084168       0.039501
       2.799600       0.684230       0.315771       0.082919       0.039312
       2.839600       0.681093       0.318907       0.081687       0.039094
       2.879600       0.677976       0.322025       0.080456       0.038847
       2.919600       0.674878       0.325123       0.079226       0.038594
       2.959600       0.671800       0.328201       0.078015       0.038362
       2.999600       0.668739       0.331261       0.076852       0.038161
       3.039600       0.665694       0.334307       0.075752       0.037976
       3.079600       0.662663       0.337337       0.074702       0.037784
       3.119600       0.659649       0.340352       0.073663       0.037570
       3.159600       0.656653       0.343348       0.072596       0.037338
       3.199600       0.653675       0.346326       0.071477       0.037106
       3.239600       0.650715       0.349286       0.070309       0.036897
       3.279600       0.647771       0.352230       0.069117       0.036726
       3.319600       0.644838       0.355163       0.067931       0.036591
       3.359600       0.641915       0.358086       0.066775       0.036485
       3.399600       0.639000       0.361001       0.065660       0.036398
       3.439600       0.636091       0.363910       0.064593       0.036323
       3.479600       0.633188       0.366813       0.063578       0.036245
       3.519600       0.630292       0.369708       0.062610       0.036146
       3.559600       0.627406       0.372595       0.061675       0.036007
       3.599600       0.624533       0.375468       0.060755       0.035821
       3.639600       0.621676       0.378325       0.059840       0.035592
       3.679600       0.618839       0.381162       0.058925       0.035324
       3.719600       0.616025       0.383976       0.058001       0.035020
       3.759600       0.613236       0.386764       0.057047       0.034687
       3.799600       0.610475       0.389526       0.056037       0.034342
       3.839600       0.607741       0.392260       0.054957       0.034018
       3.879600       0.605031       0.394970       0.053814       0.033743
       3.919600       0.602341       0.397660       0.052639       0.033533
       3.959600       0.599664       0.400337       0.051467       0.033380
       3.999600       0.596999       0.403002       0.050327       0.033266
       4.039600       0.594341       0.405660       0.049234       0.033171
       4.079600       0.591691       0.408310       0.048199       0.033087
       4.119600       0.589047       0.410954       0.047233       0.033010
       4.159600       0.586410       0.413591       0.046344       0.032932
       4.199600       0.583779       0.416222       0.045530       0.032831
       4.239600       0.581158       0.418843       0.044770       0.032682
       4.279600       0.578551       0.421450       0.044026       0.032469
       4.319600       0.575964       0.424037       0.043253       0.032195
       4.359600       0.573401       0.426600       0.042419       0.031883
       4.399600       0.570863       0.429138       0.041514       0.031567
       4.439600       0.568350       0.431651       0.040557       0.031274
       4.479600       0.565859       0.434142       0.039575       0.031012
       4.519600       0.563387       0.436614       0.038590       0.030773
       4.559600       0.560935       0.439066       0.037616       0.030545
       4.599600       0.558500       0.441501       0.036648       0.030316
       4.639600       0.556084       0.443917       0.035674       0.030084
       4.679600       0.553687       0.446315       0.034676       0.029859
       4.719600       0.551306       0.448695       0.033642       0.029665
       4.759600       0.548939       0.451063       0.032579       0.029532
       4.799600       0.546579       0.453422       0.031517       0.029475
       4.839600       0.544220       0.455781       0.030492       0.029492
       4.879600       0.541859       0.458142       0.029539       0.029560
       4.919600       0.539490       0.460511       0.028678       0.029649
       4.959600       0.537115       0.462886       0.027920       0.029730
       4.999600       0.534735       0.465267       0.027259       0.029771
       5.039600       0.532354       0.467648       0.026674       0.029741
       5.079600       0.529979       0.470022       0.026124       0.029613
       5.119600       0.527618       0.472383       0.025552       0.029386
       5.159600       0.525279       0.474722       0.024909       0.029084
       5.199600       0.522966       0.477036       0.024174       0.028752
       5.239600       0.520678       0.479323       0.023357       0.028429
       5.279600       0.518416       0.481585       0.022488       0.028139
       5.319600       0.516175       0.483826       0.021598       0.027889
       5.359600       0.513953       0.486048       0.020712       0.027679
       5.399600       0.511746       0.488256       0.019852       0.027507
       5.439600       0.509551       0.490450       0.019034       0.027369
       5.479600       0.507366       0.492635       0.018272       0.027249
       5.519600       0.505191       0.494810       0.017567       0.027121
       5.559600       0.503028       0.496973       0.016902       0.026954
       5.599600       0.500880       0.499121       0.016237       0.026726
       5.639600       0.498753       0.501248       0.015526       0.026442
       5.679600       0.496650       0.503351       0.014734       0.026127
       5.719600       0.494572       0.505429       0.013849       0.025824
       5.759600       0.492517       0.507484       0.012881       0.025575
       5.799600       0.490478       0.509523       0.011863       0.025416
       5.839600       0.488447       0.511554       0.010843       0.025365
       5.879600       0.486417       0.513585       0.009873       0.025421
       5.919600       0.484378       0.515623       0.009001       0.025553
       5.959600       0.482327       0.517674       0.008255       0.025709
       5.999600       0.480265       0.519736       0.007635       0.025832
       6.039600       0.478196       0.521805       0.007115       0.025877
       6.079600       0.476128       0.523873       0.006658       0.025825
       6.119600       0.474067       0.525934       0.006227       0.025677
       6.159600       0.472022       0.527980       0.005792       0.025446
       6.199600       0.469997       0.530004       0.005328       0.025152
       6.239600       0.467998       0.532003       0.004817       0.024816
       6.279600       0.466027       0.533974       0.004248       0.024458
       6.319600       0.464085       0.535916       0.003610       0.024090
       6.359600       0.462173       0.537828       0.002890       0.023718
       6.399600       0.460290       0.539711       0.002072       0.023359
       6.439600       0.458435       0.541567       0.001152       0.023040
       6.479600       0.456602       0.543400       0.000151       0.022801
       6.519600       0.454783       0.545218      -0.000888       0.022675
       6.559600       0.452970       0.547031      -0.001905       0.022677
       6.599600       0.451152       0.548849      -0.002849       0.022799
       6.639600       0.449320       0.550682      -0.003678       0.023019
       6.679600       0.447467       0.552534      -0.004370       0.023299
       6.719600       0.445592       0.554410      -0.004914       0.023592
       6.759600       0.443694       0.556308      -0.005313       0.023841
       6.799600       0.441780       0.558221      -0.005592       0.023984
       6.839600       0.439861       0.560141      -0.005801       0.023966
       6.879600       0.437950       0.562051      -0.006013       0.023759
       6.919600       0.436064       0.563937      -0.006308       0.023379
       6.959600       0.434213       0.565789      -0.006750       0.022889
       6.999600       0.432402       0.567599      -0.007358       0.022389
       7.039600       0.430628       0.569373      -0.008099       0.021978
       7.079600       0.428881       0.571120      -0.008895       0.021718
       7.119600       0.427149       0.572852      -0.009655       0.021611
       7.159600       0.425421       0.574580      -0.010316       0.021599
       7.199600       0.423693       0.576308      -0.010868       0.021596
       7.239600       0.421968       0.578034      -0.011352       0.021526
       7.279600       0.420252       0.579750      -0.011835       0.021350
       7.319600       0.418554       0.581447      -0.012384       0.021076
       7.359600       0.416881       0.583120      -0.013035       0.020744
       7.399600       0.415235       0.584766      -0.013795       0.020411
       7.439600       0.413614       0.586387      -0.014640       0.020132
       7.479600       0.412012       0.587990      -0.015524       0.019949
       7.519600       0.410419       0.589582      -0.016390       0.019875
       7.559600       0.408829       0.591172      -0.017189       0.019897
       7.599600       0.407234       0.592767      -0.017891       0.019977
       7.639600       0.405632       0.594369      -0.018492       0.020074
       7.679600       0.404023       0.595978      -0.019013       0.020153
       7.719600       0.402409       0.597593      -0.019482       0.020197
       7.759600       0.400792       0.599209      -0.019929       0.020206
       7.799600       0.399176       0.600825      -0.020369       0.020193
       7.839600       0.397562       0.602440      -0.020799       0.020170
       7.879600       0.395949       0.604052      -0.021209       0.020144
       7.919600       0.394339       0.605662      -0.021587       0.020103
       7.959600       0.392734       0.607268      -0.021930       0.020027
       7.999600       0.391137       0.608865      -0.022253       0.019886
       8.039600       0.389554       0.610447      -0.022592       0.019664
       8.079600       0.387992       0.612009      -0.022988       0.019367
       8.119600       0.386456       0.613545      -0.023472       0.019029
       8.159600       0.384948       0.615054      -0.024045       0.018695
       8.199600       0.383464       0.616537      -0.024683       0.018403
       8.239600       0.382001       0.618000      -0.025350       0.018172
       8.279600       0.380555       0.619447      -0.026015       0.018001
       8.319600       0.379120       0.620882      -0.026667       0.017882
       8.359600       0.377692       0.622309      -0.027303       0.017812
       8.399600       0.376269       0.623733      -0.027915       0.017792
       8.439600       0.374845       0.625157      -0.028487       0.017815
       8.479600       0.373418       0.626584      -0.028999       0.017859
       8.519600       0.371988       0.628014      -0.029444       0.017886
       8.559600       0.370557       0.629444      -0.029837       0.017860
       8.599600       0.369132       0.630870      -0.030209       0.017767
       8.639600       0.367716       0.632285      -0.030593       0.017615
       8.679600       0.366314       0.633687      -0.031013       0.017431
       8.719600       0.364928       0.635074      -0.031480       0.017240
       8.759600       0.363556       0.636446      -0.032000       0.017063
       8.799600       0.362197       0.637805      -0.032574       0.016921
       8.839600       0.360847       0.639155      -0.033189       0.016834
       8.879600       0.359501       0.640500      -0.033814       0.016813
       8.919600       0.358155       0.641846      -0.034409       0.016845
       8.959600       0.356806       0.643196      -0.034952       0.016898
       8.999600       0.355452       0.644550      -0.035446       0.016949
       9.039600       0.354094       0.645907      -0.035903       0.016992
       9.079600       0.352733       0.647269      -0.036330       0.017037
       9.119600       0.351368       0.648634      -0.036723       0.017090
       9.159600       0.349999       0.650003      -0.037075       0.017134
       9.199600       0.348627       0.651374      -0.037392       0.017141
       9.239600       0.347258       0.652744      -0.037701       0.017083
       9.279600       0.345896       0.654106      -0.038035       0.016954
       9.319600       0.344547       0.655455      -0.038421       0.016769
       9.359600       0.343214       0.656788      -0.038864       0.016559
       9.399600       0.341897       0.658104      -0.039348       0.016356
       9.439600       0.340596       0.659406      -0.039843       0.016181
       9.479600       0.339307       0.660695      -0.040318       0.016048
       9.519600       0.338027       0.661974      -0.040750       0.015957
       9.559600       0.336753       0.663248      -0.041128       0.015896
       9.599600       0.335483       0.664518      -0.041457       0.015848
       9.639600       0.334218       0.665784      -0.041755       0.015794
       9.679600       0.332957       0.667045      -0.042043       0.015723
       9.719600       0.331703       0.668299      -0.042341       0.015628
       9.759600       0.330457       0.669545      -0.042667       0.015506
       9.799600       0.329222       0.670779      -0.043038       0.015360
       9.839600       0.328000       0.672002      -0.043463       0.015201
       9.879600       0.326790       0.673212      -0.043941       0.015049
       9.919600       0.325591       0.674410      -0.044454       0.014921
       9.959600       0.324402       0.675600      -0.044970       0.014824
       9.999600       0.323219       0.676783      -0.045466       0.014744
      10.039600       0.322043       0.677959      -0.045941       0.014659
      10.079600       0.320874       0.679128      -0.046414       0.014558
      10.119600       0.319714       0.680288      -0.046902       0.014455
      10.159600       0.318561       0.681441      -0.047406       0.014376
      10.199600       0.317412       0.682589      -0.047903       0.014339
      10.239600       0.316265       0.683736      -0.048360       0.014344
      10.279600       0.315117       0.684885      -0.048755       0.014371
      10.319600       0.313966       0.686036      -0.049086       0.014396
      10.359600       0.312814       0.687188      -0.049365       0.014403
      10.399600       0.311662       0.688339      -0.049614       0.014379
      10.439600       0.310514       0.689488      -0.049853       0.014323
      10.479600       0.309372       0.690630      -0.050104       0.014234
      10.519600       0.308237       0.691764      -0.050384       0.014115
      10.559600       0.307114       0.692888      -0.050709       0.013974
      10.599600       0.306002       0.694000      -0.051088       0.013828
      10.639600       0.304901       0.695101      -0.051516       0.013706
      10.679600       0.303807       0.696194      -0.051965       0.013638
      10.719600       0.302717       0.697285      -0.052393       0.013635
      10.759600       0.301624       0.698377      -0.052760       0.013684
      10.799600       0.300527       0.699474      -0.053051       0.013747
      10.839600       0.299426       0.700576      -0.053275       0.013784
      10.879600       0.298323       0.701678      -0.053465       0.013761
      10.919600       0.297226       0.702776      -0.053663       0.013661
      10.959600       0.296140       0.703862      -0.053907       0.013489
      10.999600       0.295069       0.704933      -0.054222       0.013266
      11.039600       0.294017       0.705984      -0.054614       0.013024
      11.079600       0.292985       0.707017      -0.055074       0.012799
      11.119600       0.291968       0.708033      -0.055583       0.012624
      11.159600       0.290963       0.709039      -0.056115       0.012526
      11.199600       0.289962       0.710040      -0.056635       0.012519
      11.239600       0.288958       0.711044      -0.057106       0.012596
      11.279600       0.287945       0.712057      -0.057499       0.012723
      11.319600       0.286922       0.713080      -0.057808       0.012848
      11.359600       0.285891       0.714111      -0.058049       0.012917
      11.399600       0.284858       0.715144      -0.058266       0.012893
      11.439600       0.283831       0.716171      -0.058505       0.012772
      11.479600       0.282816       0.717186      -0.058805       0.012583
      11.519600       0.281818       0.718184      -0.059184       0.012378
      11.559600       0.280834       0.719168      -0.059625       0.012222
      11.599600       0.279860       0.720142      -0.060086       0.012164
      11.639600       0.278885       0.721117      -0.060515       0.012217
      11.679600       0.277902       0.722099      -0.060867       0.012361
      11.719600       0.276906       0.723096      -0.061123       0.012551
      11.759600       0.275894       0.724107      -0.061286       0.012735
      11.799600       0.274870       0.725132      -0.061372       0.012862
      11.839600       0.273839       0.726163      -0.061416       0.012892
      11.879600       0.272810       0.727191      -0.061463       0.012808
      11.919600       0.271793       0.728209      -0.061551       0.012622
      11.959600       0.270793       0.729209      -0.061707       0.012363
      11.999600       0.269815       0.730186      -0.061943       0.012065
      12.039600       0.268862       0.731139      -0.062264       0.011765
      12.079600       0.267932       0.732070      -0.062656       0.011497
      12.119600       0.267021       0.732980      -0.063096       0.011278
      12.159600       0.266126       0.733875      -0.063557       0.011106
      12.199600       0.265244       0.734758      -0.064024       0.010961
      12.239600       0.264372       0.735629      -0.064496       0.010828
      12.279600       0.263511       0.736490      -0.064974       0.010698
      12.319600       0.262661       0.737341      -0.065461       0.010572
      12.359600       0.261819       0.738182      -0.065951       0.010460
      12.399600       0.260986       0.739016      -0.066440       0.010376
      12.439600       0.260158       0.739844      -0.066915       0.010341
      12.479600       0.259330       0.740672      -0.067360       0.010371
      12.519600       0.258496       0.741505      -0.067760       0.010479
      12.559600       0.257651       0.742350      -0.068094       0.010661
      12.599600       0.256789       0.743213      -0.068347       0.010899
      12.639600       0.255907       0.744095      -0.068512       0.011158
      12.679600       0.255004       0.744997      -0.068598       0.011401
      12.719600       0.254084       0.745918      -0.068624       0.011601
      12.759600       0.253150       0.746852      -0.068606       0.011738
      12.799600       0.252208       0.747794      -0.068559       0.011800
      12.839600       0.251264       0.748737      -0.068503       0.011767
      12.879600       0.250328       0.749674      -0.068462       0.011626
      12.919600       0.249407       0.750594      -0.068474       0.011367
      12.959600       0.248512       0.751490      -0.068577       0.010998
      12.999600       0.247650       0.752352      -0.068804       0.010545
      13.039600       0.246826       0.753176      -0.069169       0.010054
      13.079600       0.246041       0.753961      -0.069665       0.009576
      13.119600       0.245292       0.754710      -0.070266       0.009165
      13.159600       0.244572       0.755430      -0.070931       0.008872
      13.199600       0.243868       0.756133      -0.071612       0.008736
      13.239600       0.243169       0.756833      -0.072257       0.008778
      13.279600       0.242459       0.757542      -0.072815       0.008990
      13.319600       0.241727       0.758275      -0.073246       0.009333
      13.359600       0.240964       0.759037      -0.073531       0.009739
      13.399600       0.240170       0.759832      -0.073675       0.010124
      13.439600       0.239348       0.760654      -0.073713       0.010402
      13.479600       0.238510       0.761492      -0.073707       0.010511
      13.519600       0.237671       0.762331      -0.073735       0.010436
      13.559600       0.236844       0.763158      -0.073857       0.010213
      13.599600       0.236039       0.763963      -0.074099       0.009915
      13.639600       0.235257       0.764744      -0.074443       0.009624
      13.679600       0.234497       0.765505      -0.074840       0.009405
      13.719600       0.233750       0.766252      -0.075230       0.009289
      13.759600       0.233008       0.766994      -0.075565       0.009275
      13.799600       0.232264       0.767738      -0.075815       0.009336
      13.839600       0.231513       0.768488      -0.075979       0.009426
      13.879600       0.230756       0.769246      -0.076080       0.009500
      13.919600       0.229995       0.770007      -0.076160       0.009533
      13.959600       0.229232       0.770770      -0.076258       0.009524
      13.999600       0.228471       0.771531      -0.076395       0.009498
      14.039600       0.227712       0.772290      -0.076565       0.009486
      14.079600       0.226952       0.773049      -0.076739       0.009507
      14.119600       0.226190       0.773812      -0.076882       0.009561
      14.159600       0.225423       0.774579      -0.076967       0.009623
      14.199600       0.224651       0.775351      -0.076986       0.009650
      14.239600       0.223881       0.776121      -0.076960       0.009592
      14.279600       0.223120       0.776882      -0.076939       0.009407
      14.319600       0.222379       0.777623      -0.076993       0.009090
      14.359600       0.221668       0.778334      -0.077176       0.008673
      14.399600       0.220992       0.779010      -0.077509       0.008221
      14.439600       0.220352       0.779650      -0.077976       0.007798
      14.479600       0.219742       0.780259      -0.078535       0.007457
      14.519600       0.219156       0.780846      -0.079136       0.007228
      14.559600       0.218583       0.781419      -0.079736       0.007121
      14.599600       0.218013       0.781988      -0.080300       0.007127
      14.639600       0.217440       0.782562      -0.080803       0.007226
      14.679600       0.216856       0.783146      -0.081233       0.007385
      14.719600       0.216258       0.783744      -0.081590       0.007569
      14.759600       0.215645       0.784357      -0.081878       0.007746
      14.799600       0.215019       0.784983      -0.082114       0.007895
      14.839600       0.214383       0.785619      -0.082320       0.008012
      14.879600       0.213737       0.786264      -0.082521       0.008115
      14.919600       0.213084       0.786918      -0.082729       0.008240
      14.959600       0.212417       0.787585      -0.082931       0.008429
      14.999600       0.211733       0.788269      -0.083090       0.008707
      15.039600       0.211022       0.788980      -0.083154       0.009060
      15.079600       0.210282       0.789719      -0.083087       0.009430
      15.119600       0.209515       0.790487      -0.082891       0.009737
      15.159600       0.208728       0.791274      -0.082609       0.009911
      15.199600       0.207934       0.792068      -0.082309       0.009919
      15.239600       0.207145       0.792857      -0.082055       0.009768
      15.279600       0.206374       0.793628      -0.081889       0.009491
      15.319600       0.205629       0.794373      -0.081836       0.009137
      15.359600       0.204913       0.795089      -0.081899       0.008749
      15.399600       0.204229       0.795773      -0.082065       0.008364
      15.439600       0.203575       0.796427      -0.082310       0.007993
      15.479600       0.202950       0.797052      -0.082618       0.007623
      15.519600       0.202356       0.797646      -0.082990       0.007233
      15.559600       0.201793       0.798209      -0.083439       0.006816
      15.599600       0.201265       0.798737      -0.083977       0.006393
      15.639600       0.200770       0.799232      -0.084605       0.006006
      15.679600       0.200302       0.799700      -0.085295       0.005713
      15.719600       0.199852       0.800150      -0.086003       0.005568
      15.759600       0.199406       0.800596      -0.086667       0.005603
      15.799600       0.198950       0.801052      -0.087232       0.005817
      15.839600       0.198471       0.801531      -0.087654       0.006177
      15.879600       0.197960       0.802042      -0.087914       0.006617
      15.919600       0.197413       0.802589      -0.088026       0.007060
      15.959600       0.196832       0.803170      -0.088029       0.007432
      15.999600       0.196226       0.803775      -0.087978       0.007688
      16.039600       0.195605       0.804396      -0.087922       0.007816
      16.079600       0.194979       0.805023      -0.087894       0.007832
      16.119600       0.194354       0.805648      -0.087910       0.007772
      16.159600       0.193736       0.806266      -0.087969       0.007677
      16.199600       0.193126       0.806876      -0.088065       0.007589
      16.239600       0.192521       0.807481      -0.088183       0.007539
      16.279600       0.191918       0.808084      -0.088309       0.007547
      16.319600       0.191312       0.808690      -0.088428       0.007613
      16.359600       0.190699       0.809303      -0.088524       0.007724
      16.399600       0.190076       0.809926      -0.088577       0.007849
      16.439600       0.189444       0.810558      -0.088577       0.007938
      16.479600       0.188808       0.811194      -0.088531       0.007942
      16.519600       0.188176       0.811826      -0.088467       0.007824
      16.559600       0.187560       0.812442      -0.088424       0.007578
      16.599600       0.186967       0.813035      -0.088444       0.007232
      16.639600       0.186404       0.813598      -0.088558       0.006843
      16.679600       0.185871       0.814131      -0.088773       0.006483
      16.719600       0.185364       0.814638      -0.089069       0.006214
      16.759600       0.184873       0.815129      -0.089403       0.006071
      16.799600       0.184389       0.815613      -0.089729       0.006054
      16.839600       0.183902       0.816100      -0.090006       0.006132
      16.879600       0.183407       0.816595      -0.090212       0.006258
      16.919600       0.182901       0.817101      -0.090343       0.006378
      16.959600       0.182388       0.817614      -0.090415       0.006444
      16.999600       0.181872       0.818129      -0.090468       0.006420
      17.039600       0.181363       0.818639      -0.090553       0.006296
      17.079600       0.180867       0.819135      -0.090716       0.006090
      17.119600       0.180390       0.819612      -0.090982       0.005836
      17.159600       0.179934       0.820068      -0.091351       0.005571
      17.199600       0.179498       0.820504      -0.091806       0.005324
      17.239600       0.179081       0.820921      -0.092317       0.005119
      17.279600       0.178677       0.821325      -0.092856       0.004982
      17.319600       0.178281       0.821721      -0.093387       0.004944
      17.359600       0.177883       0.822119      -0.093863       0.005037
      17.399600       0.177472       0.822530      -0.094227       0.005268
      17.439600       0.177037       0.822965      -0.094437       0.005614
      17.479600       0.176572       0.823430      -0.094473       0.006023
      17.519600       0.176073       0.823929      -0.094352       0.006432
      17.559600       0.175544       0.824458      -0.094115       0.006781
      17.599600       0.174991       0.825011      -0.093816       0.007025
      17.639600       0.174424       0.825578      -0.093515       0.007137
      17.679600       0.173853       0.826149      -0.093263       0.007115
      17.719600       0.173288       0.826714      -0.093098       0.006976
      17.759600       0.172739       0.827263      -0.093035       0.006755
      17.799600       0.172209       0.827793      -0.093074       0.006495
      17.839600       0.171700       0.828302      -0.093198       0.006234
      17.879600       0.171210       0.828792      -0.093383       0.006004
      17.919600       0.170738       0.829264      -0.093609       0.005818
      17.959600       0.170278       0.829724      -0.093858       0.005679
      17.999600       0.169828       0.830174      -0.094114       0.005575
      18.039600       0.169386       0.830616      -0.094367       0.005483
      18.079600       0.168951       0.831051      -0.094618       0.005372
      18.119600       0.168527       0.831475      -0.094882       0.005225
      18.159600       0.168116       0.831886      -0.095179       0.005045
      18.199600       0.167720       0.832282      -0.095521       0.004865
      18.239600       0.167337       0.832665      -0.095906       0.004729
      18.279600       0.166961       0.833041      -0.096306       0.004683
      18.319600       0.166584       0.833418      -0.096680       0.004752
      18.359600       0.166198       0.833804      -0.096983       0.004925
      18.399600       0.165795       0.834207      -0.097184       0.005159
      18.439600       0.165373       0.834630      -0.097279       0.005391
      18.479600       0.164934       0.835068      -0.097289       0.005551
      18.519600       0.164488       0.835514      -0.097261       0.005590
      18.559600       0.164044       0.835958      -0.097255       0.005491
      18.599600       0.163612       0.836390      -0.097323       0.005285
      18.639600       0.163199       0.836803      -0.097494       0.005033
      18.679600       0.162806       0.837196      -0.097762       0.004819
      18.719600       0.162425       0.837577      -0.098086       0.004715
      18.759600       0.162047       0.837955      -0.098403       0.004766
      18.799600       0.161658       0.838344      -0.098652       0.004973
      18.839600       0.161248       0.838754      -0.098789       0.005300
      18.879600       0.160809       0.839193      -0.098794       0.005689
      18.919600       0.160338       0.839664      -0.098669       0.006069
      18.959600       0.159840       0.840162      -0.098432       0.006368
      18.999600       0.159323       0.840679      -0.098119       0.006515
      19.039600       0.158803       0.841199      -0.097791       0.006460
      19.079600       0.158296       0.841706      -0.097525       0.006191
      19.119600       0.157817       0.842185      -0.097396       0.005744
      19.159600       0.157379       0.842623      -0.097456       0.005193
      19.199600       0.156987       0.843015      -0.097724       0.004632
      19.239600       0.156636       0.843366      -0.098177       0.004153
      19.279600       0.156318       0.843684      -0.098760       0.003826
      19.319600       0.156019       0.843983      -0.099400       0.003685
      19.359600       0.155724       0.844279      -0.100020       0.003733
      19.399600       0.155417       0.844585      -0.100558       0.003947
      19.439600       0.155089       0.844913      -0.100964       0.004287
      19.479600       0.154729       0.845273      -0.101209       0.004703
      19.519600       0.154336       0.845666      -0.101287       0.005142
      19.559600       0.153908       0.846095      -0.101210       0.005548
      19.599600       0.153450       0.846552      -0.101018       0.005871
      19.639600       0.152972       0.847031      -0.100761       0.006069
      19.679600       0.152483       0.847519      -0.100501       0.006116
      19.719600       0.151997       0.848005      -0.100297       0.006007
      19.759600       0.151526       0.848476      -0.100204       0.005763
      19.799600       0.151077       0.848925      -0.100253       0.005440
      19.839600       0.150655       0.849347      -0.100442       0.005114
      19.879600       0.150257       0.849745      -0.100728       0.004862
      19.919600       0.149874       0.850128      -0.101041       0.004729
      19.959600       0.149497       0.850505      -0.101314       0.004720
      19.999600       0.149117       0.850886      -0.101504       0.004804
      20.039600       0.148727       0.851275      -0.101600       0.004926
      20.079600       0.148329       0.851673      -0.101619       0.005029
      20.119600       0.147925       0.852077      -0.101591       0.005060
      20.159600       0.147522       0.852480      -0.101555       0.004980
      20.199600       0.147131       0.852871      -0.101551       0.004775
      20.239600       0.146761       0.853241      -0.101621       0.004460
      20.279600       0.146419       0.853583      -0.101794       0.004089
      20.319600       0.146106       0.853896      -0.102076       0.003746
      20.359600       0.145817       0.854185      -0.102440       0.003519
      20.399600       0.145538       0.854464      -0.102837       0.003477
      20.439600       0.145255       0.854747      -0.103209       0.003651
      20.479600       0.144949       0.855054      -0.103497       0.004035
      20.519600       0.144605       0.855397      -0.103648       0.004582
      20.559600       0.144213       0.855789      -0.103622       0.005201
      20.599600       0.143774       0.856228      -0.103409       0.005777
      20.639600       0.143294       0.856709      -0.103045       0.006189
      20.679600       0.142790       0.857212      -0.102610       0.006352
      20.719600       0.142285       0.857717      -0.102212       0.006239
      20.759600       0.141798       0.858204      -0.101949       0.005897
      20.799600       0.141345       0.858657      -0.101878       0.005423
      20.839600       0.140931       0.859071      -0.101998       0.004925
      20.879600       0.140555       0.859447      -0.102263       0.004477
      20.919600       0.140212       0.859790      -0.102618       0.004112
      20.959600       0.139895       0.860107      -0.103022       0.003823
      20.999600       0.139599       0.860403      -0.103453       0.003600
      21.039600       0.139318       0.860684      -0.103894       0.003435
      21.079600       0.139048       0.860954      -0.104318       0.003326
      21.119600       0.138785       0.861217      -0.104694       0.003257
      21.159600       0.138526       0.861476      -0.105006       0.003203
      21.199600       0.138272       0.861730      -0.105264       0.003143
      21.239600       0.138024       0.861979      -0.105496       0.003079
      21.279600       0.137779       0.862223      -0.105727       0.003041
      21.319600       0.137535       0.862467      -0.105958       0.003061
      21.359600       0.137287       0.862715      -0.106167       0.003161
      21.399600       0.137028       0.862974      -0.106318       0.003328
      21.439600       0.136754       0.863248      -0.106387       0.003526
      21.479600       0.136464       0.863538      -0.106375       0.003711
      21.519600       0.136161       0.863841      -0.106307       0.003854
      21.559600       0.135849       0.864153      -0.106214       0.003953
      21.599600       0.135529       0.864473      -0.106123       0.004030
      21.639600       0.135204       0.864798      -0.106044       0.004114
      21.679600       0.134870       0.865132      -0.105970       0.004228
      21.719600       0.134527       0.865476      -0.105885       0.004373
      21.759600       0.134171       0.865832      -0.105771       0.004524
      21.799600       0.133804       0.866198      -0.105623       0.004639
      21.839600       0.133431       0.866571      -0.105458       0.004669
      21.879600       0.133060       0.866943      -0.105315       0.004590
      21.919600       0.132699       0.867303      -0.105232       0.004408
      21.959600       0.132356       0.867646      -0.105233       0.004155
      21.999600       0.132035       0.867967      -0.105326       0.003877
      22.039600       0.131735       0.868267      -0.105505       0.003615
      22.079600       0.131455       0.868547      -0.105751       0.003407
      22.119600       0.131188       0.868814      -0.106034       0.003273
      22.159600       0.130930       0.869073      -0.106317       0.003209
      22.199600       0.130674       0.869328      -0.106568       0.003181
      22.239600       0.130421       0.869581      -0.106786       0.003140
      22.279600       0.130173       0.869829      -0.107005       0.003053
      22.319600       0.129933       0.870069      -0.107276       0.002943
      22.359600       0.129701       0.870301      -0.107619       0.002883
      22.399600       0.129468       0.870534      -0.107993       0.002961
      22.439600       0.129222       0.870780      -0.108311       0.003223
      22.479600       0.128948       0.871054      -0.108482       0.003643
      22.519600       0.128637       0.871365      -0.108456       0.004132
      22.559600       0.128288       0.871714      -0.108244       0.004576
      22.599600       0.127909       0.872093      -0.107904       0.004866
      22.639600       0.127516       0.872486      -0.107524       0.004920
      22.679600       0.127129       0.872873      -0.107205       0.004703
      22.719600       0.126770       0.873232      -0.107035       0.004232
      22.759600       0.126457       0.873545      -0.107079       0.003580
      22.799600       0.126199       0.873803      -0.107361       0.002862
      22.839600       0.125997       0.874005      -0.107855       0.002219
      22.879600       0.125839       0.874163      -0.108486       0.001779
      22.919600       0.125705       0.874298      -0.109148       0.001631
      22.959600       0.125570       0.874433      -0.109723       0.001797
      22.999600       0.125410       0.874592      -0.110118       0.002232
      23.039600       0.125208       0.874794      -0.110283       0.002839
      23.079600       0.124954       0.875048      -0.110218       0.003498
      23.119600       0.124650       0.875352      -0.109958       0.004100
      23.159600       0.124302       0.875700      -0.109563       0.004557
      23.199600       0.123926       0.876076      -0.109103       0.004813
      23.239600       0.123538       0.876464      -0.108651       0.004854
      23.279600       0.123155       0.876848      -0.108270       0.004701
      23.319600       0.122789       0.877213      -0.108006       0.004409
      23.359600       0.122451       0.877551      -0.107869       0.004047
      23.399600       0.122142       0.877860      -0.107844       0.003674
      23.439600       0.121863       0.878140      -0.107901       0.003322
      23.479600       0.121610       0.878392      -0.108019       0.002997
      23.519600       0.121382       0.878620      -0.108197       0.002692
      23.559600       0.121179       0.878824      -0.108444       0.002413
      23.599600       0.120995       0.879007      -0.108769       0.002187
      23.639600       0.120826       0.879176      -0.109159       0.002060
      23.679600       0.120662       0.879340      -0.109569       0.002072
      23.719600       0.120490       0.879512      -0.109943       0.002235
      23.759600       0.120301       0.879702      -0.110235       0.002530
      23.799600       0.120083       0.879919      -0.110416       0.002915
      23.839600       0.119833       0.880169      -0.110477       0.003336
      23.879600       0.119550       0.880452      -0.110420       0.003728
      23.919600       0.119239       0.880763      -0.110269       0.004028
      23.959600       0.118910       0.881092      -0.110061       0.004182
      23.999600       0.118575       0.881427      -0.109847       0.004165
      24.039600       0.118248       0.881755      -0.109681       0.003989
      24.079600       0.117940       0.882062      -0.109598       0.003695
      24.119600       0.117658       0.882344      -0.109610       0.003336
      24.159600       0.117406       0.882596      -0.109711       0.002959
      24.199600       0.117185       0.882818      -0.109890       0.002589
      24.239600       0.116992       0.883010      -0.110137       0.002236
      24.279600       0.116826       0.883176      -0.110444       0.001902
      24.319600       0.116687       0.883315      -0.110804       0.001584
      24.359600       0.116572       0.883430      -0.111213       0.001285
      24.399600       0.116480       0.883522      -0.111668       0.001023
      24.439600       0.116407       0.883596      -0.112154       0.000838
      24.479600       0.116343       0.883659      -0.112641       0.000781
      24.519600       0.116277       0.883725      -0.113080       0.000896
      24.559600       0.116194       0.883808      -0.113417       0.001204
      24.599600       0.116080       0.883923      -0.113602       0.001692
      24.639600       0.115920       0.884082      -0.113603       0.002309
      24.679600       0.115709       0.884293      -0.113416       0.002976
      24.719600       0.115445       0.884557      -0.113065       0.003596
      24.759600       0.115137       0.884865      -0.112605       0.004084
      24.799600       0.114797       0.885205      -0.112105       0.004385
      24.839600       0.114441       0.885561      -0.111638       0.004486
      24.879600       0.114084       0.885919      -0.111257       0.004423
      24.919600       0.113736       0.886266      -0.110985       0.004256
      24.959600       0.113404       0.886598      -0.110813       0.004050
      24.999600       0.113088       0.886914      -0.110712       0.003852
      25.039600       0.112787       0.887215      -0.110653       0.003679
      25.079600       0.112499       0.887503      -0.110620       0.003524
      25.119600       0.112223       0.887779      -0.110609       0.003365
      25.159600       0.111961       0.888041      -0.110633       0.003172
      25.199600       0.111717       0.888285      -0.110711       0.002921
      25.239600       0.111495       0.888507      -0.110866       0.002609
      25.279600       0.111301       0.888701      -0.111113       0.002256
      25.319600       0.111134       0.888868      -0.111443       0.001905
      25.359600       0.110995       0.889007      -0.111833       0.001599
      25.399600       0.110876       0.889126      -0.112256       0.001386
      25.439600       0.110770       0.889233      -0.112675       0.001304
      25.479600       0.110663       0.889339      -0.113046       0.001372
      25.519600       0.110547       0.889455      -0.113325       0.001567
      25.559600       0.110411       0.889591      -0.113488       0.001828
      25.599600       0.110255       0.889748      -0.113543       0.002078
      25.639600       0.110081       0.889922      -0.113527       0.002255
      25.679600       0.109897       0.890106      -0.113482       0.002327
      25.719600       0.109711       0.890291      -0.113448       0.002291
      25.759600       0.109532       0.890470      -0.113453       0.002173
      25.799600       0.109365       0.890638      -0.113510       0.002014
      25.839600       0.109210       0.890792      -0.113620       0.001865
      25.879600       0.109065       0.890937      -0.113772       0.001771
      25.919600       0.108924       0.891078      -0.113944       0.001765
      25.959600       0.108780       0.891222      -0.114109       0.001860
      25.999600       0.108624       0.891378      -0.114234       0.002049
      26.039600       0.108450       0.891552      -0.114289       0.002297
      26.079600       0.108256       0.891746      -0.114261       0.002552
      26.119600       0.108043       0.891959      -0.114165       0.002762
      26.159600       0.107816       0.892186      -0.114034       0.002896
      26.199600       0.107582       0.892420      -0.113906       0.002949
      26.239600       0.107346       0.892656      -0.113810       0.002934
      26.279600       0.107114       0.892888      -0.113763       0.002870
      26.319600       0.106888       0.893114      -0.113771       0.002774
      26.359600       0.106670       0.893332      -0.113830       0.002663
      26.399600       0.106462       0.893540      -0.113924       0.002545
      26.439600       0.106263       0.893739      -0.114032       0.002422
      26.479600       0.106075       0.893928      -0.114138       0.002295
      26.519600       0.105896       0.894106      -0.114231       0.002166
      26.559600       0.105728       0.894274      -0.114319       0.002046
      26.599600       0.105568       0.894435      -0.114413       0.001970
      26.639600       0.105410       0.894592      -0.114515       0.001985
      26.679600       0.105247       0.894756      -0.114606       0.002128
      26.719600       0.105066       0.894936      -0.114651       0.002405
      26.759600       0.104859       0.895143      -0.114613       0.002774
      26.799600       0.104622       0.895380      -0.114480       0.003160
      26.839600       0.104356       0.895646      -0.114260       0.003474
      26.879600       0.104070       0.895932      -0.113989       0.003641
      26.919600       0.103778       0.896224      -0.113714       0.003616
      26.959600       0.103497       0.896505      -0.113489       0.003393
      26.999600       0.103240       0.896762      -0.113364       0.003006
      27.039600       0.103018       0.896984      -0.113376       0.002526
      27.079600       0.102836       0.897166      -0.113535       0.002048
      27.119600       0.102688       0.897314      -0.113815       0.001663
      27.159600       0.102566       0.897437      -0.114164       0.001429
      27.199600       0.102455       0.897547      -0.114514       0.001357
      27.239600       0.102345       0.897657      -0.114815       0.001409
      27.279600       0.102228       0.897774      -0.115040       0.001517
      27.319600       0.102103       0.897899      -0.115191       0.001606
      27.359600       0.101973       0.898029      -0.115293       0.001626
      27.399600       0.101845       0.898157      -0.115378       0.001553
      27.439600       0.101727       0.898275      -0.115471       0.001399
      27.479600       0.101623       0.898379      -0.115593       0.001190
      27.519600       0.101537       0.898465      -0.115760       0.000967
      27.559600       0.101467       0.898535      -0.115983       0.000775
      27.599600       0.101411       0.898591      -0.116258       0.000656
      27.639600       0.101360       0.898642      -0.116560       0.000638
      27.679600       0.101306       0.898696      -0.116852       0.000720
      27.719600       0.101243       0.898759      -0.117098       0.000872
      27.759600       0.101166       0.898836      -0.117284       0.001053
      27.799600       0.101074       0.898928      -0.117422       0.001231
      27.839600       0.100969       0.899033      -0.117535       0.001410
      27.879600       0.100848       0.899154      -0.117636       0.001626
      27.919600       0.100706       0.899296      -0.117704       0.001923
      27.959600       0.100537       0.899465      -0.117697       0.002322
      27.999600       0.100333       0.899669      -0.117569       0.002805
      28.039600       0.100088       0.899914      -0.117287       0.003311
      28.079600       0.099805       0.900197      -0.116854       0.003751
      28.119600       0.099492       0.900510      -0.116314       0.004032
      28.159600       0.099165       0.900837      -0.115752       0.004091
      28.199600       0.098844       0.901158      -0.115264       0.003917
      28.239600       0.098544       0.901458      -0.114927       0.003557
      28.279600       0.098277       0.901725      -0.114781       0.003092
      28.319600       0.098049       0.901953      -0.114825       0.002617
      28.359600       0.097857       0.902145      -0.115020       0.002217
      28.399600       0.097691       0.902311      -0.115306       0.001949
      28.439600       0.097541       0.902461      -0.115613       0.001834
      28.479600       0.097394       0.902608      -0.115879       0.001852
      28.519600       0.097242       0.902760      -0.116073       0.001957
      28.559600       0.097080       0.902922      -0.116185       0.002106
      28.599600       0.096905       0.903097      -0.116222       0.002267
      28.639600       0.096717       0.903285      -0.116185       0.002415
      28.679600       0.096519       0.903483      -0.116084       0.002522
      28.719600       0.096316       0.903686      -0.115942       0.002560
      28.759600       0.096112       0.903890      -0.115799       0.002514
      28.799600       0.095916       0.904086      -0.115693       0.002383
      28.839600       0.095733       0.904269      -0.115645       0.002169
      28.879600       0.095571       0.904431      -0.115668       0.001864
      28.919600       0.095438       0.904565      -0.115782       0.001455
      28.959600       0.095341       0.904661      -0.116016       0.000948
      28.999600       0.095287       0.904715      -0.116394       0.000383
      29.039600       0.095279       0.904723      -0.116916      -0.000168
      29.079600       0.095312       0.904690      -0.117552      -0.000619
      29.119600       0.095374       0.904628      -0.118246      -0.000895
      29.159600       0.095449       0.904553      -0.118928      -0.000943
      29.199600       0.095518       0.904484      -0.119528      -0.000746
      29.239600       0.095562       0.904440      -0.119987      -0.000329
      29.279600       0.095566       0.904436      -0.120265       0.000256
      29.319600       0.095519       0.904483      -0.120342       0.000930
      29.359600       0.095417       0.904585      -0.120217       0.001599
      29.399600       0.095266       0.904736      -0.119919       0.002169
      29.439600       0.095075       0.904927      -0.119507       0.002571
      29.479600       0.094859       0.905143      -0.119054       0.002786
      29.519600       0.094633       0.905369      -0.118627       0.002846
      29.559600       0.094406       0.905596      -0.118266       0.002814
      29.599600       0.094183       0.905819      -0.117982       0.002765
      29.639600       0.093963       0.906039      -0.117756       0.002756
      29.679600       0.093741       0.906261      -0.117558       0.002802
      29.719600       0.093514       0.906488      -0.117368       0.002878
      29.759600       0.093281       0.906721      -0.117184       0.002937
      29.799600       0.093046       0.906956      -0.117020       0.002927
      29.839600       0.092815       0.907187      -0.116896       0.002807
      29.879600       0.092600       0.907402      -0.116836       0.002555
      29.919600       0.092410       0.907592      -0.116868       0.002178
      29.959600       0.092254       0.907748      -0.117016       0.001721
      29.999600       0.092135       0.907867      -0.117287       0.001255
      30.039600       0.092051       0.907951      -0.117658       0.000865
      30.079600       0.091993       0.908009      -0.118086       0.000622
      30.119600       0.091946       0.908056      -0.118513       0.000570
      30.159600       0.091896       0.908106      -0.118884       0.000720
      30.199600       0.091826       0.908176      -0.119146       0.001048
      30.239600       0.091725       0.908277      -0.119258       0.001502
      30.279600       0.091584       0.908417      -0.119200       0.002012
      30.319600       0.091404       0.908598      -0.118975       0.002494
      30.359600       0.091188       0.908814      -0.118619       0.002874
      30.399600       0.090948       0.909054      -0.118190       0.003102
      30.439600       0.090696       0.909306      -0.117753       0.003161
      30.479600       0.090446       0.909556      -0.117367       0.003063
      30.519600       0.090210       0.909792      -0.117068       0.002828
      30.559600       0.089997       0.910005      -0.116887       0.002478
      30.599600       0.089816       0.910186      -0.116845       0.002040
      30.639600       0.089672       0.910330      -0.116955       0.001551
      30.679600       0.089567       0.910434      -0.117205       0.001062
      30.719600       0.089501       0.910501      -0.117566       0.000617
      30.759600       0.089466       0.910535      -0.117997       0.000256
      30.799600       0.089457       0.910545      -0.118459       0.000010
      30.839600       0.089461       0.910540      -0.118914      -0.000098
      30.879600       0.089468       0.910533      -0.119320      -0.000061
      30.919600       0.089468       0.910534      -0.119641       0.000098
      30.959600       0.089451       0.910551      -0.119858       0.000326
      30.999600       0.089415       0.910586      -0.119981       0.000559
      31.039600       0.089363       0.910639      -0.120036       0.000745
      31.079600       0.089298       0.910703      -0.120057       0.000853
      31.119600       0.089229       0.910773      -0.120078       0.000875
      31.159600       0.089160       0.910842      -0.120125       0.000833
      31.199600       0.089096       0.910906      -0.120210       0.000772
      31.239600       0.089036       0.910966      -0.120322       0.000741
      31.279600       0.088975       0.911026      -0.120433       0.000778
      31.319600       0.088909       0.911093      -0.120511       0.000892
      31.359600       0.088831       0.911171      -0.120536       0.001070
      31.399600       0.088737       0.911265      -0.120495       0.001280
      31.439600       0.088626       0.911376      -0.120393       0.001487
      31.479600       0.088500       0.911502      -0.120241       0.001658
      31.519600       0.088362       0.911639      -0.120059       0.001774
      31.559600       0.088217       0.911784      -0.119866       0.001840
      31.599600       0.088069       0.911933      -0.119673       0.001877
      31.639600       0.087917       0.912084      -0.119485       0.001911
      31.679600       0.087762       0.912239      -0.119303       0.001969
      31.719600       0.087601       0.912400      -0.119125       0.002065
      31.759600       0.087430       0.912571      -0.118945       0.002203
      31.799600       0.087248       0.912753      -0.118752       0.002362
      31.839600       0.087053       0.912948      -0.118541       0.002494
      31.879600       0.086851       0.913150      -0.118328       0.002541
      31.919600       0.086650       0.913351      -0.118150       0.002458
      31.959600       0.086462       0.913540      -0.118049       0.002234
      31.999600       0.086296       0.913705      -0.118058       0.001898
      32.039600       0.086159       0.913842      -0.118186       0.001510
      32.079600       0.086053       0.913948      -0.118417       0.001145
      32.119600       0.085974       0.914028      -0.118717       0.000866
      32.159600       0.085911       0.914090      -0.119042       0.000714
      32.199600       0.085856       0.914146      -0.119353       0.000698
      32.239600       0.085797       0.914205      -0.119623       0.000795
      32.279600       0.085727       0.914275      -0.119837       0.000960
      32.319600       0.085643       0.914358      -0.119998       0.001135
      32.359600       0.085546       0.914455      -0.120123       0.001268
      32.399600       0.085442       0.914559      -0.120227       0.001327
      32.439600       0.085336       0.914665      -0.120321       0.001302
      32.479600       0.085236       0.914765      -0.120404       0.001193
      32.519600       0.085147       0.914854      -0.120480       0.001010
      32.559600       0.085076       0.914925      -0.120563       0.000767
      32.599600       0.085025       0.914976      -0.120681       0.000499
      32.639600       0.084995       0.915006      -0.120857       0.000251
      32.679600       0.084983       0.915018      -0.121091       0.000078
      32.719600       0.084980       0.915021      -0.121358       0.000018
      32.759600       0.084977       0.915024      -0.121615       0.000082
      32.799600       0.084964       0.915037      -0.121826       0.000259
      32.839600       0.084933       0.915068      -0.121958       0.000521
      32.879600       0.084879       0.915122      -0.121994       0.000835
      32.919600       0.084799       0.915202      -0.121929       0.001158
      32.959600       0.084694       0.915306      -0.121779       0.001448
      32.999600       0.084569       0.915432      -0.121575       0.001673
      33.039600       0.084429       0.915572      -0.121356       0.001813
      33.079600       0.084281       0.915719      -0.121151       0.001861
      33.119600       0.084134       0.915867      -0.120986       0.001815
      33.159600       0.083993       0.916008      -0.120883       0.001682
      33.199600       0.083866       0.916135      -0.120871       0.001489
      33.239600       0.083755       0.916246      -0.120969       0.001300
      33.279600       0.083656       0.916345      -0.121158       0.001204
      33.319600       0.083558       0.916443      -0.121368       0.001279
      33.359600       0.083446       0.916555      -0.121496       0.001545
      33.399600       0.083307       0.916694      -0.121457       0.001947
      33.439600       0.083134       0.916867      -0.121220       0.002373
      33.479600       0.082930       0.917071      -0.120820       0.002706
      33.519600       0.082706       0.917295      -0.120340       0.002857
      33.559600       0.082478       0.917522      -0.119876       0.002787
      33.599600       0.082265       0.917735      -0.119516       0.002509
      33.639600       0.082081       0.917920      -0.119319       0.002081
      33.679600       0.081934       0.918067      -0.119305       0.001590
      33.719600       0.081826       0.918175      -0.119461       0.001132
      33.759600       0.081749       0.918251      -0.119743       0.000797
      33.799600       0.081693       0.918308      -0.120078       0.000642
      33.839600       0.081642       0.918359      -0.120385       0.000674
      33.879600       0.081581       0.918419      -0.120598       0.000841
      33.919600       0.081506       0.918495      -0.120693       0.001048
      33.959600       0.081415       0.918585      -0.120697       0.001192
      33.999600       0.081319       0.918682      -0.120672       0.001202
      34.039600       0.081227       0.918773      -0.120683       0.001058
      34.079600       0.081153       0.918848      -0.120779       0.000788
      34.119600       0.081103       0.918897      -0.120980       0.000454
      34.159600       0.081079       0.918921      -0.121279       0.000135
      34.199600       0.081078       0.918922      -0.121644      -0.000089
      34.239600       0.081089       0.918910      -0.122019      -0.000162
      34.279600       0.081100       0.918900      -0.122345      -0.000072
      34.319600       0.081097       0.918903      -0.122581       0.000153
      34.359600       0.081073       0.918927      -0.122711       0.000460
      34.399600       0.081023       0.918977      -0.122740       0.000795
      34.439600       0.080946       0.919053      -0.122684       0.001107
      34.479600       0.080847       0.919152      -0.122566       0.001363
      34.519600       0.080730       0.919269      -0.122402       0.001549
      34.559600       0.080601       0.919398      -0.122199       0.001661
      34.599600       0.080466       0.919533      -0.121961       0.001689
      34.639600       0.080334       0.919666      -0.121715       0.001617
      34.679600       0.080210       0.919789      -0.121514       0.001449
      34.719600       0.080103       0.919896      -0.121412       0.001228
      34.759600       0.080014       0.919986      -0.121429       0.001010
      34.799600       0.079940       0.920059      -0.121543       0.000842
      34.839600       0.079877       0.920122      -0.121710       0.000734
      34.879600       0.079821       0.920178      -0.121893       0.000667
      34.919600       0.079770       0.920229      -0.122074       0.000621
      34.959600       0.079722       0.920278      -0.122243       0.000588
      34.999600       0.079675       0.920324      -0.122392       0.000578
      35.039600       0.079628       0.920371      -0.122507       0.000601
      35.079600       0.079578       0.920421      -0.122575       0.000657
      35.119600       0.079523       0.920477      -0.122594       0.000729
      35.159600       0.079462       0.920538      -0.122584       0.000795
      35.199600       0.079396       0.920604      -0.122577       0.000848
      35.239600       0.079326       0.920674      -0.122597       0.000900
      35.279600       0.079251       0.920748      -0.122643       0.000971
      35.319600       0.079170       0.920830      -0.122689       0.001073
      35.359600       0.079079       0.920921      -0.122699       0.001198
      35.399600       0.078978       0.921021      -0.122652       0.001322
      35.439600       0.078868       0.921131      -0.122543       0.001417
      35.479600       0.078752       0.921247      -0.122390       0.001466
      35.519600       0.078635       0.921364      -0.122219       0.001467
      35.559600       0.078519       0.921480      -0.122057       0.001425
      35.599600       0.078407       0.921592      -0.121930       0.001353
      35.639600       0.078302       0.921697      -0.121854       0.001273
      35.679600       0.078203       0.921796      -0.121839       0.001219
      35.719600       0.078105       0.921894      -0.121878       0.001234
      35.759600       0.078002       0.921997      -0.121936       0.001364
      35.799600       0.077883       0.922116      -0.121953       0.001633
      35.839600       0.077738       0.922261      -0.121862       0.002020
      35.879600       0.077559       0.922440      -0.121618       0.002456
      35.919600       0.077346       0.922653      -0.121225       0.002839
      35.959600       0.077109       0.922890      -0.120740       0.003059
      35.999600       0.076863       0.923136      -0.120261       0.003035
      36.039600       0.076630       0.923368      -0.119897       0.002729
      36.079600       0.076433       0.923565      -0.119740       0.002158
      36.119600       0.076290       0.923708      -0.119842       0.001384
      36.159600       0.076215       0.923784      -0.120213       0.000503
      36.199600       0.076210       0.923788      -0.120818      -0.000373
      36.239600       0.076271       0.923727      -0.121593      -0.001131
      36.279600       0.076385       0.923613      -0.122452      -0.001675
      36.319600       0.076531       0.923467      -0.123301      -0.001944
      36.359600       0.076688       0.923310      -0.124047      -0.001923
      36.399600       0.076832       0.923166      -0.124615      -0.001650
      36.439600       0.076947       0.923051      -0.124965      -0.001207
      36.479600       0.077023       0.922975      -0.125102      -0.000694
      36.519600       0.077059       0.922939      -0.125063      -0.000197
      36.559600       0.077057       0.922941      -0.124903       0.000229
      36.599600       0.077024       0.922974      -0.124664       0.000556
      36.639600       0.076970       0.923027      -0.124385       0.000775
      36.679600       0.076903       0.923095      -0.124104       0.000891
      36.719600       0.076830       0.923168      -0.123861       0.000935
      36.759600       0.076754       0.923244      -0.123680       0.000958
      36.799600       0.076675       0.923322      -0.123550       0.001014
      36.839600       0.076590       0.923407      -0.123436       0.001129
      36.879600       0.076493       0.923504      -0.123292       0.001286
      36.919600       0.076384       0.923613      -0.123092       0.001430
      36.959600       0.076266       0.923730      -0.122848       0.001497
      36.999600       0.076148       0.923849      -0.122607       0.001441
      37.039600       0.076039       0.923958      -0.122429       0.001267
      37.079600       0.075947       0.924050      -0.122358       0.001025
      37.119600       0.075875       0.924122      -0.122397       0.000785
      37.159600       0.075819       0.924177      -0.122517       0.000608
      37.199600       0.075775       0.924222      -0.122675       0.000520
      37.239600       0.075733       0.924263      -0.122839       0.000520
      37.279600       0.075689       0.924307      -0.122992       0.000595
      37.319600       0.075636       0.924360      -0.123122       0.000735
      37.359600       0.075570       0.924426      -0.123211       0.000926
      37.399600       0.075487       0.924509      -0.123242       0.001143
      37.439600       0.075387       0.924609      -0.123210       0.001361
      37.479600       0.075270       0.924726      -0.123122       0.001561
      37.519600       0.075138       0.924858      -0.122992       0.001738
      37.559600       0.074992       0.925003      -0.122830       0.001893
      37.599600       0.074835       0.925160      -0.122645       0.002024
      37.639600       0.074669       0.925326      -0.122446       0.002126
      37.679600       0.074496       0.925499      -0.122237       0.002189
      37.719600       0.074320       0.925675      -0.122017       0.002192
      37.759600       0.074148       0.925848      -0.121788       0.002108
      37.799600       0.073986       0.926009      -0.121561       0.001908
      37.839600       0.073846       0.926149      -0.121366       0.001569
      37.879600       0.073738       0.926257      -0.121252       0.001093
      37.919600       0.073673       0.926322      -0.121273       0.000525
      37.959600       0.073654       0.926340      -0.121463      -0.000053
      37.999600       0.073679       0.926315      -0.121811      -0.000550
      38.039600       0.073738       0.926256      -0.122268      -0.000903
      38.079600       0.073820       0.926175      -0.122770      -0.001100
      38.119600       0.073911       0.926084      -0.123271      -0.001167
      38.159600       0.074004       0.925991      -0.123746      -0.001141
      38.199600       0.074091       0.925903      -0.124184      -0.001045
      38.239600       0.074169       0.925825      -0.124571      -0.000889
      38.279600       0.074232       0.925762      -0.124881      -0.000672
      38.319600       0.074275       0.925719      -0.125091      -0.000394
      38.359600       0.074293       0.925701      -0.125181      -0.000062
      38.399600       0.074283       0.925710      -0.125144       0.000314
      38.439600       0.074242       0.925751      -0.124983       0.000712
      38.479600       0.074170       0.925824      -0.124706       0.001092
      38.519600       0.074070       0.925924      -0.124330       0.001395
      38.559600       0.073951       0.926043      -0.123901       0.001547
      38.599600       0.073827       0.926166      -0.123489       0.001498
      38.639600       0.073716       0.926277      -0.123172       0.001241
      38.679600       0.073633       0.926360      -0.123010       0.000822
      38.719600       0.073587       0.926406      -0.123030       0.000324
      38.759600       0.073580       0.926412      -0.123224      -0.000152
      38.799600       0.073608       0.926384      -0.123552      -0.000512
      38.839600       0.073657       0.926335      -0.123959      -0.000686
      38.879600       0.073712       0.926281      -0.124379      -0.000636
      38.919600       0.073753       0.926239      -0.124746      -0.000366
      38.959600       0.073766       0.926227      -0.124995       0.000071
      38.999600       0.073739       0.926253      -0.125086       0.000588
      39.039600       0.073672       0.926320      -0.125013       0.001077
      39.079600       0.073570       0.926422      -0.124809       0.001451
      39.119600       0.073444       0.926548      -0.124530       0.001666
      39.159600       0.073308       0.926685      -0.124234       0.001720
      39.199600       0.073172       0.926820      -0.123967       0.001649
      39.239600       0.073046       0.926946      -0.123759       0.001508
      39.279600       0.072931       0.927061      -0.123622       0.001361
      39.319600       0.072826       0.927165      -0.123548       0.001260
      39.359600       0.072727       0.927265      -0.123510       0.001242
      39.399600       0.072625       0.927366      -0.123468       0.001307
      39.439600       0.072516       0.927475      -0.123389       0.001421
      39.479600       0.072398       0.927593      -0.123265       0.001529
      39.519600       0.072273       0.927718      -0.123114       0.001585
      39.559600       0.072146       0.927844      -0.122966       0.001568
      39.599600       0.072024       0.927966      -0.122842       0.001481
      39.639600       0.071911       0.928079      -0.122748       0.001334
      39.679600       0.071812       0.928178      -0.122690       0.001130
      39.719600       0.071732       0.928258      -0.122681       0.000872
      39.759600       0.071674       0.928317      -0.122740       0.000572
      39.799600       0.071641       0.928350      -0.122885       0.000255
      39.839600       0.071632       0.928358      -0.123122      -0.000042
      39.879600       0.071645       0.928345      -0.123444      -0.000272
      39.919600       0.071673       0.928318      -0.123819      -0.000387
      39.959600       0.071703       0.928287      -0.124198      -0.000351
      39.999600       0.071724       0.928266      -0.124521      -0.000146
