     0.00000000      1.00150351     -0.00150351     -0.00020863      0.00059916
     0.20000000      0.97476706      0.02523297      0.07548531      0.09016204
     0.40000000      0.94175424      0.05824577      0.08137508      0.07639503
     0.60000000      0.91355043      0.08644959      0.07678878      0.06397303
     0.80000000      0.89073626      0.10926376      0.07234590      0.05015397
     1.00000000      0.87320920      0.12679081      0.07020208      0.03773980
     1.20000000      0.86001200      0.13998805      0.06768757      0.02977927
     1.40000000      0.84876441      0.15123560      0.06583027      0.02688284
     1.60000000      0.83788801      0.16211200      0.06312631      0.02773377
     1.80000000      0.82653769      0.17346234      0.06023003      0.02928191
     2.00000000      0.81460061      0.18539940      0.05814859      0.02998697
     2.20000000      0.80266774      0.19733229      0.05550851      0.02962374
     2.40000000      0.79083776      0.20916225      0.05348297      0.02922243
     2.60000000      0.77924547      0.22075455      0.05057460      0.02877095
     2.80000000      0.76779224      0.23220776      0.04833912      0.02832772
     3.00000000      0.75656904      0.24343098      0.04533285      0.02805672
     3.20000000      0.74527063      0.25472939      0.04307089      0.02809313
     3.40000000      0.73421046      0.26578955      0.04026768      0.02742257
     3.60000000      0.72330084      0.27669918      0.03771869      0.02677605
     3.80000000      0.71277955      0.28722047      0.03492415      0.02580922
     4.00000000      0.70256827      0.29743178      0.03220190      0.02523558
     4.20000000      0.69264510      0.30735491      0.02933848      0.02455545
     4.40000000      0.68285545      0.31714456      0.02696143      0.02448771
     4.60000000      0.67310955      0.32689045      0.02494586      0.02417524
     4.80000000      0.66357026      0.33642975      0.02191106      0.02348926
     5.00000000      0.65406056      0.34593948      0.01945897      0.02389223
     5.20000000      0.64466617      0.35533384      0.01726891      0.02324572
     5.40000000      0.63532138      0.36467862      0.01517025      0.02341310
     5.60000000      0.62621607      0.37378394      0.01302891      0.02200044
     5.80000000      0.61748771      0.38251230      0.01053754      0.02162375
     6.00000000      0.60902825      0.39097176      0.00855918      0.02066573
     6.20000000      0.60080631      0.39919369      0.00637527      0.02073958
     6.40000000      0.59256282      0.40743718      0.00460492      0.02037276
     6.60000000      0.58440518      0.41559487      0.00307705      0.01996864
     6.80000000      0.57657230      0.42342773      0.00127422      0.01965844
     7.00000000      0.56859964      0.43140036     -0.00046271      0.01980101
     7.20000000      0.56077973      0.43922030     -0.00254385      0.01934830
     7.40000000      0.55318803      0.44681201     -0.00449589      0.01882900
     7.60000000      0.54571905      0.45428097     -0.00610039      0.01832419
     7.80000000      0.53848837      0.46151167     -0.00765742      0.01791496
     8.00000000      0.53148428      0.46851574     -0.00880971      0.01691861
     8.20000000      0.52472439      0.47527562     -0.01069275      0.01701826
     8.40000000      0.51797488      0.48202515     -0.01167068      0.01662238
     8.60000000      0.51140127      0.48859874     -0.01346070      0.01614622
     8.80000000      0.50478756      0.49521247     -0.01457942      0.01689905
     9.00000000      0.49815221      0.50184779     -0.01610331      0.01650423
     9.20000000      0.49163085      0.50836915     -0.01736537      0.01604744
     9.40000000      0.48525939      0.51474063     -0.01850691      0.01574360
     9.60000000      0.47907683      0.52092320     -0.01967460      0.01547501
     9.80000000      0.47292991      0.52707011     -0.02087717      0.01510283
    10.00000000      0.46692173      0.53307828     -0.02195489      0.01485800
    10.20000000      0.46110425      0.53889575     -0.02303103      0.01442927
    10.40000000      0.45534995      0.54465007     -0.02368061      0.01423790
    10.60000000      0.44973578      0.55026424     -0.02455604      0.01398098
    10.80000000      0.44427933      0.55572070     -0.02584420      0.01364641
    11.00000000      0.43880991      0.56119010     -0.02649637      0.01341877
    11.20000000      0.43353748      0.56646254     -0.02786652      0.01329310
    11.40000000      0.42815867      0.57184135     -0.02849934      0.01325357
    11.60000000      0.42289523      0.57710480     -0.02922541      0.01304367
    11.80000000      0.41767231      0.58232770     -0.02988900      0.01270636
    12.00000000      0.41265078      0.58734925     -0.03087267      0.01239128
    12.20000000      0.40760552      0.59239452     -0.03172378      0.01302724
    12.40000000      0.40255269      0.59744732     -0.03152172      0.01199354
    12.60000000      0.39783598      0.60216406     -0.03284313      0.01168746
    12.80000000      0.39311993      0.60688009     -0.03338092      0.01179179
    13.00000000      0.38849374      0.61150627     -0.03428078      0.01136046
    13.20000000      0.38405422      0.61594581     -0.03472686      0.01108811
    13.40000000      0.37967074      0.62032927     -0.03563757      0.01100739
    13.60000000      0.37526183      0.62473819     -0.03624366      0.01078574
    13.80000000      0.37096462      0.62903538     -0.03638241      0.01029988
    14.00000000      0.36671843      0.63328161     -0.03754551      0.01098674
    14.20000000      0.36236118      0.63763884     -0.03786015      0.01071857
    14.40000000      0.35802175      0.64197825     -0.03804311      0.01094078
    14.60000000      0.35369342      0.64630659     -0.03855517      0.01076134
    14.80000000      0.34934320      0.65065681     -0.03833996      0.01055884
    15.00000000      0.34529027      0.65470972     -0.03905068      0.00989006
    15.20000000      0.34141315      0.65858685     -0.04025722      0.01002990
    15.40000000      0.33749625      0.66250374     -0.04020833      0.00939528
    15.60000000      0.33383052      0.66616949     -0.04052437      0.00871790
    15.80000000      0.33032352      0.66967646     -0.04159951      0.00875226
    16.00000000      0.32663847      0.67336149     -0.04139869      0.00904552
    16.20000000      0.32308212      0.67691786     -0.04204380      0.00891990
    16.40000000      0.31944173      0.68055827     -0.04226462      0.00916148
    16.60000000      0.31580504      0.68419495     -0.04298074      0.00912316
    16.80000000      0.31221343      0.68778654     -0.04253610      0.00873340
    17.00000000      0.30871643      0.69128355     -0.04297994      0.00902719
    17.20000000      0.30513985      0.69486013     -0.04309813      0.00881611
    17.40000000      0.30171848      0.69828147     -0.04367573      0.00853957
    17.60000000      0.29836891      0.70163105     -0.04443918      0.00841643
    17.80000000      0.29495993      0.70504003     -0.04424475      0.00835507
    18.00000000      0.29158642      0.70841356     -0.04419280      0.00848100
    18.20000000      0.28845015      0.71154980     -0.04507881      0.00780498
    18.40000000      0.28527140      0.71472856     -0.04482621      0.00764726
    18.60000000      0.28233989      0.71766008     -0.04562017      0.00751051
    18.80000000      0.27940182      0.72059811     -0.04581651      0.00703155
    19.00000000      0.27652612      0.72347385     -0.04586173      0.00689343
    19.20000000      0.27376375      0.72623618     -0.04668320      0.00749106
    19.40000000      0.27094423      0.72905572     -0.04747452      0.00718174
    19.60000000      0.26792310      0.73207685     -0.04704840      0.00774397
    19.80000000      0.26494900      0.73505094     -0.04720819      0.00728583
    20.00000000      0.26213043      0.73786945     -0.04772902      0.00718156
    20.20000000      0.25920938      0.74079047     -0.04756565      0.00751375
    20.40000000      0.25623809      0.74376186     -0.04725234      0.00722704
    20.60000000      0.25337526      0.74662464     -0.04749572      0.00758940
    20.80000000      0.25043025      0.74956965     -0.04737027      0.00699321
    21.00000000      0.24766442      0.75233544     -0.04785298      0.00697401
    21.20000000      0.24497849      0.75502136     -0.04786343      0.00614724
    21.40000000      0.24260460      0.75739531     -0.04872557      0.00618765
    21.60000000      0.24025063      0.75974925     -0.04923345      0.00580854
    21.80000000      0.23792541      0.76207447     -0.04940171      0.00565470
    22.00000000      0.23564047      0.76435943     -0.04999382      0.00576495
    22.20000000      0.23325389      0.76674599     -0.04972556      0.00587629
    22.40000000      0.23089625      0.76910357     -0.04988463      0.00596258
    22.60000000      0.22845379      0.77154598     -0.04960508      0.00584293
    22.80000000      0.22603827      0.77396156     -0.05005865      0.00648365
    23.00000000      0.22357473      0.77642503     -0.05003014      0.00595915
    23.20000000      0.22103314      0.77896659     -0.04929076      0.00576532
    23.40000000      0.21880131      0.78119841     -0.05022292      0.00582364
    23.60000000      0.21638921      0.78361048     -0.05020292      0.00608665
    23.80000000      0.21413861      0.78586113     -0.05057404      0.00548171
    24.00000000      0.21198040      0.78801923     -0.05080647      0.00520590
    24.20000000      0.20973753      0.79026222     -0.05069912      0.00579997
    24.40000000      0.20753704      0.79246259     -0.05089307      0.00533384
    24.60000000      0.20529071      0.79470893     -0.05064769      0.00556658
    24.80000000      0.20310254      0.79689707     -0.05038633      0.00532463
    25.00000000      0.20103041      0.79896918     -0.05086697      0.00506140
    25.20000000      0.19903273      0.80096690     -0.05144773      0.00500957
    25.40000000      0.19706446      0.80293517     -0.05151920      0.00473360
    25.60000000      0.19530487      0.80469466     -0.05203770      0.00433709
    25.80000000      0.19348994      0.80650949     -0.05216008      0.00447756
    26.00000000      0.19163679      0.80836276     -0.05273937      0.00465305
    26.20000000      0.18984441      0.81015503     -0.05346279      0.00481007
    26.40000000      0.18777804      0.81222130     -0.05293451      0.00507249
    26.60000000      0.18578807      0.81421138     -0.05321736      0.00493489
    26.80000000      0.18367974      0.81631958     -0.05250206      0.00522583
    27.00000000      0.18156332      0.81843598     -0.05225801      0.00533675
    27.20000000      0.17946828      0.82053100     -0.05195370      0.00531652
    27.40000000      0.17752199      0.82247728     -0.05268620      0.00513289
    27.60000000      0.17549383      0.82450540     -0.05208207      0.00458112
    27.80000000      0.17358309      0.82641611     -0.05238882      0.00480237
    28.00000000      0.17184327      0.82815587     -0.05240134      0.00390901
    28.20000000      0.17025218      0.82974685     -0.05301409      0.00394068
    28.40000000      0.16866366      0.83133537     -0.05323527      0.00412730
    28.60000000      0.16706268      0.83293638     -0.05345658      0.00404382
    28.80000000      0.16551638      0.83448255     -0.05335765      0.00354954
    29.00000000      0.16404500      0.83595391     -0.05373221      0.00402786
    29.20000000      0.16252273      0.83747612     -0.05402571      0.00390181
    29.40000000      0.16101774      0.83898110     -0.05407624      0.00358427
    29.60000000      0.15951760      0.84048124     -0.05440471      0.00384525
    29.80000000      0.15793858      0.84206019     -0.05442874      0.00430921
    30.00000000      0.15635078      0.84364788     -0.05440897      0.00368141
    30.20000000      0.15471440      0.84528421     -0.05452713      0.00455619
    30.40000000      0.15295073      0.84704785     -0.05397178      0.00435715
    30.60000000      0.15126265      0.84873581     -0.05396243      0.00419379
    30.80000000      0.14946560      0.85053286     -0.05337405      0.00429263
    31.00000000      0.14781245      0.85218595     -0.05338816      0.00382529
    31.20000000      0.14624465      0.85375369     -0.05357410      0.00392886
    31.40000000      0.14466947      0.85532871     -0.05339872      0.00372215
    31.60000000      0.14320401      0.85679410     -0.05377257      0.00377610
    31.80000000      0.14188864      0.85810935     -0.05442365      0.00296444
    32.00000000      0.14066733      0.85933055     -0.05462543      0.00288675
    32.20000000      0.13953489      0.86046292     -0.05510532      0.00283996
    32.40000000      0.13823206      0.86176571     -0.05501769      0.00323212
    32.60000000      0.13701024      0.86298744     -0.05544780      0.00313372
    32.80000000      0.13555045      0.86444717     -0.05503194      0.00358352
    33.00000000      0.13410321      0.86589431     -0.05488468      0.00390331
    33.20000000      0.13264426      0.86735321     -0.05488272      0.00369755
    33.40000000      0.13128103      0.86871629     -0.05505446      0.00304555
    33.60000000      0.12993458      0.87006255     -0.05483055      0.00342115
    33.80000000      0.12872869      0.87126837     -0.05524577      0.00297078
    34.00000000      0.12757709      0.87241980     -0.05547988      0.00274228
    34.20000000      0.12649230      0.87350456     -0.05631121      0.00306796
    34.40000000      0.12522503      0.87477180     -0.05593254      0.00265632
    34.60000000      0.12398020      0.87601652     -0.05606698      0.00383562
    34.80000000      0.12261447      0.87738213     -0.05607530      0.00320160
    35.00000000      0.12115202      0.87884435     -0.05537920      0.00368182
    35.20000000      0.11964481      0.88035148     -0.05475342      0.00362192
    35.40000000      0.11822687      0.88176919     -0.05476138      0.00374416
    35.60000000      0.11681864      0.88317719     -0.05454187      0.00331286
    35.80000000      0.11545444      0.88454125     -0.05447028      0.00367328
    36.00000000      0.11423799      0.88575753     -0.05473734      0.00277670
    36.20000000      0.11319268      0.88680272     -0.05535071      0.00242561
    36.40000000      0.11214527      0.88785004     -0.05535136      0.00264903
    36.60000000      0.11125432      0.88874091     -0.05612509      0.00214798
    36.80000000      0.11044889      0.88954610     -0.05664121      0.00247778
    37.00000000      0.10956797      0.89042686     -0.05701060      0.00236943
    37.20000000      0.10856776      0.89142680     -0.05712128      0.00245749
    37.40000000      0.10749910      0.89249537     -0.05690721      0.00294542
    37.60000000      0.10646627      0.89352801     -0.05695317      0.00275775
    37.80000000      0.10539860      0.89459557     -0.05668636      0.00246160
    38.00000000      0.10428488      0.89570907     -0.05663651      0.00297760
    38.20000000      0.10318455      0.89680912     -0.05683079      0.00252236
    38.40000000      0.10202778      0.89796553     -0.05651572      0.00316621
    38.60000000      0.10084797      0.89914511     -0.05625039      0.00260899
    38.80000000      0.09967708      0.90031571     -0.05620079      0.00341631
    39.00000000      0.09846289      0.90152969     -0.05592187      0.00304622
    39.20000000      0.09731789      0.90267449     -0.05597118      0.00292421
    39.40000000      0.09618299      0.90380911     -0.05591434      0.00293126
    39.60000000      0.09515144      0.90484035     -0.05600134      0.00253530
    39.80000000      0.09407140      0.90592018     -0.05577201      0.00284176
    40.00000000      0.09313870      0.90685262     -0.05644571      0.00239678
    40.20000000      0.09224927      0.90774174     -0.05646885      0.00225183
    40.40000000      0.09143760      0.90855320     -0.05678231      0.00182901
    40.60000000      0.09074443      0.90924624     -0.05730113      0.00167679
    40.80000000      0.08994168      0.91004869     -0.05753160      0.00208710
    41.00000000      0.08902189      0.91096813     -0.05785106      0.00237696
    41.20000000      0.08808904      0.91190071     -0.05739675      0.00178840
    41.40000000      0.08725878      0.91273054     -0.05736613      0.00221644
    41.60000000      0.08630254      0.91368657     -0.05730991      0.00248266
    41.80000000      0.08531578      0.91467301     -0.05676285      0.00212980
    42.00000000      0.08452361      0.91546474     -0.05777479      0.00225028
    42.20000000      0.08366221      0.91632573     -0.05794998      0.00227525
    42.40000000      0.08268791      0.91729981     -0.05790830      0.00254271
    42.60000000      0.08178789      0.91819931     -0.05794978      0.00185632
    42.80000000      0.08095226      0.91903457     -0.05795714      0.00225604
    43.00000000      0.07997098      0.92001530     -0.05761725      0.00244543
    43.20000000      0.07899665      0.92098921     -0.05724777      0.00251653
    43.40000000      0.07809788      0.92188760     -0.05726180      0.00235636
    43.60000000      0.07718647      0.92279856     -0.05695646      0.00205706
    43.80000000      0.07625176      0.92373298     -0.05691803      0.00253751
    44.00000000      0.07523940      0.92474496     -0.05651198      0.00204835
    44.20000000      0.07451893      0.92546497     -0.05727537      0.00190953
    44.40000000      0.07370659      0.92627697     -0.05710891      0.00218603
    44.60000000      0.07305127      0.92693190     -0.05785596      0.00163156
    44.80000000      0.07225040      0.92773234     -0.05771376      0.00210449
    45.00000000      0.07157353      0.92840884     -0.05814692      0.00176389
    45.20000000      0.07084103      0.92914079     -0.05787905      0.00175008
    45.40000000      0.07003443      0.92994704     -0.05785595      0.00209943
    45.60000000      0.06915733      0.93082378     -0.05738830      0.00198863
    45.80000000      0.06834692      0.93163370     -0.05749837      0.00207904
    46.00000000      0.06750314      0.93247686     -0.05712849      0.00175279
    46.20000000      0.06685143      0.93312793     -0.05766351      0.00133700
    46.40000000      0.06627581      0.93370286     -0.05811389      0.00107991
    46.60000000      0.06578163      0.93419661     -0.05867752      0.00113754
    46.80000000      0.06534893      0.93462875     -0.05939246      0.00137042
    47.00000000      0.06486885      0.93510816     -0.05973343      0.00132322
    47.20000000      0.06425775      0.93571872     -0.05984620      0.00191140
    47.40000000      0.06348506      0.93649090     -0.05944564      0.00190698
    47.60000000      0.06260964      0.93736567     -0.05873038      0.00260104
    47.80000000      0.06166170      0.93831289     -0.05809989      0.00224708
    48.00000000      0.06069515      0.93927868     -0.05781946      0.00272525
    48.20000000      0.05964902      0.94032411     -0.05715200      0.00244391
    48.40000000      0.05873683      0.94123540     -0.05712971      0.00245376
    48.60000000      0.05777472      0.94219706     -0.05657423      0.00205034
    48.80000000      0.05699195      0.94297918     -0.05689703      0.00177989
    49.00000000      0.05631231      0.94365799     -0.05720690      0.00172867
    49.20000000      0.05578451      0.94418507     -0.05771628      0.00146899
    49.40000000      0.05527053      0.94469835     -0.05766229      0.00112322
    49.60000000      0.05478116      0.94518698     -0.05801992      0.00137912
    49.80000000      0.05433218      0.94563518     -0.05837126      0.00115952
    50.00000000      0.05381069      0.94615560     -0.05846888      0.00153365
    50.20000000      0.05328249      0.94668328     -0.05916027      0.00155015
    50.40000000      0.05263267      0.94733222     -0.05889476      0.00139792
    50.60000000      0.05216311      0.94780086     -0.05927933      0.00098970
    50.80000000      0.05168045      0.94828276     -0.05951661      0.00146457
    51.00000000      0.05106726      0.94889484     -0.05934277      0.00183515
    51.20000000      0.05044492      0.94951614     -0.05949102      0.00188255
    51.40000000      0.04977760      0.95018251     -0.05938189      0.00163710
    51.60000000      0.04906496      0.95089439     -0.05914097      0.00176941
    51.80000000      0.04827013      0.95168822     -0.05844206      0.00175160
    52.00000000      0.04758507      0.95237204     -0.05843291      0.00173700
    52.20000000      0.04697723      0.95297902     -0.05864428      0.00149025
    52.40000000      0.04632593      0.95362911     -0.05824533      0.00121889
    52.60000000      0.04579237      0.95416195     -0.05862824      0.00148027
    52.80000000      0.04525643      0.95469676     -0.05883676      0.00108941
    53.00000000      0.04474721      0.95520495     -0.05919130      0.00124287
    53.20000000      0.04412770      0.95582349     -0.05892964      0.00176742
    53.40000000      0.04349798      0.95645234     -0.05896880      0.00163640
    53.60000000      0.04288210      0.95706718     -0.05879576      0.00138769
    53.80000000      0.04226241      0.95768571     -0.05857292      0.00215190
    54.00000000      0.04148764      0.95845914     -0.05788856      0.00190864
    54.20000000      0.04079385      0.95915196     -0.05779573      0.00153597
    54.40000000      0.04027490      0.95967001     -0.05853085      0.00127716
    54.60000000      0.03965864      0.96028539     -0.05807024      0.00113722
    54.80000000      0.03917015      0.96077296     -0.05848746      0.00120862
    55.00000000      0.03879629      0.96114583     -0.05905945      0.00108908
    55.20000000      0.03846632      0.96147455     -0.05949263      0.00084319
    55.40000000      0.03812203      0.96181773     -0.05980348      0.00086733
    55.60000000      0.03768827      0.96225020     -0.05979118      0.00132342
    55.80000000      0.03721123      0.96272607     -0.05989999      0.00137689
    56.00000000      0.03663618      0.96329973     -0.05935409      0.00112787
    56.20000000      0.03612794      0.96380662     -0.05937944      0.00123968
    56.40000000      0.03553489      0.96439852     -0.05894526      0.00133446
    56.60000000      0.03503482      0.96489735     -0.05927839      0.00152772
    56.80000000      0.03456068      0.96537007     -0.05960757      0.00117511
    57.00000000      0.03417212      0.96575738     -0.05989964      0.00068066
    57.20000000      0.03379914      0.96612890     -0.05987228      0.00084097
    57.40000000      0.03346690      0.96646023     -0.06023964      0.00090112
    57.60000000      0.03302831      0.96689751     -0.06035577      0.00120248
    57.80000000      0.03256185      0.96736256     -0.06019866      0.00085757
    58.00000000      0.03195401      0.96796879     -0.05972308      0.00177479
    58.20000000      0.03123536      0.96868587     -0.05945242      0.00200069
    58.40000000      0.03058282      0.96933720     -0.05922255      0.00159038
    58.60000000      0.02990594      0.97001214     -0.05873719      0.00149116
    58.80000000      0.02922884      0.97068787     -0.05855718      0.00159214
    59.00000000      0.02861186      0.97130324     -0.05832449      0.00136185
    59.20000000      0.02817636      0.97173754     -0.05895182      0.00119033
    59.40000000      0.02759757      0.97231464     -0.05855244      0.00132431
    59.60000000      0.02718463      0.97272610     -0.05879880      0.00067103
    59.80000000      0.02687785      0.97303136     -0.05937737      0.00111892
    60.00000000      0.02637501      0.97353232     -0.05861295      0.00078424
    60.20000000      0.02611410      0.97379146     -0.05966842      0.00122919
    60.40000000      0.02569542      0.97420871     -0.05952757      0.00096783
    60.60000000      0.02526757      0.97463463     -0.05926406      0.00076322
    60.80000000      0.02493214      0.97496862     -0.05975084      0.00084064
    61.00000000      0.02460589      0.97529288     -0.05986906      0.00081511
    61.20000000      0.02431600      0.97558135     -0.06025835      0.00061143
    61.40000000      0.02410986      0.97578598     -0.06064069      0.00026693
    61.60000000      0.02386083      0.97603346     -0.06097631      0.00063311
    61.80000000      0.02357647      0.97631627     -0.06137659      0.00055677
    62.00000000      0.02324723      0.97664325     -0.06112622      0.00099669
    62.20000000      0.02288124      0.97700697     -0.06125754      0.00093295
    62.40000000      0.02242098      0.97746540     -0.06094838      0.00115846
    62.60000000      0.02194083      0.97794348     -0.06070703      0.00136641
    62.80000000      0.02143570      0.97844682     -0.06026642      0.00136346
    63.00000000      0.02085445      0.97902624     -0.05986122      0.00182076
    63.20000000      0.02021525      0.97966346     -0.05943323      0.00137077
    63.40000000      0.01959184      0.98028497     -0.05905292      0.00133616
    63.60000000      0.01908672      0.98078843     -0.05950415      0.00150113
    63.80000000      0.01853058      0.98134217     -0.05907307      0.00101532
    64.00000000      0.01796221      0.98190874     -0.05823821      0.00129335
    64.20000000      0.01762342      0.98224576     -0.05912460      0.00135285
    64.40000000      0.01710949      0.98275731     -0.05865559      0.00116122
    64.60000000      0.01668680      0.98317795     -0.05895262      0.00135206
    64.80000000      0.01641912      0.98344377     -0.05947974      0.00022836
    65.00000000      0.01624206      0.98361836     -0.06002401      0.00054487
    65.20000000      0.01602189      0.98383697     -0.06026297      0.00001698
    65.40000000      0.01586535      0.98399160     -0.06075891      0.00071141
    65.60000000      0.01563405      0.98422086     -0.06097057      0.00057648
    65.80000000      0.01539604      0.98445667     -0.06123491      0.00054174
    66.00000000      0.01499285      0.98485751     -0.06053876      0.00091223
    66.20000000      0.01459272      0.98525501     -0.06060708      0.00129461
    66.40000000      0.01412601      0.98571887     -0.06009703      0.00096992
    66.60000000      0.01367500      0.98616752     -0.05988299      0.00124754
    66.80000000      0.01309443      0.98674580     -0.05926412      0.00136868
    67.00000000      0.01260908      0.98722905     -0.05939251      0.00094702
    67.20000000      0.01220829      0.98762716     -0.05978097      0.00085475
    67.40000000      0.01191075      0.98792270     -0.06005008      0.00047837
    67.60000000      0.01175723      0.98807388     -0.06074585      0.00048999
    67.80000000      0.01159264      0.98823623     -0.06099253      0.00021222
    68.00000000      0.01153270      0.98829302     -0.06179207      0.00039373
    68.20000000      0.01128557      0.98853807     -0.06130047      0.00066931
    68.40000000      0.01106269      0.98875802     -0.06141097      0.00057129
    68.60000000      0.01073475      0.98908342     -0.06110571      0.00128661
    68.80000000      0.01031183      0.98950378     -0.06086482      0.00121232
    69.00000000      0.00980437      0.99000842     -0.06015495      0.00088010
    69.20000000      0.00923835      0.99057149     -0.05933629      0.00097435
    69.40000000      0.00882392      0.99098294     -0.05953446      0.00133134
    69.60000000      0.00840479      0.99139943     -0.05951807      0.00090635
    69.80000000      0.00804814      0.99175314     -0.05975651      0.00106376
    70.00000000      0.00770313      0.99209535     -0.05958057      0.00056195
    70.20000000      0.00740056      0.99239462     -0.05968853      0.00061941
    70.40000000      0.00713818      0.99265379     -0.05996691      0.00081231
    70.60000000      0.00681579      0.99297351     -0.05995868      0.00112810
    70.80000000      0.00633240      0.99345408     -0.05905770      0.00062862
    71.00000000      0.00597419      0.99380937     -0.05937065      0.00136596
    71.20000000      0.00556791      0.99421306     -0.05945039      0.00074664
    71.40000000      0.00522566      0.99455272     -0.05956208      0.00088828
    71.60000000      0.00491951      0.99485616     -0.05952730      0.00065235
    71.80000000      0.00479282      0.99497938     -0.06011568      0.00016366
    72.00000000      0.00463923      0.99513020     -0.06043336      0.00025272
    72.20000000      0.00454591      0.99522000     -0.06070192      0.00022274
    72.40000000      0.00444100      0.99532106     -0.06073062      0.00024888
    72.60000000      0.00429374      0.99546499     -0.06100990      0.00032095
    72.80000000      0.00415959      0.99559635     -0.06124845      0.00028178
    73.00000000      0.00395123      0.99580154     -0.06100621      0.00048504
    73.20000000      0.00368043      0.99606904     -0.06107303      0.00085956
    73.40000000      0.00337092      0.99637578     -0.06100080      0.00042642
    73.60000000      0.00317705      0.99656580     -0.06145452      0.00056651
    73.80000000      0.00290016      0.99683921     -0.06132075      0.00050301
    74.00000000      0.00262205      0.99711335     -0.06133549      0.00042100
    74.20000000      0.00237356      0.99735873     -0.06140464      0.00071047
    74.40000000      0.00210256      0.99762612     -0.06133398      0.00075298
    74.60000000      0.00178303      0.99794142     -0.06120596      0.00084037
    74.80000000      0.00138186      0.99833968     -0.06076447      0.00105225
    75.00000000      0.00091603      0.99880147     -0.06050941      0.00155849
    75.20000000      0.00043800      0.99927552     -0.06007015      0.00087196
    75.40000000      0.00008875      0.99962108     -0.06006084      0.00078932
    75.60000000     -0.00028684      0.99999287     -0.05977231      0.00080011
    75.80000000     -0.00063593      1.00033793     -0.05967095      0.00091869
    76.00000000     -0.00096958      1.00066779     -0.05971910      0.00038904
    76.20000000     -0.00126730      1.00096122     -0.05991196      0.00074281
    76.40000000     -0.00158199      1.00127286     -0.05979728      0.00060262
    76.60000000     -0.00190457      1.00159135     -0.05936952      0.00057066
    76.80000000     -0.00212493      1.00180791     -0.05982633      0.00068081
    77.00000000     -0.00239947      1.00207795     -0.05962093      0.00041964
    77.20000000     -0.00260866      1.00228307     -0.05982234      0.00069088
    77.40000000     -0.00270317      1.00237329     -0.06055763      0.00035554
    77.60000000     -0.00283093      1.00249706     -0.06044493      0.00015491
    77.80000000     -0.00283399      1.00249659     -0.06138115      0.00005889
    78.00000000     -0.00291182      1.00256987     -0.06156141      0.00008637
    78.20000000     -0.00288154      1.00253633     -0.06199014     -0.00034578
    78.40000000     -0.00295381      1.00260433     -0.06193533      0.00064806
    78.60000000     -0.00301413      1.00266027     -0.06231485      0.00021930
    78.80000000     -0.00320549      1.00284739     -0.06212245      0.00098980
    79.00000000     -0.00364184      1.00327828     -0.06137051      0.00080852
    79.20000000     -0.00404713      1.00367904     -0.06092349      0.00076458
    79.40000000     -0.00440947      1.00403724     -0.06071518      0.00117465
    79.60000000     -0.00471776      1.00434060     -0.06082228      0.00071607
    79.80000000     -0.00506641      1.00468376     -0.06056113      0.00055310
    80.00000000     -0.00533034      1.00494318     -0.06068700      0.00062175
    80.20000000     -0.00556629      1.00517551     -0.06069507      0.00029457
    80.40000000     -0.00573014      1.00533412     -0.06096170      0.00042480
    80.60000000     -0.00582269      1.00542209     -0.06139317      0.00036307
    80.80000000     -0.00595417      1.00554841     -0.06150547      0.00093145
    81.00000000     -0.00619035      1.00578007     -0.06144166      0.00049693
    81.20000000     -0.00648822      1.00607252     -0.06108629      0.00063969
    81.40000000     -0.00689899      1.00647869     -0.06047801      0.00100114
    81.60000000     -0.00729657      1.00687079     -0.06009768      0.00063078
    81.80000000     -0.00763994      1.00720954     -0.05998474      0.00111683
    82.00000000     -0.00789942      1.00746375     -0.06046140      0.00036626
    82.20000000     -0.00808363      1.00764341     -0.06046806      0.00030771
    82.40000000     -0.00823274      1.00778820     -0.06076070      0.00040914
    82.60000000     -0.00843633      1.00798590     -0.06070967      0.00063060
    82.80000000     -0.00847482      1.00801954     -0.06118803     -0.00022720
    83.00000000     -0.00853778      1.00807734     -0.06114879      0.00043889
    83.20000000     -0.00873474      1.00826830     -0.06123197      0.00069251
    83.40000000     -0.00905216      1.00858108     -0.06070088      0.00071977
    83.60000000     -0.00929067      1.00881413     -0.06081604      0.00052068
    83.80000000     -0.00964720      1.00916488     -0.06008326      0.00071113
    84.00000000     -0.00991994      1.00943162     -0.06029303      0.00067207
    84.20000000     -0.01013596      1.00964188     -0.06045531      0.00048486
    84.40000000     -0.01034452      1.00984494     -0.06028379      0.00050318
    84.60000000     -0.01054895      1.01004319     -0.06025822      0.00030514
    84.80000000     -0.01077313      1.01026193     -0.06015327      0.00042926
    85.00000000     -0.01081259      1.01029645     -0.06103318      0.00013122
    85.20000000     -0.01090146      1.01037987     -0.06106659      0.00018640
    85.40000000     -0.01093597      1.01040933     -0.06119083      0.00000322
    85.60000000     -0.01092923      1.01039710     -0.06164428      0.00005424
    85.80000000     -0.01093741      1.01039897     -0.06214493     -0.00002222
    86.00000000     -0.01096393      1.01042074     -0.06213021      0.00003979
    86.20000000     -0.01088889      1.01033911     -0.06284372      0.00011038
    86.40000000     -0.01088670      1.01033080     -0.06344202      0.00000491
    86.60000000     -0.01098889      1.01042675     -0.06320075      0.00007360
    86.80000000     -0.01113834      1.01056897     -0.06278143      0.00044490
    87.00000000     -0.01144494      1.01086943     -0.06229263      0.00122966
    87.20000000     -0.01183065      1.01124831     -0.06174039      0.00104882
    87.40000000     -0.01227422      1.01168488     -0.06099608      0.00106819
    87.60000000     -0.01273188      1.01213648     -0.06028172      0.00104052
    87.80000000     -0.01316765      1.01256468     -0.05967639      0.00086160
    88.00000000     -0.01350066      1.01289083     -0.05996878      0.00113831
    88.20000000     -0.01384198      1.01322617     -0.06012459      0.00074974
    88.40000000     -0.01413882      1.01351680     -0.05992187      0.00049864
    88.60000000     -0.01428968      1.01365980     -0.06002660     -0.00016511
    88.80000000     -0.01439693      1.01376125     -0.06050044      0.00051277
    89.00000000     -0.01455205      1.01390986     -0.06058187      0.00027949
    89.20000000     -0.01458853      1.01393927     -0.06066690     -0.00024821
    89.40000000     -0.01475499      1.01409928     -0.06034081      0.00067568
    89.60000000     -0.01489928      1.01423623     -0.06088505      0.00043419
    89.80000000     -0.01516401      1.01449446     -0.06016467      0.00014302
    90.00000000     -0.01524831      1.01457196     -0.06067804      0.00056891
    90.20000000     -0.01540936      1.01472533     -0.06083159      0.00034136
    90.40000000     -0.01551885      1.01482812     -0.06117645      0.00011696
    90.60000000     -0.01565388      1.01495629     -0.06105404      0.00028221
    90.80000000     -0.01561292      1.01490735     -0.06197312      0.00021301
    91.00000000     -0.01560619      1.01489309     -0.06212712     -0.00017831
    91.20000000     -0.01565899      1.01493908     -0.06197290      0.00013566
    91.40000000     -0.01578032      1.01505197     -0.06193737      0.00055715
    91.60000000     -0.01600018      1.01526392     -0.06146695      0.00014682
    91.80000000     -0.01618789      1.01544456     -0.06143899      0.00061554
    92.00000000     -0.01633876      1.01558505     -0.06159745      0.00039114
    92.20000000     -0.01648474      1.01572396     -0.06143984     -0.00000547
    92.40000000     -0.01653036      1.01576155     -0.06186088      0.00007510
    92.60000000     -0.01656293      1.01578679     -0.06228692     -0.00033005
    92.80000000     -0.01666755      1.01588307     -0.06204951      0.00007077
    93.00000000     -0.01664201      1.01584996     -0.06262357      0.00008756
    93.20000000     -0.01669280      1.01589153     -0.06272923      0.00024067
    93.40000000     -0.01681283      1.01600434     -0.06242782      0.00028319
    93.60000000     -0.01704715      1.01622987     -0.06177710      0.00088299
    93.80000000     -0.01733191      1.01650464     -0.06150792      0.00091443
    94.00000000     -0.01767615      1.01683873     -0.06082975      0.00081913
    94.20000000     -0.01799281      1.01714640     -0.06057590      0.00060511
    94.40000000     -0.01835901      1.01750307     -0.05984075      0.00078341
    94.60000000     -0.01863375      1.01776919     -0.05997540      0.00069524
    94.80000000     -0.01886959      1.01799643     -0.06010409      0.00067276
    95.00000000     -0.01904269      1.01816226     -0.06030211      0.00009637
    95.20000000     -0.01921588      1.01832515     -0.06022069      0.00024464
    95.40000000     -0.01930163      1.01840159     -0.06060165      0.00024034
    95.60000000     -0.01941210      1.01850486     -0.06058735      0.00033087
    95.80000000     -0.01942161      1.01850492     -0.06104630     -0.00010486
    96.00000000     -0.01945702      1.01853091     -0.06100426      0.00003136
    96.20000000     -0.01947579      1.01854103     -0.06149576      0.00014779
    96.40000000     -0.01954976      1.01860676     -0.06121032     -0.00033105
    96.60000000     -0.01964121      1.01868986     -0.06117997      0.00072057
    96.80000000     -0.01974871      1.01878689     -0.06158178      0.00035606
    97.00000000     -0.01984273      1.01887082     -0.06161771      0.00021678
    97.20000000     -0.01993046      1.01894944     -0.06153054      0.00018090
    97.40000000     -0.02003451      1.01904236     -0.06132461      0.00024166
    97.60000000     -0.02014014      1.01913804     -0.06117863      0.00047420
    97.80000000     -0.02030651      1.01929463     -0.06107951      0.00015380
    98.00000000     -0.02049330      1.01947056     -0.06066997      0.00053123
    98.20000000     -0.02058786      1.01955457     -0.06097958     -0.00005417
    98.40000000     -0.02064413      1.01960063     -0.06118211      0.00016744
    98.60000000     -0.02068022      1.01962788     -0.06133919     -0.00045605
    98.80000000     -0.02061764      1.01955433     -0.06210471     -0.00005028
    99.00000000     -0.02076639      1.01969336     -0.06153784     -0.00003146
    99.20000000     -0.02067334      1.01958957     -0.06215358     -0.00042336
    99.40000000     -0.02069572      1.01960155     -0.06178536      0.00009706
    99.60000000     -0.02075521      1.01965044     -0.06180819      0.00076169
    99.80000000     -0.02085909      1.01974248     -0.06203965      0.00016488
   100.00000000     -0.02107396      1.01994522     -0.06148339      0.00049418
   100.20000000     -0.02121048      1.02007161     -0.06147722     -0.00005528
   100.40000000     -0.02133820      1.02018710     -0.06142190      0.00015064
   100.60000000     -0.02145757      1.02029396     -0.06136730      0.00011514
   100.80000000     -0.02149444      1.02032035     -0.06150100     -0.00013889
   101.00000000     -0.02143599      1.02025065     -0.06198287     -0.00027202
   101.20000000     -0.02137785      1.02018264     -0.06241481     -0.00007004
   101.40000000     -0.02145072      1.02024281     -0.06215121      0.00051744
   101.60000000     -0.02152113      1.02030237     -0.06248961      0.00035355
   101.80000000     -0.02169180      1.02046107     -0.06215926      0.00034867
   102.00000000     -0.02204439      1.02080088     -0.06103245      0.00082518
   102.20000000     -0.02234657      1.02108900     -0.06081366      0.00097939
   102.40000000     -0.02276303      1.02149314     -0.06030287      0.00095915
   102.60000000     -0.02317073      1.02188671     -0.05969892      0.00100664
   102.80000000     -0.02345553      1.02216020     -0.05970981      0.00057272
   103.00000000     -0.02367369      1.02236571     -0.05947929      0.00034798
   103.20000000     -0.02378384      1.02246447     -0.05979422      0.00011529
   103.40000000     -0.02382018      1.02248743     -0.06011891     -0.00026767
   103.60000000     -0.02390661      1.02256172     -0.05998376      0.00045005
   103.80000000     -0.02383989      1.02248423     -0.06097980     -0.00015926
   104.00000000     -0.02392621      1.02255775     -0.06035406     -0.00005916
   104.20000000     -0.02380953      1.02242965     -0.06136437      0.00022261
   104.40000000     -0.02387835      1.02248535     -0.06096973      0.00001516
   104.60000000     -0.02387373      1.02246875     -0.06111196     -0.00001917
   104.80000000     -0.02386334      1.02244424     -0.06137466     -0.00019486
   105.00000000     -0.02384831      1.02241872     -0.06158470     -0.00013184
   105.20000000     -0.02374386      1.02229873     -0.06219795     -0.00009079
   105.40000000     -0.02367858      1.02221898     -0.06224905     -0.00052329
   105.60000000     -0.02355173      1.02207945     -0.06262219     -0.00011611
   105.80000000     -0.02336680      1.02188065     -0.06304422     -0.00027831
   106.00000000     -0.02331223      1.02181279     -0.06281361     -0.00040983
   106.20000000     -0.02335779      1.02184607     -0.06253574      0.00019248
   106.40000000     -0.02337268      1.02184520     -0.06263320      0.00004318
   106.60000000     -0.02340411      1.02186220     -0.06261810      0.00001737
   106.80000000     -0.02354882      1.02199274     -0.06244457      0.00045645
   107.00000000     -0.02376454      1.02219309     -0.06185412      0.00000692
   107.20000000     -0.02392166      1.02233494     -0.06182685      0.00057666
   107.40000000     -0.02407508      1.02247073     -0.06178363      0.00031047
   107.60000000     -0.02421766      1.02259912     -0.06152786      0.00033420
   107.80000000     -0.02436962      1.02273605     -0.06119165      0.00025148
   108.00000000     -0.02444104      1.02279229     -0.06136292      0.00022769
   108.20000000     -0.02460976      1.02294476     -0.06100060      0.00036233
   108.40000000     -0.02487361      1.02319164     -0.06039679      0.00110265
   108.60000000     -0.02511947      1.02342119     -0.06020817      0.00062384
   108.80000000     -0.02529775      1.02358515     -0.06016251      0.00027930
   109.00000000     -0.02542703      1.02369629     -0.06010843      0.00007032
   109.20000000     -0.02553145      1.02378556     -0.06033729      0.00016096
   109.40000000     -0.02563685      1.02387600     -0.06040539     -0.00002737
   109.60000000     -0.02568013      1.02390559     -0.06054310      0.00004706
   109.80000000     -0.02562645      1.02383590     -0.06100194     -0.00025619
   110.00000000     -0.02560244      1.02379716     -0.06090625     -0.00008545
   110.20000000     -0.02559384      1.02377199     -0.06098204     -0.00023666
   110.40000000     -0.02560282      1.02376291     -0.06115745      0.00009717
   110.60000000     -0.02568216      1.02382485     -0.06070185     -0.00008271
   110.80000000     -0.02564805      1.02377670     -0.06130337      0.00006047
   111.00000000     -0.02567119      1.02378386     -0.06134732     -0.00019201
   111.20000000     -0.02573829      1.02383545     -0.06108371     -0.00004863
   111.40000000     -0.02564696      1.02372414     -0.06188994     -0.00012127
   111.60000000     -0.02566569      1.02372626     -0.06156495     -0.00001263
   111.80000000     -0.02564848      1.02369048     -0.06201993      0.00022376
   112.00000000     -0.02571479      1.02373830     -0.06179564     -0.00004493
   112.20000000     -0.02582218      1.02382738     -0.06151030      0.00025748
   112.40000000     -0.02599827      1.02398465     -0.06074345      0.00014468
   112.60000000     -0.02609768      1.02406616     -0.06075172      0.00038741
   112.80000000     -0.02626356      1.02421185     -0.06037182     -0.00000355
   113.00000000     -0.02633120      1.02426107     -0.06061134      0.00031908
   113.20000000     -0.02638283      1.02429381     -0.06080092      0.00004129
   113.40000000     -0.02630591      1.02419982     -0.06142358     -0.00051118
   113.60000000     -0.02608125      1.02395691     -0.06215669     -0.00061015
   113.80000000     -0.02579918      1.02365569     -0.06281240     -0.00101546
   114.00000000     -0.02554402      1.02338185     -0.06288186     -0.00053757
   114.20000000     -0.02530886      1.02312906     -0.06337005     -0.00027200
   114.40000000     -0.02518620      1.02298727     -0.06327129     -0.00019627
   114.60000000     -0.02518982      1.02296891     -0.06311467      0.00034796
   114.80000000     -0.02545487      1.02321308     -0.06194511      0.00061759
   115.00000000     -0.02566804      1.02340211     -0.06172472      0.00068179
   115.20000000     -0.02599601      1.02370677     -0.06112936      0.00065851
   115.40000000     -0.02634935      1.02403805     -0.06052339      0.00066084
   115.60000000     -0.02659587      1.02426334     -0.06018595      0.00035789
   115.80000000     -0.02668213      1.02433106     -0.06045889      0.00016064
   116.00000000     -0.02671784      1.02434481     -0.06084041     -0.00006129
   116.20000000     -0.02672831      1.02433686     -0.06079151     -0.00026858
   116.40000000     -0.02663954      1.02422671     -0.06110619     -0.00032215
   116.60000000     -0.02662077      1.02418744     -0.06112480      0.00010931
   116.80000000     -0.02665199      1.02419554     -0.06097944      0.00009588
   117.00000000     -0.02663247      1.02415501     -0.06110232      0.00002961
   117.20000000     -0.02660119      1.02410256     -0.06125833     -0.00009466
   117.40000000     -0.02666111      1.02414092     -0.06105468      0.00013820
   117.60000000     -0.02673187      1.02418943     -0.06091017     -0.00004065
   117.80000000     -0.02675076      1.02418435     -0.06120399      0.00000168
   118.00000000     -0.02684135      1.02424968     -0.06101917      0.00005853
   118.20000000     -0.02690073      1.02428871     -0.06124877      0.00014708
   118.40000000     -0.02702839      1.02439223     -0.06061466     -0.00001698
   118.60000000     -0.02713675      1.02447565     -0.06028678      0.00037309
   118.80000000     -0.02724412      1.02456248     -0.06040249      0.00052068
   119.00000000     -0.02739142      1.02468509     -0.06006828     -0.00002398
   119.20000000     -0.02748465      1.02475313     -0.05998453      0.00028320
   119.40000000     -0.02754140      1.02478715     -0.06016518      0.00001114
   119.60000000     -0.02755515      1.02477586     -0.06006816     -0.00052746
   119.80000000     -0.02753098      1.02472948     -0.06026182      0.00027440
   120.00000000     -0.02745135      1.02462595     -0.06093084     -0.00039005
   120.20000000     -0.02731121      1.02446602     -0.06112007     -0.00060126
   120.40000000     -0.02709424      1.02422380     -0.06165693     -0.00064940
   120.60000000     -0.02696293      1.02406791     -0.06146575     -0.00052477
   120.80000000     -0.02680502      1.02388446     -0.06191143     -0.00027282
   121.00000000     -0.02676548      1.02381867     -0.06174999     -0.00043122
   121.20000000     -0.02668063      1.02370951     -0.06197631     -0.00047345
   121.40000000     -0.02656852      1.02357382     -0.06225426     -0.00040283
   121.60000000     -0.02646029      1.02344175     -0.06250501     -0.00048909
   121.80000000     -0.02624670      1.02320226     -0.06304419     -0.00068848
   122.00000000     -0.02605319      1.02298103     -0.06280889     -0.00085039
   122.20000000     -0.02587557      1.02277510     -0.06306378     -0.00047540
   122.40000000     -0.02576888      1.02263916     -0.06311868      0.00002492
   122.60000000     -0.02576722      1.02260653     -0.06288786      0.00012213
   122.80000000     -0.02583765      1.02265012     -0.06237943      0.00001271
   123.00000000     -0.02607635      1.02285933     -0.06139694      0.00077804
   123.20000000     -0.02635729      1.02310880     -0.06084022      0.00042520
   123.40000000     -0.02664079      1.02335887     -0.06037346      0.00073342
   123.60000000     -0.02684431      1.02353452     -0.06034293      0.00035099
   123.80000000     -0.02704494      1.02370354     -0.05993664      0.00030104
   124.00000000     -0.02716214      1.02378978     -0.05998696      0.00026122
   124.20000000     -0.02718905      1.02378951     -0.05982656     -0.00005480
   124.40000000     -0.02720265      1.02377355     -0.06014753      0.00041962
   124.60000000     -0.02719497      1.02373454     -0.06042213     -0.00032547
   124.80000000     -0.02724428      1.02375377     -0.06025900      0.00007032
   125.00000000     -0.02742170      1.02390316     -0.05966039      0.00012454
   125.20000000     -0.02748189      1.02393076     -0.05980925      0.00027199
   125.40000000     -0.02760797      1.02402891     -0.05957036      0.00018178
   125.60000000     -0.02767776      1.02406618     -0.05946815     -0.00013573
   125.80000000     -0.02768511      1.02404432     -0.05971257      0.00010752
   126.00000000     -0.02764104      1.02396925     -0.06028728     -0.00004196
   126.20000000     -0.02747161      1.02377067     -0.06092857     -0.00054253
   126.40000000     -0.02722924      1.02350106     -0.06137964     -0.00081752
   126.60000000     -0.02705663      1.02329922     -0.06125967     -0.00078603
   126.80000000     -0.02677292      1.02298490     -0.06185060     -0.00071008
   127.00000000     -0.02667045      1.02285116     -0.06171999     -0.00001741
   127.20000000     -0.02658715      1.02273105     -0.06188643     -0.00024454
   127.40000000     -0.02659174      1.02270489     -0.06147086     -0.00017766
   127.60000000     -0.02659401      1.02267271     -0.06120038     -0.00015731
   127.80000000     -0.02662020      1.02266188     -0.06117061     -0.00010258
   128.00000000     -0.02664010      1.02265066     -0.06098562     -0.00019576
   128.20000000     -0.02656881      1.02254245     -0.06136538     -0.00034431
   128.40000000     -0.02644365      1.02238297     -0.06150615     -0.00041440
   128.60000000     -0.02626282      1.02216948     -0.06189071     -0.00052698
   128.80000000     -0.02612708      1.02200030     -0.06198796     -0.00054582
   129.00000000     -0.02602825      1.02186733     -0.06199799     -0.00043922
   129.20000000     -0.02598867      1.02179524     -0.06177280     -0.00006256
   129.40000000     -0.02596047      1.02173134     -0.06154638     -0.00034024
   129.60000000     -0.02596697      1.02169406     -0.06137249      0.00018431
   129.80000000     -0.02605188      1.02174430     -0.06101832      0.00023081
   130.00000000     -0.02609963      1.02175230     -0.06112960      0.00012144
   130.20000000     -0.02618228      1.02179675     -0.06073705      0.00008463
   130.40000000     -0.02621962      1.02179530     -0.06055554     -0.00020569
   130.60000000     -0.02621985      1.02175704     -0.06071697      0.00017045
   130.80000000     -0.02618809      1.02168620     -0.06074658     -0.00046400
   131.00000000     -0.02619588      1.02165536     -0.06057789      0.00001546
   131.20000000     -0.02618928      1.02160939     -0.06065554     -0.00020149
   131.40000000     -0.02617498      1.02155697     -0.06094025     -0.00004719
   131.60000000     -0.02618288      1.02152520     -0.06070084     -0.00000341
   131.80000000     -0.02596865      1.02127534     -0.06151693     -0.00086569
   132.00000000     -0.02585878      1.02112381     -0.06138574     -0.00049889
   132.20000000     -0.02577466      1.02100424     -0.06126583     -0.00034095
   132.40000000     -0.02559062      1.02078157     -0.06168031     -0.00066347
   132.60000000     -0.02552920      1.02068081     -0.06147762     -0.00021823
   132.80000000     -0.02547371      1.02058383     -0.06149357     -0.00001266
   133.00000000     -0.02553064      1.02059571     -0.06108897      0.00012367
   133.20000000     -0.02568459      1.02070291     -0.06049031      0.00030184
   133.40000000     -0.02592376      1.02089941     -0.05954332      0.00019003
   133.60000000     -0.02606049      1.02098854     -0.05945396      0.00028329
   133.80000000     -0.02625925      1.02114160     -0.05899045      0.00034563
   134.00000000     -0.02630513      1.02114442     -0.05952978      0.00025773
   134.20000000     -0.02642635      1.02122027     -0.05922481     -0.00008235
   134.40000000     -0.02640552      1.02116177     -0.05957811     -0.00005294
   134.60000000     -0.02628378      1.02100118     -0.06002523     -0.00040498
   134.80000000     -0.02601071      1.02068557     -0.06091756     -0.00070604
   135.00000000     -0.02587080      1.02050730     -0.06057186     -0.00049865
   135.20000000     -0.02561406      1.02021115     -0.06110945     -0.00070737
   135.40000000     -0.02551249      1.02006029     -0.06071171     -0.00036299
   135.60000000     -0.02536007      1.01986683     -0.06087282     -0.00036400
   135.80000000     -0.02530790      1.01976653     -0.06073866     -0.00024405
   136.00000000     -0.02541421      1.01982557     -0.06008813     -0.00010803
   136.20000000     -0.02540349      1.01977054     -0.06033382     -0.00023877
   136.40000000     -0.02539592      1.01971701     -0.05999058     -0.00029805
   136.60000000     -0.02518473      1.01945544     -0.06068614     -0.00097754
   136.80000000     -0.02495306      1.01918149     -0.06092669     -0.00044525
   137.00000000     -0.02477083      1.01895140     -0.06101054     -0.00066723
   137.20000000     -0.02444666      1.01858543     -0.06184083     -0.00061608
   137.40000000     -0.02423636      1.01832590     -0.06152967     -0.00072499
   137.60000000     -0.02391723      1.01796111     -0.06222627     -0.00046272
   137.80000000     -0.02377411      1.01776823     -0.06182845     -0.00045200
   138.00000000     -0.02360690      1.01754838     -0.06195747     -0.00020440
   138.20000000     -0.02356827      1.01745603     -0.06159245     -0.00018958
   138.40000000     -0.02352439      1.01736708     -0.06140569     -0.00055096
   138.60000000     -0.02342564      1.01720972     -0.06148013     -0.00026233
   138.80000000     -0.02330017      1.01703090     -0.06151046     -0.00051320
   139.00000000     -0.02313612      1.01681477     -0.06184832     -0.00052639
   139.20000000     -0.02307929      1.01670167     -0.06139755     -0.00038097
   139.40000000     -0.02300603      1.01657698     -0.06143796     -0.00032486
   139.60000000     -0.02305006      1.01656534     -0.06098600     -0.00004622
   139.80000000     -0.02310336      1.01656261     -0.06021446     -0.00028426
   140.00000000     -0.02314978      1.01654525     -0.06011759      0.00028582
   140.20000000     -0.02329438      1.01663510     -0.05978003      0.00003741
   140.40000000     -0.02344609      1.01673019     -0.05931013      0.00030708
   140.60000000     -0.02346480      1.01669001     -0.05972051     -0.00003805
   140.80000000     -0.02344177      1.01660825     -0.05983534     -0.00038423
   141.00000000     -0.02340789      1.01651921     -0.05961788     -0.00046860
   141.20000000     -0.02331014      1.01636586     -0.05979045     -0.00058354
   141.40000000     -0.02315760      1.01616062     -0.06006004     -0.00036136
   141.60000000     -0.02310355      1.01605155     -0.05963046     -0.00052715
   141.80000000     -0.02290088      1.01579755     -0.06011045     -0.00057333
   142.00000000     -0.02281972      1.01565098     -0.05995015     -0.00027680
   142.20000000     -0.02275152      1.01552719     -0.05980343     -0.00050245
   142.40000000     -0.02275780      1.01547709     -0.05988195     -0.00002460
   142.60000000     -0.02278621      1.01544028     -0.05964222     -0.00005274
   142.80000000     -0.02264854      1.01524018     -0.05999623     -0.00036825
   143.00000000     -0.02263215      1.01516530     -0.05932883     -0.00037954
   143.20000000     -0.02255855      1.01502394     -0.05914826     -0.00041835
   143.40000000     -0.02234512      1.01475515     -0.06020924     -0.00008256
   143.60000000     -0.02233840      1.01468346     -0.05985107     -0.00038663
   143.80000000     -0.02229475      1.01457767     -0.05939427     -0.00070318
   144.00000000     -0.02220332      1.01442685     -0.05957688     -0.00035264
   144.20000000     -0.02203553      1.01420006     -0.06000604     -0.00043514
   144.40000000     -0.02174255      1.01384801     -0.06059283     -0.00116365
   144.60000000     -0.02144599      1.01349355     -0.06104378     -0.00092821
   144.80000000     -0.02117022      1.01315961     -0.06134423     -0.00107065
   145.00000000     -0.02079247      1.01272095     -0.06161584     -0.00125456
   145.20000000     -0.02018239      1.01205059     -0.06296686     -0.00122702
   145.40000000     -0.01980787      1.01161781     -0.06255211     -0.00149875
   145.60000000     -0.01936167      1.01111029     -0.06255823     -0.00082683
   145.80000000     -0.01906300      1.01074488     -0.06240499     -0.00088851
   146.00000000     -0.01886163      1.01046795     -0.06204654     -0.00065192
   146.20000000     -0.01877287      1.01029455     -0.06158692     -0.00030307
   146.40000000     -0.01881472      1.01026024     -0.06085612     -0.00036889
   146.60000000     -0.01882498      1.01019437     -0.06092127     -0.00007302
   146.80000000     -0.01894116      1.01023041     -0.06010036     -0.00034829
   147.00000000     -0.01883630      1.01005540     -0.06037319     -0.00026079
   147.20000000     -0.01876864      1.00991469     -0.06017163     -0.00039678
   147.40000000     -0.01863027      1.00970059     -0.06025003     -0.00057456
   147.60000000     -0.01852976      1.00952533     -0.06039858     -0.00047882
   147.80000000     -0.01855777      1.00947690     -0.05997176     -0.00007594
   148.00000000     -0.01858144      1.00941597     -0.05973817     -0.00015369
   148.20000000     -0.01868453      1.00943494     -0.05909701      0.00002567
   148.40000000     -0.01879416      1.00945941     -0.05880096      0.00016184
   148.60000000     -0.01888007      1.00946406     -0.05867252      0.00020211
   148.80000000     -0.01888752      1.00939895     -0.05869084     -0.00051038
   149.00000000     -0.01880757      1.00924684     -0.05879944     -0.00034022
   149.20000000     -0.01859713      1.00897426     -0.05961622     -0.00107451
   149.40000000     -0.01830329      1.00861339     -0.06008181     -0.00133872
   149.60000000     -0.01784328      1.00811705     -0.06053875     -0.00178425
   149.80000000     -0.01738860      1.00762974     -0.06070009     -0.00140444
   150.00000000     -0.01690387      1.00717015     -0.06124441     -0.00114068
