       0.039600       0.998665       0.001335       0.004301       0.038788
       0.079600       0.994079       0.005922       0.017712       0.075112
       0.119600       0.986802       0.013198       0.038332       0.105654
       0.159600       0.977378       0.022623       0.063782       0.128596
       0.199600       0.966452       0.033548       0.091394       0.143129
       0.239600       0.954698       0.045302       0.118622       0.149407
       0.279600       0.942743       0.057258       0.143347       0.148366
       0.319600       0.931116       0.068885       0.164052       0.141478
       0.359600       0.920216       0.079785       0.179880       0.130484
       0.399600       0.910300       0.089700       0.190602       0.117158
       0.439600       0.901490       0.098511       0.196508       0.103101
       0.479600       0.893789       0.106212       0.198265       0.089608
       0.519600       0.887113       0.112888       0.196756       0.077594
       0.559600       0.881320       0.118681       0.192939       0.067583
       0.599600       0.876241       0.123759       0.187728       0.059744
       0.639600       0.871705       0.128295       0.181904       0.053974
       0.679600       0.867558       0.132443       0.176066       0.049983
       0.719600       0.863671       0.136330       0.170620       0.047391
       0.759600       0.859948       0.140052       0.165789       0.045809
       0.799600       0.856324       0.143677       0.161649       0.044888
       0.839600       0.852756       0.147244       0.158165       0.044352
       0.879600       0.849222       0.150778       0.155245       0.044009
       0.919600       0.845713       0.154288       0.152772       0.043742
       0.959600       0.842224       0.157777       0.150636       0.043484
       0.999600       0.838756       0.161245       0.148739       0.043200
       1.039600       0.835312       0.164688       0.147005       0.042880
       1.079600       0.831896       0.168104       0.145381       0.042524
       1.119600       0.828509       0.171491       0.143835       0.042148
       1.159600       0.825152       0.174848       0.142358       0.041770
       1.199600       0.821826       0.178175       0.140953       0.041403
       1.239600       0.818528       0.181473       0.139623       0.041051
       1.279600       0.815257       0.184743       0.138353       0.040713
       1.319600       0.812013       0.187987       0.137120       0.040390
       1.359600       0.808794       0.191206       0.135892       0.040086
       1.399600       0.805599       0.194402       0.134647       0.039808
       1.439600       0.802424       0.197576       0.133376       0.039561
       1.479600       0.799268       0.200732       0.132084       0.039342
       1.519600       0.796129       0.203872       0.130782       0.039145
       1.559600       0.793005       0.206996       0.129480       0.038959
       1.599600       0.789895       0.210105       0.128177       0.038784
       1.639600       0.786799       0.213202       0.126867       0.038634
       1.679600       0.783713       0.216288       0.125539       0.038535
       1.719600       0.780631       0.219370       0.124195       0.038519
       1.759600       0.777547       0.222454       0.122849       0.038603
       1.799600       0.774452       0.225549       0.121525       0.038780
       1.839600       0.771340       0.228660       0.120248       0.039014
       1.879600       0.768210       0.231791       0.119034       0.039255
       1.919600       0.765061       0.234940       0.117885       0.039448
       1.959600       0.761900       0.238100       0.116792       0.039556
       1.999600       0.758735       0.241266       0.115743       0.039565
       2.039600       0.755572       0.244428       0.114725       0.039483
       2.079600       0.752420       0.247581       0.113727       0.039325
       2.119600       0.749282       0.250719       0.112729       0.039115
       2.159600       0.746162       0.253839       0.111708       0.038875
       2.199600       0.743062       0.256939       0.110645       0.038629
       2.239600       0.739981       0.260020       0.109534       0.038392
       2.279600       0.736919       0.263082       0.108387       0.038161
       2.319600       0.733876       0.266125       0.107222       0.037913
       2.359600       0.730854       0.269147       0.106051       0.037617
       2.399600       0.727859       0.272142       0.104872       0.037254
       2.439600       0.724895       0.275106       0.103673       0.036831
       2.479600       0.721967       0.278034       0.102446       0.036381
       2.519600       0.719074       0.280927       0.101184       0.035953
       2.559600       0.716212       0.283788       0.099893       0.035597
       2.599600       0.713375       0.286625       0.098583       0.035347
       2.639600       0.710554       0.289447       0.097273       0.035216
       2.679600       0.707738       0.292263       0.095984       0.035187
       2.719600       0.704922       0.295079       0.094735       0.035226
       2.759600       0.702101       0.297899       0.093542       0.035282
       2.799600       0.699277       0.300723       0.092415       0.035307
       2.839600       0.696454       0.303546       0.091353       0.035254
       2.879600       0.693640       0.306361       0.090341       0.035093
       2.919600       0.690842       0.309158       0.089348       0.034820
       2.959600       0.688071       0.311930       0.088341       0.034464
       2.999600       0.685329       0.314672       0.087298       0.034073
       3.039600       0.682619       0.317382       0.086211       0.033693
       3.079600       0.679937       0.320064       0.085084       0.033361
       3.119600       0.677279       0.322722       0.083926       0.033092
       3.159600       0.674640       0.325360       0.082751       0.032887
       3.199600       0.672016       0.327985       0.081570       0.032735
       3.239600       0.669402       0.330599       0.080396       0.032618
       3.279600       0.666796       0.333204       0.079243       0.032524
       3.319600       0.664198       0.335803       0.078125       0.032440
       3.359600       0.661606       0.338395       0.077052       0.032353
       3.399600       0.659022       0.340979       0.076025       0.032251
       3.439600       0.656446       0.343554       0.075037       0.032131
       3.479600       0.653881       0.346119       0.074086       0.031988
       3.519600       0.651329       0.348672       0.073165       0.031813
       3.559600       0.648792       0.351208       0.072268       0.031598
       3.599600       0.646275       0.353726       0.071386       0.031335
       3.639600       0.643780       0.356221       0.070504       0.031025
       3.679600       0.641312       0.358689       0.069605       0.030677
       3.719600       0.638872       0.361129       0.068662       0.030315
       3.759600       0.636461       0.363540       0.067656       0.029977
       3.799600       0.634074       0.365927       0.066582       0.029705
       3.839600       0.631705       0.368296       0.065456       0.029533
       3.879600       0.629346       0.370655       0.064312       0.029474
       3.919600       0.626987       0.373014       0.063194       0.029507
       3.959600       0.624623       0.375378       0.062141       0.029589
       3.999600       0.622253       0.377748       0.061175       0.029664
       4.039600       0.619878       0.380122       0.060297       0.029686
       4.079600       0.617505       0.382496       0.059492       0.029632
       4.119600       0.615139       0.384862       0.058738       0.029504
       4.159600       0.612786       0.387215       0.058015       0.029321
       4.199600       0.610449       0.389552       0.057304       0.029105
       4.239600       0.608129       0.391871       0.056586       0.028877
       4.279600       0.605828       0.394173       0.055843       0.028652
       4.319600       0.603545       0.396456       0.055061       0.028438
       4.359600       0.601278       0.398723       0.054227       0.028238
       4.399600       0.599026       0.400975       0.053344       0.028054
       4.439600       0.596789       0.403212       0.052430       0.027884
       4.479600       0.594565       0.405436       0.051511       0.027717
       4.519600       0.592355       0.407646       0.050613       0.027535
       4.559600       0.590160       0.409841       0.049747       0.027316
       4.599600       0.587985       0.412016       0.048900       0.027053
       4.639600       0.585833       0.414168       0.048046       0.026753
       4.679600       0.583705       0.416296       0.047162       0.026448
       4.719600       0.581600       0.418401       0.046240       0.026174
       4.759600       0.579515       0.420486       0.045299       0.025958
       4.799600       0.577445       0.422556       0.044369       0.025805
       4.839600       0.575385       0.424615       0.043484       0.025692
       4.879600       0.573334       0.426667       0.042654       0.025584
       4.919600       0.571293       0.428708       0.041870       0.025452
       4.959600       0.569263       0.430738       0.041108       0.025292
       4.999600       0.567247       0.432754       0.040349       0.025116
       5.039600       0.565244       0.434757       0.039579       0.024947
       5.079600       0.563254       0.436747       0.038798       0.024809
       5.119600       0.561274       0.438727       0.038015       0.024713
       5.159600       0.559299       0.440702       0.037244       0.024657
       5.199600       0.557328       0.442673       0.036499       0.024618
       5.239600       0.555360       0.444641       0.035783       0.024568
       5.279600       0.553398       0.446603       0.035089       0.024481
       5.319600       0.551445       0.448556       0.034398       0.024343
       5.359600       0.549504       0.450497       0.033693       0.024163
       5.399600       0.547579       0.452422       0.032966       0.023962
       5.439600       0.545670       0.454331       0.032229       0.023764
       5.479600       0.543777       0.456224       0.031500       0.023579
       5.519600       0.541898       0.458103       0.030789       0.023399
       5.559600       0.540033       0.459968       0.030085       0.023216
       5.599600       0.538183       0.461818       0.029365       0.023035
       5.639600       0.536347       0.463654       0.028616       0.022881
       5.679600       0.534521       0.465480       0.027852       0.022778
       5.719600       0.532701       0.467300       0.027106       0.022729
       5.759600       0.530883       0.469118       0.026408       0.022710
       5.799600       0.529067       0.470934       0.025768       0.022680
       5.839600       0.527256       0.472745       0.025162       0.022603
       5.879600       0.525452       0.474549       0.024547       0.022469
       5.919600       0.523662       0.476339       0.023887       0.022298
       5.959600       0.521885       0.478116       0.023168       0.022127
       5.999600       0.520120       0.479881       0.022408       0.021991
       6.039600       0.518365       0.481636       0.021644       0.021902
       6.079600       0.516615       0.483386       0.020917       0.021853
       6.119600       0.514868       0.485133       0.020252       0.021818
       6.159600       0.513124       0.486877       0.019655       0.021770
       6.199600       0.511386       0.488615       0.019114       0.021684
       6.239600       0.509656       0.490345       0.018604       0.021546
       6.279600       0.507940       0.492061       0.018092       0.021355
       6.319600       0.506241       0.493760       0.017547       0.021123
       6.359600       0.504561       0.495440       0.016945       0.020870
       6.399600       0.502901       0.497100       0.016275       0.020625
       6.439600       0.501260       0.498741       0.015547       0.020415
       6.479600       0.499634       0.500368       0.014792       0.020259
       6.519600       0.498017       0.501984       0.014048       0.020154
       6.559600       0.496408       0.503593       0.013344       0.020083
       6.599600       0.494804       0.505197       0.012690       0.020024
       6.639600       0.493204       0.506797       0.012084       0.019965
       6.679600       0.491610       0.508391       0.011516       0.019896
       6.719600       0.490021       0.509980       0.010972       0.019816
       6.759600       0.488439       0.511562       0.010443       0.019725
       6.799600       0.486865       0.513136       0.009917       0.019621
       6.839600       0.485300       0.514701       0.009390       0.019504
       6.879600       0.483745       0.516256       0.008859       0.019368
       6.919600       0.482202       0.517799       0.008321       0.019203
       6.959600       0.480674       0.519328       0.007766       0.019005
       6.999600       0.479162       0.520839       0.007179       0.018780
       7.039600       0.477669       0.522332       0.006544       0.018556
       7.079600       0.476192       0.523809       0.005866       0.018375
       7.119600       0.474727       0.525275       0.005173       0.018275
       7.159600       0.473266       0.526736       0.004509       0.018265
       7.199600       0.471803       0.528198       0.003909       0.018313
       7.239600       0.470335       0.529666       0.003376       0.018371
       7.279600       0.468864       0.531137       0.002879       0.018401
       7.319600       0.467392       0.532609       0.002382       0.018400
       7.359600       0.465920       0.534081       0.001872       0.018387
       7.399600       0.464450       0.535551       0.001356       0.018377
       7.439600       0.462980       0.537021       0.000854       0.018371
       7.479600       0.461511       0.538490       0.000375       0.018353
       7.519600       0.460044       0.539957      -0.000089       0.018308
       7.559600       0.458582       0.541419      -0.000549       0.018231
       7.599600       0.457128       0.542873      -0.001019       0.018121
       7.639600       0.455684       0.544317      -0.001507       0.017981
       7.679600       0.454252       0.545749      -0.002021       0.017820
       7.719600       0.452833       0.547168      -0.002561       0.017653
       7.759600       0.451427       0.548574      -0.003116       0.017499
       7.799600       0.450032       0.549969      -0.003670       0.017369
       7.839600       0.448647       0.551354      -0.004206       0.017261
       7.879600       0.447270       0.552731      -0.004717       0.017167
       7.919600       0.445901       0.554101      -0.005209       0.017076
       7.959600       0.444538       0.555463      -0.005693       0.016983
       7.999600       0.443183       0.556818      -0.006179       0.016889
       8.039600       0.441836       0.558165      -0.006672       0.016799
       8.079600       0.440495       0.559506      -0.007165       0.016719
       8.119600       0.439161       0.560841      -0.007647       0.016651
       8.159600       0.437831       0.562170      -0.008109       0.016587
       8.199600       0.436507       0.563494      -0.008548       0.016517
       8.239600       0.435189       0.564813      -0.008973       0.016433
       8.279600       0.433878       0.566123      -0.009392       0.016337
       8.319600       0.432575       0.567426      -0.009809       0.016233
       8.359600       0.431281       0.568720      -0.010220       0.016120
       8.399600       0.429996       0.570005      -0.010620       0.015987
       8.439600       0.428724       0.571277      -0.011019       0.015814
       8.479600       0.427467       0.572534      -0.011440       0.015590
       8.519600       0.426231       0.573771      -0.011916       0.015329
       8.559600       0.425015       0.574987      -0.012464       0.015071
       8.599600       0.423818       0.576184      -0.013069       0.014866
       8.639600       0.422634       0.577367      -0.013696       0.014746
       8.679600       0.421456       0.578545      -0.014302       0.014716
       8.719600       0.420277       0.579724      -0.014854       0.014757
       8.759600       0.419094       0.580907      -0.015340       0.014835
       8.799600       0.417904       0.582097      -0.015763       0.014916
       8.839600       0.416708       0.583293      -0.016138       0.014973
       8.879600       0.415509       0.584492      -0.016484       0.014983
       8.919600       0.414312       0.585689      -0.016826       0.014938
       8.959600       0.413121       0.586880      -0.017186       0.014840
       8.999600       0.411939       0.588063      -0.017577       0.014707
       9.039600       0.410768       0.589233      -0.018002       0.014564
       9.079600       0.409608       0.590393      -0.018449       0.014429
       9.119600       0.408459       0.591543      -0.018909       0.014314
       9.159600       0.407318       0.592684      -0.019375       0.014220
       9.199600       0.406183       0.593818      -0.019850       0.014149
       9.239600       0.405053       0.594948      -0.020334       0.014103
       9.279600       0.403926       0.596076      -0.020824       0.014086
       9.319600       0.402798       0.597203      -0.021306       0.014096
       9.359600       0.401670       0.598332      -0.021767       0.014125
       9.399600       0.400538       0.599463      -0.022192       0.014162
       9.439600       0.399404       0.600598      -0.022572       0.014197
       9.479600       0.398267       0.601734      -0.022901       0.014218
       9.519600       0.397129       0.602872      -0.023183       0.014217
       9.559600       0.395993       0.604008      -0.023429       0.014184
       9.599600       0.394861       0.605140      -0.023658       0.014116
       9.639600       0.393735       0.606266      -0.023893       0.014020
       9.679600       0.392618       0.607383      -0.024152       0.013907
       9.719600       0.391510       0.608491      -0.024438       0.013793
       9.759600       0.390411       0.609590      -0.024749       0.013681
       9.799600       0.389321       0.610680      -0.025082       0.013572
       9.839600       0.388240       0.611762      -0.025437       0.013466
       9.879600       0.387166       0.612835      -0.025812       0.013369
       9.919600       0.386100       0.613901      -0.026192       0.013287
       9.959600       0.385040       0.614961      -0.026556       0.013213
       9.999600       0.383987       0.616015      -0.026888       0.013125
      10.039600       0.382942       0.617060      -0.027190       0.012989
      10.079600       0.381911       0.618091      -0.027493       0.012775
      10.119600       0.380900       0.619102      -0.027844       0.012483
      10.159600       0.379914       0.620087      -0.028288       0.012153
      10.199600       0.378955       0.621047      -0.028838       0.011850
      10.239600       0.378016       0.621986      -0.029467       0.011641
      10.279600       0.377088       0.622913      -0.030121       0.011567
      10.319600       0.376161       0.623840      -0.030736       0.011627
      10.359600       0.375225       0.624776      -0.031269       0.011789
      10.399600       0.374274       0.625728      -0.031700       0.012003
      10.439600       0.373305       0.626696      -0.032038       0.012216
      10.479600       0.372320       0.627681      -0.032313       0.012389
      10.519600       0.371324       0.628677      -0.032558       0.012504
      10.559600       0.370321       0.629680      -0.032803       0.012566
      10.599600       0.369314       0.630687      -0.033061       0.012597
      10.639600       0.368306       0.631696      -0.033323       0.012621
      10.679600       0.367295       0.632707      -0.033566       0.012653
      10.719600       0.366281       0.633720      -0.033765       0.012687
      10.759600       0.365266       0.634736      -0.033907       0.012702
      10.799600       0.364250       0.635751      -0.033995       0.012669
      10.839600       0.363240       0.636761      -0.034055       0.012560
      10.879600       0.362243       0.637758      -0.034130       0.012362
      10.919600       0.361265       0.638737      -0.034260       0.012083
      10.959600       0.360311       0.639690      -0.034471       0.011749
      10.999600       0.359385       0.640616      -0.034769       0.011393
      11.039600       0.358488       0.641513      -0.035144       0.011042
      11.079600       0.357618       0.642383      -0.035578       0.010717
      11.119600       0.356772       0.643229      -0.036053       0.010435
      11.159600       0.355947       0.644054      -0.036551       0.010208
      11.199600       0.355138       0.644864      -0.037056       0.010040
      11.239600       0.354339       0.645662      -0.037555       0.009930
      11.279600       0.353547       0.646454      -0.038034       0.009869
      11.319600       0.352759       0.647242      -0.038486       0.009836
      11.359600       0.351973       0.648028      -0.038921       0.009813
      11.399600       0.351189       0.648812      -0.039356       0.009794
      11.439600       0.350406       0.649596      -0.039804       0.009794
      11.479600       0.349621       0.650381      -0.040261       0.009834
      11.519600       0.348831       0.651171      -0.040708       0.009934
      11.559600       0.348030       0.651972      -0.041112       0.010101
      11.599600       0.347213       0.652789      -0.041440       0.010326
      11.639600       0.346377       0.653625      -0.041666       0.010584
      11.679600       0.345520       0.654482      -0.041779       0.010838
      11.719600       0.344644       0.655358      -0.041789       0.011047
      11.759600       0.343754       0.656247      -0.041721       0.011171
      11.799600       0.342860       0.657142      -0.041620       0.011175
      11.839600       0.341970       0.658032      -0.041543       0.011045
      11.879600       0.341096       0.658906      -0.041545       0.010792
      11.919600       0.340246       0.659756      -0.041663       0.010455
      11.959600       0.339424       0.660578      -0.041907       0.010085
      11.999600       0.338631       0.661370      -0.042262       0.009739
      12.039600       0.337864       0.662138      -0.042696       0.009461
      12.079600       0.337115       0.662886      -0.043167       0.009272
      12.119600       0.336378       0.663623      -0.043634       0.009167
      12.159600       0.335647       0.664355      -0.044073       0.009119
      12.199600       0.334919       0.665083      -0.044480       0.009091
      12.239600       0.334193       0.665809      -0.044867       0.009052
      12.279600       0.333471       0.666531      -0.045257       0.008989
      12.319600       0.332755       0.667247      -0.045670       0.008908
      12.359600       0.332045       0.667956      -0.046116       0.008833
      12.399600       0.331340       0.668661      -0.046585       0.008802
      12.439600       0.330635       0.669367      -0.047047       0.008848
      12.479600       0.329922       0.670079      -0.047456       0.008980
      12.519600       0.329197       0.670805      -0.047773       0.009174
      12.559600       0.328454       0.671547      -0.047986       0.009383
      12.599600       0.327696       0.672305      -0.048115       0.009563
      12.639600       0.326925       0.673076      -0.048202       0.009695
      12.679600       0.326146       0.673856      -0.048280       0.009785
      12.719600       0.325360       0.674641      -0.048363       0.009853
      12.759600       0.324570       0.675432      -0.048451       0.009913
      12.799600       0.323774       0.676227      -0.048537       0.009967
      12.839600       0.322975       0.677026      -0.048619       0.010005
      12.879600       0.322174       0.677827      -0.048700       0.010015
      12.919600       0.321374       0.678627      -0.048789       0.009982
      12.959600       0.320579       0.679423      -0.048898       0.009893
      12.999600       0.319793       0.680209      -0.049045       0.009742
      13.039600       0.319022       0.680980      -0.049246       0.009535
      13.079600       0.318268       0.681733      -0.049507       0.009291
      13.119600       0.317535       0.682466      -0.049819       0.009037
      13.159600       0.316822       0.683179      -0.050166       0.008797
      13.199600       0.316127       0.683875      -0.050530       0.008592
      13.239600       0.315446       0.684556      -0.050893       0.008437
      13.279600       0.314775       0.685226      -0.051240       0.008341
      13.319600       0.314110       0.685892      -0.051558       0.008300
      13.359600       0.313446       0.686555      -0.051844       0.008302
      13.399600       0.312781       0.687220      -0.052100       0.008326
      13.439600       0.312114       0.687887      -0.052338       0.008346
      13.479600       0.311446       0.688555      -0.052579       0.008341
      13.519600       0.310780       0.689221      -0.052843       0.008304
      13.559600       0.310118       0.689883      -0.053140       0.008249
      13.599600       0.309461       0.690541      -0.053466       0.008199
      13.639600       0.308806       0.691196      -0.053800       0.008182
      13.679600       0.308150       0.691852      -0.054112       0.008217
      13.719600       0.307489       0.692512      -0.054368       0.008307
      13.759600       0.306820       0.693182      -0.054539       0.008438
      13.799600       0.306139       0.693862      -0.054611       0.008574
      13.839600       0.305449       0.694553      -0.054595       0.008667
      13.879600       0.304755       0.695247      -0.054532       0.008673
      13.919600       0.304064       0.695937      -0.054481       0.008569
      13.959600       0.303386       0.696615      -0.054497       0.008367
      13.999600       0.302727       0.697274      -0.054618       0.008105
      14.039600       0.302090       0.697912      -0.054848       0.007835
      14.079600       0.301473       0.698529      -0.055166       0.007606
      14.119600       0.300871       0.699131      -0.055532       0.007449
      14.159600       0.300279       0.699723      -0.055908       0.007366
      14.199600       0.299691       0.700311      -0.056268       0.007342
      14.239600       0.299103       0.700899      -0.056607       0.007360
      14.279600       0.298513       0.701489      -0.056923       0.007401
      14.319600       0.297919       0.702083      -0.057213       0.007450
      14.359600       0.297321       0.702681      -0.057473       0.007491
      14.399600       0.296721       0.703281      -0.057700       0.007506
      14.439600       0.296121       0.703881      -0.057902       0.007483
      14.479600       0.295524       0.704477      -0.058094       0.007424
      14.519600       0.294934       0.705068      -0.058292       0.007345
      14.559600       0.294349       0.705652      -0.058500       0.007261
      14.599600       0.293772       0.706230      -0.058714       0.007182
      14.639600       0.293200       0.706801      -0.058933       0.007101
      14.679600       0.292636       0.707366      -0.059163       0.007008
      14.719600       0.292079       0.707922      -0.059409       0.006897
      14.759600       0.291533       0.708469      -0.059683       0.006772
      14.799600       0.290996       0.709006      -0.059988       0.006652
      14.839600       0.290467       0.709534      -0.060317       0.006570
      14.879600       0.289943       0.710059      -0.060643       0.006559
      14.919600       0.289415       0.710586      -0.060927       0.006636
      14.959600       0.288879       0.711123      -0.061132       0.006789
      14.999600       0.288328       0.711674      -0.061241       0.006985
      15.039600       0.287761       0.712240      -0.061261       0.007182
      15.079600       0.287180       0.712822      -0.061218       0.007344
      15.119600       0.286588       0.713414      -0.061143       0.007449
      15.159600       0.285990       0.714012      -0.061062       0.007492
      15.199600       0.285391       0.714611      -0.060988       0.007475
      15.239600       0.284795       0.715206      -0.060931       0.007400
      15.279600       0.284208       0.715794      -0.060904       0.007268
      15.319600       0.283634       0.716368      -0.060929       0.007088
      15.359600       0.283075       0.716927      -0.061024       0.006880
      15.399600       0.282533       0.717469      -0.061204       0.006666
      15.439600       0.282008       0.717994      -0.061469       0.006473
      15.479600       0.281496       0.718505      -0.061807       0.006318
      15.519600       0.280995       0.719006      -0.062194       0.006215
      15.559600       0.280501       0.719501      -0.062594       0.006161
      15.599600       0.280009       0.719993      -0.062971       0.006140
      15.639600       0.279518       0.720484      -0.063304       0.006132
      15.679600       0.279028       0.720974      -0.063587       0.006121
      15.719600       0.278539       0.721463      -0.063824       0.006108
      15.759600       0.278050       0.721952      -0.064023       0.006106
      15.799600       0.277561       0.722441      -0.064182       0.006133
      15.839600       0.277068       0.722934      -0.064295       0.006196
      15.879600       0.276569       0.723433      -0.064352       0.006280
      15.919600       0.276064       0.723938      -0.064358       0.006347
      15.959600       0.275555       0.724447      -0.064333       0.006356
      15.999600       0.275049       0.724953      -0.064319       0.006276
      16.039600       0.274553       0.725448      -0.064358       0.006106
      16.079600       0.274074       0.725928      -0.064486       0.005873
      16.119600       0.273614       0.726388      -0.064714       0.005628
      16.159600       0.273172       0.726829      -0.065030       0.005423
      16.199600       0.272744       0.727258      -0.065405       0.005303
      16.239600       0.272321       0.727681      -0.065804       0.005298
      16.279600       0.271893       0.728109      -0.066182       0.005419
      16.319600       0.271451       0.728551      -0.066495       0.005653
      16.359600       0.270987       0.729015      -0.066706       0.005956
      16.399600       0.270498       0.729504      -0.066806       0.006265
      16.439600       0.269985       0.730016      -0.066811       0.006525
      16.479600       0.269456       0.730546      -0.066750       0.006699
      16.519600       0.268916       0.731085      -0.066653       0.006770
      16.559600       0.268376       0.731626      -0.066546       0.006734
      16.599600       0.267842       0.732160      -0.066456       0.006600
      16.639600       0.267322       0.732680      -0.066412       0.006388
      16.679600       0.266821       0.733181      -0.066436       0.006134
      16.719600       0.266340       0.733662      -0.066538       0.005881
      16.759600       0.265879       0.734123      -0.066710       0.005663
      16.799600       0.265433       0.734569      -0.066933       0.005498
      16.839600       0.264998       0.735004      -0.067192       0.005383
      16.879600       0.264570       0.735432      -0.067474       0.005313
      16.919600       0.264147       0.735855      -0.067771       0.005286
      16.959600       0.263723       0.736278      -0.068063       0.005300
      16.999600       0.263298       0.736704      -0.068327       0.005344
      17.039600       0.262868       0.737133      -0.068551       0.005387
      17.079600       0.262437       0.737565      -0.068745       0.005399
      17.119600       0.262006       0.737996      -0.068934       0.005365
      17.159600       0.261579       0.738422      -0.069138       0.005287
      17.199600       0.261161       0.738841      -0.069364       0.005177
      17.239600       0.260752       0.739250      -0.069607       0.005044
      17.279600       0.260354       0.739648      -0.069865       0.004897
      17.319600       0.259968       0.740034      -0.070139       0.004753
      17.359600       0.259593       0.740409      -0.070435       0.004643
      17.399600       0.259223       0.740778      -0.070744       0.004608
      17.439600       0.258852       0.741149      -0.071039       0.004686
      17.479600       0.258470       0.741532      -0.071280       0.004892
      17.519600       0.258067       0.741935      -0.071424       0.005206
      17.559600       0.257636       0.742366      -0.071444       0.005579
      17.599600       0.257174       0.742827      -0.071337       0.005943
      17.639600       0.256687       0.743315      -0.071127       0.006225
      17.679600       0.256182       0.743820      -0.070865       0.006370
      17.719600       0.255672       0.744330      -0.070612       0.006356
      17.759600       0.255169       0.744833      -0.070426       0.006195
      17.799600       0.254684       0.745318      -0.070345       0.005932
      17.839600       0.254221       0.745781      -0.070383       0.005626
      17.879600       0.253783       0.746219      -0.070531       0.005333
      17.919600       0.253366       0.746636      -0.070762       0.005098
      17.959600       0.252965       0.747037      -0.071040       0.004939
      17.999600       0.252574       0.747428      -0.071327       0.004850
      18.039600       0.252188       0.747814      -0.071598       0.004804
      18.079600       0.251805       0.748197      -0.071845       0.004766
      18.119600       0.251426       0.748576      -0.072076       0.004710
      18.159600       0.251052       0.748950      -0.072303       0.004632
      18.199600       0.250685       0.749317      -0.072536       0.004549
      18.239600       0.250324       0.749678      -0.072766       0.004486
      18.279600       0.249966       0.750036      -0.072974       0.004466
      18.319600       0.249608       0.750394      -0.073132       0.004488
      18.359600       0.249248       0.750754      -0.073227       0.004525
      18.399600       0.248885       0.751117      -0.073270       0.004535
      18.439600       0.248524       0.751478      -0.073296       0.004481
      18.479600       0.248170       0.751832      -0.073348       0.004348
      18.519600       0.247830       0.752172      -0.073460       0.004146
      18.559600       0.247508       0.752494      -0.073648       0.003904
      18.599600       0.247205       0.752796      -0.073914       0.003662
      18.639600       0.246921       0.753081      -0.074240       0.003469
      18.679600       0.246648       0.753354      -0.074596       0.003373
      18.719600       0.246378       0.753624      -0.074938       0.003408
      18.759600       0.246099       0.753903      -0.075220       0.003581
      18.799600       0.245802       0.754200      -0.075404       0.003869
      18.839600       0.245478       0.754524      -0.075468       0.004219
      18.879600       0.245127       0.754875      -0.075418       0.004568
      18.919600       0.244749       0.755253      -0.075277       0.004854
      18.959600       0.244353       0.755649      -0.075085       0.005032
      18.999600       0.243948       0.756054      -0.074889       0.005078
      19.039600       0.243544       0.756458      -0.074734       0.004996
      19.079600       0.243151       0.756851      -0.074650       0.004814
      19.119600       0.242775       0.757227      -0.074653       0.004566
      19.159600       0.242421       0.757581      -0.074748       0.004287
      19.199600       0.242089       0.757912      -0.074932       0.004007
      19.239600       0.241779       0.758223      -0.075201       0.003756
      19.279600       0.241487       0.758515      -0.075538       0.003561
      19.319600       0.241207       0.758795      -0.075918       0.003444
      19.359600       0.240933       0.759068      -0.076307       0.003417
      19.399600       0.240658       0.759344      -0.076667       0.003482
      19.439600       0.240374       0.759628      -0.076963       0.003628
      19.479600       0.240076       0.759926      -0.077164       0.003834
      19.519600       0.239760       0.760242      -0.077254       0.004060
      19.559600       0.239427       0.760575      -0.077241       0.004259
      19.599600       0.239081       0.760921      -0.077161       0.004388
      19.639600       0.238728       0.761274      -0.077065       0.004425
      19.679600       0.238375       0.761627      -0.077003       0.004370
      19.719600       0.238030       0.761972      -0.077011       0.004246
      19.759600       0.237697       0.762305      -0.077101       0.004086
      19.799600       0.237376       0.762625      -0.077260       0.003926
      19.839600       0.237068       0.762934      -0.077462       0.003793
      19.879600       0.236768       0.763233      -0.077679       0.003703
      19.919600       0.236474       0.763528      -0.077887       0.003661
      19.959600       0.236181       0.763820      -0.078078       0.003667
      19.999600       0.235886       0.764116      -0.078249       0.003724
      20.039600       0.235584       0.764418      -0.078393       0.003829
      20.079600       0.235273       0.764729      -0.078496       0.003963
      20.119600       0.234950       0.765051      -0.078551       0.004089
      20.159600       0.234620       0.765382      -0.078568       0.004156
      20.199600       0.234288       0.765714      -0.078582       0.004133
      20.239600       0.233961       0.766041      -0.078631       0.004026
      20.279600       0.233645       0.766357      -0.078739       0.003877
      20.319600       0.233340       0.766662      -0.078900       0.003749
      20.359600       0.233043       0.766959      -0.079076       0.003700
      20.399600       0.232745       0.767257      -0.079209       0.003759
      20.439600       0.232439       0.767563      -0.079248       0.003909
      20.479600       0.232119       0.767883      -0.079171       0.004096
      20.519600       0.231784       0.768217      -0.079003       0.004251
      20.559600       0.231441       0.768561      -0.078800       0.004324
      20.599600       0.231095       0.768906      -0.078627       0.004296
      20.639600       0.230756       0.769246      -0.078528       0.004185
      20.679600       0.230427       0.769575      -0.078518       0.004022
      20.719600       0.230113       0.769889      -0.078584       0.003837
      20.759600       0.229813       0.770188      -0.078701       0.003649
      20.799600       0.229529       0.770473      -0.078853       0.003467
      20.839600       0.229258       0.770744      -0.079029       0.003299
      20.879600       0.229001       0.771001      -0.079227       0.003147
      20.919600       0.228754       0.771248      -0.079446       0.003013
      20.959600       0.228518       0.771484      -0.079687       0.002889
      20.999600       0.228292       0.771710      -0.079955       0.002770
      21.039600       0.228075       0.771927      -0.080259       0.002655
      21.079600       0.227867       0.772135      -0.080602       0.002556
      21.119600       0.227665       0.772337      -0.080976       0.002498
      21.159600       0.227465       0.772537      -0.081350       0.002509
      21.199600       0.227262       0.772740      -0.081683       0.002596
      21.239600       0.227048       0.772954      -0.081939       0.002748
      21.279600       0.226821       0.773181      -0.082102       0.002932
      21.319600       0.226579       0.773423      -0.082182       0.003114
      21.359600       0.226323       0.773678      -0.082200       0.003272
      21.399600       0.226056       0.773945      -0.082180       0.003398
      21.439600       0.225781       0.774221      -0.082135       0.003489
      21.479600       0.225499       0.774503      -0.082077       0.003545
      21.519600       0.225214       0.774787      -0.082021       0.003571
      21.559600       0.224928       0.775074      -0.081982       0.003583
      21.599600       0.224641       0.775361      -0.081964       0.003609
      21.639600       0.224350       0.775652      -0.081958       0.003677
      21.679600       0.224051       0.775951      -0.081937       0.003799
      21.719600       0.223741       0.776261      -0.081874       0.003960
      21.759600       0.223417       0.776584      -0.081752       0.004122
      21.799600       0.223083       0.776919      -0.081578       0.004235
      21.839600       0.222742       0.777260      -0.081378       0.004258
      21.879600       0.222404       0.777597      -0.081192       0.004168
      21.919600       0.222078       0.777924      -0.081060       0.003969
      21.959600       0.221772       0.778230      -0.081014       0.003691
      21.999600       0.221489       0.778513      -0.081067       0.003377
      22.039600       0.221231       0.778771      -0.081214       0.003076
      22.079600       0.220995       0.779007      -0.081432       0.002826
      22.119600       0.220777       0.779225      -0.081693       0.002645
      22.159600       0.220570       0.779431      -0.081972       0.002527
      22.199600       0.220371       0.779631      -0.082252       0.002458
      22.239600       0.220176       0.779826      -0.082523       0.002427
      22.279600       0.219982       0.780020      -0.082776       0.002426
      22.319600       0.219787       0.780215      -0.082995       0.002457
      22.359600       0.219588       0.780414      -0.083168       0.002517
      22.399600       0.219384       0.780618      -0.083285       0.002604
      22.439600       0.219171       0.780831      -0.083342       0.002710
      22.479600       0.218950       0.781052      -0.083345       0.002821
      22.519600       0.218720       0.781282      -0.083309       0.002917
      22.559600       0.218484       0.781518      -0.083263       0.002979
      22.599600       0.218245       0.781757      -0.083240       0.002994
      22.639600       0.218006       0.781996      -0.083261       0.002963
      22.679600       0.217772       0.782230      -0.083333       0.002890
      22.719600       0.217545       0.782457      -0.083447       0.002773
      22.759600       0.217329       0.782672      -0.083600       0.002611
      22.799600       0.217128       0.782874      -0.083793       0.002421
      22.839600       0.216942       0.783060      -0.084020       0.002241
      22.879600       0.216768       0.783234      -0.084262       0.002118
      22.919600       0.216600       0.783401      -0.084489       0.002091
      22.959600       0.216430       0.783571      -0.084665       0.002179
      22.999600       0.216249       0.783753      -0.084763       0.002371
      23.039600       0.216049       0.783953      -0.084769       0.002627
      23.079600       0.215828       0.784173      -0.084695       0.002892
      23.119600       0.215588       0.784414      -0.084571       0.003115
      23.159600       0.215332       0.784670      -0.084435       0.003264
      23.199600       0.215068       0.784934      -0.084315       0.003327
      23.239600       0.214802       0.785200      -0.084227       0.003304
      23.279600       0.214541       0.785461      -0.084182       0.003203
      23.319600       0.214291       0.785711      -0.084193       0.003042
      23.359600       0.214055       0.785947      -0.084270       0.002852
      23.399600       0.213834       0.786167      -0.084412       0.002677
      23.439600       0.213626       0.786376      -0.084596       0.002554
      23.479600       0.213424       0.786578      -0.084785       0.002496
      23.519600       0.213225       0.786777      -0.084950       0.002487
      23.559600       0.213025       0.786976      -0.085083       0.002501
      23.599600       0.212824       0.787177      -0.085193       0.002528
      23.639600       0.212620       0.787381      -0.085286       0.002575
      23.679600       0.212411       0.787590      -0.085351       0.002654
      23.719600       0.212195       0.787807      -0.085369       0.002765
      23.759600       0.211969       0.788033      -0.085327       0.002885
      23.799600       0.211734       0.788268      -0.085235       0.002984
      23.839600       0.211493       0.788509      -0.085120       0.003034
      23.879600       0.211250       0.788752      -0.085014       0.003024
      23.919600       0.211011       0.788991      -0.084941       0.002954
      23.959600       0.210779       0.789223      -0.084910       0.002827
      23.999600       0.210560       0.789442      -0.084928       0.002645
      24.039600       0.210357       0.789645      -0.085004       0.002415
      24.079600       0.210174       0.789828      -0.085149       0.002155
      24.119600       0.210012       0.789990      -0.085369       0.001895
      24.159600       0.209870       0.790132      -0.085662       0.001671
      24.199600       0.209743       0.790259      -0.086007       0.001515
      24.239600       0.209625       0.790377      -0.086370       0.001443
      24.279600       0.209510       0.790492      -0.086713       0.001447
      24.319600       0.209393       0.790609      -0.087007       0.001498
      24.359600       0.209270       0.790732      -0.087238       0.001561
      24.399600       0.209143       0.790859      -0.087405       0.001611
      24.439600       0.209013       0.790989      -0.087520       0.001634
      24.479600       0.208882       0.791120      -0.087599       0.001639
      24.519600       0.208751       0.791251      -0.087659       0.001647
      24.559600       0.208618       0.791384      -0.087713       0.001691
      24.599600       0.208478       0.791523      -0.087767       0.001809
      24.639600       0.208326       0.791676      -0.087808       0.002027
      24.679600       0.208151       0.791851      -0.087810       0.002348
      24.719600       0.207948       0.792054      -0.087742       0.002736
      24.759600       0.207713       0.792289      -0.087587       0.003135
      24.799600       0.207448       0.792554      -0.087346       0.003481
      24.839600       0.207159       0.792843      -0.087036       0.003718
      24.879600       0.206857       0.793145      -0.086691       0.003814
      24.919600       0.206553       0.793449      -0.086359       0.003759
      24.959600       0.206259       0.793743      -0.086090       0.003579
      24.999600       0.205982       0.794019      -0.085930       0.003326
      25.039600       0.205727       0.794275      -0.085896       0.003068
      25.079600       0.205490       0.794512      -0.085973       0.002868
      25.119600       0.205266       0.794736      -0.086113       0.002755
      25.159600       0.205047       0.794955      -0.086257       0.002713
      25.199600       0.204831       0.795171      -0.086365       0.002684
      25.239600       0.204619       0.795382      -0.086432       0.002600
      25.279600       0.204418       0.795584      -0.086491       0.002415
      25.319600       0.204236       0.795766      -0.086587       0.002124
      25.359600       0.204080       0.795922      -0.086765       0.001763
      25.399600       0.203954       0.796048      -0.087049       0.001402
      25.439600       0.203854       0.796148      -0.087434       0.001126
      25.479600       0.203770       0.796232      -0.087879       0.001003
      25.519600       0.203688       0.796314      -0.088315       0.001066
      25.559600       0.203595       0.796407      -0.088670       0.001292
      25.599600       0.203479       0.796523      -0.088890       0.001615
      25.639600       0.203336       0.796666      -0.088954       0.001941
      25.679600       0.203171       0.796831      -0.088883       0.002182
      25.719600       0.202991       0.797011      -0.088730       0.002275
      25.759600       0.202811       0.797191      -0.088574       0.002209
      25.799600       0.202641       0.797361      -0.088486       0.002026
      25.839600       0.202488       0.797514      -0.088501       0.001808
      25.879600       0.202350       0.797652      -0.088609       0.001637
      25.919600       0.202223       0.797779      -0.088762       0.001562
      25.959600       0.202098       0.797904      -0.088912       0.001582
      25.999600       0.201968       0.798034      -0.089030       0.001669
      26.039600       0.201830       0.798172      -0.089113       0.001792
      26.079600       0.201681       0.798321      -0.089170       0.001934
      26.119600       0.201520       0.798482      -0.089203       0.002091
      26.159600       0.201346       0.798656      -0.089205       0.002257
      26.199600       0.201159       0.798843      -0.089164       0.002417
      26.239600       0.200960       0.799042      -0.089080       0.002542
      26.279600       0.200754       0.799248      -0.088969       0.002600
      26.319600       0.200547       0.799455      -0.088866       0.002568
      26.359600       0.200346       0.799656      -0.088811       0.002451
      26.399600       0.200156       0.799846      -0.088832       0.002274
      26.439600       0.199982       0.800020      -0.088935       0.002081
      26.479600       0.199823       0.800179      -0.089101       0.001915
      26.519600       0.199674       0.800328      -0.089293       0.001809
      26.559600       0.199531       0.800471      -0.089472       0.001781
      26.599600       0.199387       0.800615      -0.089606       0.001836
      26.639600       0.199235       0.800766      -0.089675       0.001969
      26.679600       0.199070       0.800932      -0.089670       0.002168
      26.719600       0.198887       0.801115      -0.089590       0.002413
      26.759600       0.198684       0.801318      -0.089436       0.002665
      26.799600       0.198462       0.801540      -0.089224       0.002874
      26.839600       0.198227       0.801775      -0.088980       0.002986
      26.879600       0.197988       0.802014      -0.088743       0.002958
      26.919600       0.197758       0.802244      -0.088558       0.002776
      26.959600       0.197547       0.802455      -0.088466       0.002460
      26.999600       0.197366       0.802636      -0.088493       0.002068
      27.039600       0.197216       0.802785      -0.088640       0.001679
      27.079600       0.197095       0.802907      -0.088876       0.001372
      27.119600       0.196993       0.803009      -0.089146       0.001202
      27.159600       0.196899       0.803103      -0.089387       0.001170
      27.199600       0.196804       0.803198      -0.089558       0.001230
      27.239600       0.196702       0.803300      -0.089658       0.001309
      27.279600       0.196595       0.803407      -0.089725       0.001345
      27.319600       0.196489       0.803513      -0.089807       0.001309
      27.359600       0.196388       0.803614      -0.089941       0.001210
      27.399600       0.196296       0.803706      -0.090139       0.001080
      27.439600       0.196214       0.803788      -0.090383       0.000962
      27.479600       0.196141       0.803861      -0.090638       0.000887
      27.519600       0.196071       0.803931      -0.090866       0.000864
      27.559600       0.196001       0.804001      -0.091044       0.000883
      27.599600       0.195929       0.804073      -0.091170       0.000923
      27.639600       0.195854       0.804148      -0.091258       0.000965
      27.679600       0.195775       0.804227      -0.091331       0.001001
      27.719600       0.195694       0.804308      -0.091405       0.001031
      27.759600       0.195610       0.804392      -0.091486       0.001069
      27.799600       0.195522       0.804480      -0.091570       0.001130
      27.839600       0.195428       0.804574      -0.091644       0.001225
      27.879600       0.195325       0.804677      -0.091694       0.001363
      27.919600       0.195209       0.804793      -0.091710       0.001547
      27.959600       0.195076       0.804926      -0.091685       0.001780
      27.999600       0.194923       0.805079      -0.091607       0.002054
      28.039600       0.194747       0.805255      -0.091465       0.002348
      28.079600       0.194548       0.805454      -0.091253       0.002621
      28.119600       0.194329       0.805673      -0.090979       0.002823
      28.159600       0.194099       0.805903      -0.090674       0.002910
      28.199600       0.193868       0.806134      -0.090385       0.002858
      28.239600       0.193645       0.806357      -0.090164       0.002680
      28.279600       0.193441       0.806561      -0.090046       0.002423
      28.319600       0.193258       0.806744      -0.090038       0.002151
      28.359600       0.193096       0.806906      -0.090118       0.001920
      28.399600       0.192949       0.807053      -0.090250       0.001764
      28.439600       0.192811       0.807191      -0.090396       0.001691
      28.479600       0.192676       0.807326      -0.090523       0.001689
      28.519600       0.192540       0.807462      -0.090610       0.001725
      28.559600       0.192401       0.807602      -0.090655       0.001758
      28.599600       0.192260       0.807742      -0.090684       0.001758
      28.639600       0.192120       0.807882      -0.090725       0.001721
      28.679600       0.191985       0.808017      -0.090796       0.001667
      28.719600       0.191853       0.808149      -0.090895       0.001619
      28.759600       0.191725       0.808277      -0.091004       0.001593
      28.799600       0.191598       0.808404      -0.091103       0.001578
      28.839600       0.191473       0.808529      -0.091181       0.001546
      28.879600       0.191352       0.808650      -0.091248       0.001460
      28.919600       0.191242       0.808760      -0.091330       0.001293
      28.959600       0.191148       0.808854      -0.091458       0.001042
      28.999600       0.191077       0.808925      -0.091656       0.000726
      29.039600       0.191032       0.808970      -0.091937       0.000390
      29.079600       0.191013       0.808989      -0.092290       0.000089
      29.119600       0.191015       0.808987      -0.092690      -0.000119
      29.159600       0.191029       0.808973      -0.093091      -0.000188
      29.199600       0.191041       0.808961      -0.093442      -0.000100
      29.239600       0.191041       0.808961      -0.093698       0.000134
      29.279600       0.191017       0.808985      -0.093828       0.000471
      29.319600       0.190964       0.809038      -0.093824       0.000849
      29.359600       0.190882       0.809120      -0.093704       0.001207
      29.399600       0.190773       0.809229      -0.093501       0.001496
      29.439600       0.190645       0.809357      -0.093250       0.001693
      29.479600       0.190505       0.809497      -0.092983       0.001790
      29.519600       0.190361       0.809641      -0.092732       0.001803
      29.559600       0.190218       0.809784      -0.092528       0.001765
      29.599600       0.190078       0.809924      -0.092386       0.001727
      29.639600       0.189940       0.810062      -0.092303       0.001740
      29.679600       0.189798       0.810204      -0.092249       0.001830
      29.719600       0.189646       0.810356      -0.092194       0.001987
      29.759600       0.189479       0.810523      -0.092117       0.002172
      29.799600       0.189299       0.810703      -0.092014       0.002331
      29.839600       0.189108       0.810894      -0.091893       0.002417
      29.879600       0.188915       0.811087      -0.091765       0.002394
      29.919600       0.188729       0.811273      -0.091643       0.002241
      29.959600       0.188560       0.811442      -0.091552       0.001956
      29.999600       0.188419       0.811583      -0.091521       0.001561
      30.039600       0.188312       0.811690      -0.091580       0.001104
      30.079600       0.188242       0.811760      -0.091746       0.000648
      30.119600       0.188206       0.811795      -0.092019       0.000260
      30.159600       0.188197       0.811805      -0.092378      -0.000004
      30.199600       0.188203       0.811799      -0.092789      -0.000102
      30.239600       0.188209       0.811793      -0.093198      -0.000014
      30.279600       0.188200       0.811802      -0.093543       0.000251
      30.319600       0.188165       0.811837      -0.093764       0.000649
      30.359600       0.188095       0.811907      -0.093826       0.001106
      30.399600       0.187989       0.812013      -0.093732       0.001542
      30.439600       0.187851       0.812151      -0.093524       0.001887
      30.479600       0.187690       0.812312      -0.093263       0.002102
      30.519600       0.187518       0.812484      -0.093012       0.002176
      30.559600       0.187345       0.812657      -0.092815       0.002121
      30.599600       0.187182       0.812820      -0.092704       0.001957
      30.639600       0.187034       0.812968      -0.092696       0.001714
      30.679600       0.186908       0.813094      -0.092797       0.001434
      30.719600       0.186805       0.813197      -0.092995       0.001168
      30.759600       0.186720       0.813282      -0.093257       0.000965
      30.799600       0.186648       0.813354      -0.093533       0.000860
      30.839600       0.186579       0.813423      -0.093772       0.000861
      30.879600       0.186508       0.813494      -0.093931       0.000948
      30.919600       0.186427       0.813575      -0.093992       0.001079
      30.959600       0.186335       0.813667      -0.093962       0.001202
      30.999600       0.186236       0.813766      -0.093867       0.001266
      31.039600       0.186135       0.813867      -0.093745       0.001233
      31.079600       0.186042       0.813960      -0.093640       0.001081
      31.119600       0.185965       0.814037      -0.093601       0.000813
      31.159600       0.185914       0.814088      -0.093672       0.000470
      31.199600       0.185890       0.814112      -0.093878       0.000132
      31.239600       0.185890       0.814112      -0.094198      -0.000109
      31.279600       0.185903       0.814099      -0.094573      -0.000181
      31.319600       0.185914       0.814088      -0.094923      -0.000059
      31.359600       0.185908       0.814094      -0.095182       0.000227
      31.399600       0.185875       0.814127      -0.095314       0.000617
      31.439600       0.185808       0.814194      -0.095307       0.001041
      31.479600       0.185709       0.814293      -0.095171       0.001437
      31.519600       0.185581       0.814421      -0.094931       0.001754
      31.559600       0.185431       0.814571      -0.094622       0.001962
      31.599600       0.185270       0.814732      -0.094287       0.002062
      31.639600       0.185104       0.814898      -0.093962       0.002079
      31.679600       0.184938       0.815064      -0.093673       0.002050
      31.719600       0.184776       0.815226      -0.093426       0.002011
      31.759600       0.184616       0.815386      -0.093222       0.001977
      31.799600       0.184459       0.815542      -0.093059       0.001946
      31.839600       0.184305       0.815697      -0.092937       0.001902
      31.879600       0.184156       0.815846      -0.092858       0.001825
      31.919600       0.184015       0.815987      -0.092827       0.001693
      31.959600       0.183887       0.816115      -0.092851       0.001496
      31.999600       0.183777       0.816225      -0.092944       0.001243
      32.039600       0.183689       0.816313      -0.093118       0.000970
      32.079600       0.183621       0.816381      -0.093368       0.000733
      32.119600       0.183569       0.816433      -0.093664       0.000596
      32.159600       0.183522       0.816480      -0.093952       0.000601
      32.199600       0.183469       0.816533      -0.094171       0.000744
      32.239600       0.183401       0.816601      -0.094273       0.000973
      32.279600       0.183313       0.816689      -0.094245       0.001199
      32.319600       0.183211       0.816791      -0.094122       0.001330
      32.359600       0.183105       0.816897      -0.093972       0.001304
      32.399600       0.183007       0.816995      -0.093872       0.001107
      32.439600       0.182931       0.817071      -0.093881       0.000776
      32.479600       0.182885       0.817117      -0.094025       0.000379
      32.519600       0.182870       0.817132      -0.094293      -0.000011
      32.559600       0.182885       0.817117      -0.094657      -0.000327
      32.599600       0.182919       0.817083      -0.095069      -0.000519
      32.639600       0.182963       0.817038      -0.095477      -0.000559
      32.679600       0.183005       0.816997      -0.095829      -0.000450
      32.719600       0.183032       0.816970      -0.096085      -0.000222
      32.759600       0.183038       0.816964      -0.096220       0.000077
      32.799600       0.183020       0.816982      -0.096234       0.000393
      32.839600       0.182976       0.817025      -0.096149       0.000676
      32.879600       0.182913       0.817089      -0.096002       0.000899
      32.919600       0.182834       0.817168      -0.095835       0.001063
      32.959600       0.182744       0.817258      -0.095671       0.001184
      32.999600       0.182645       0.817356      -0.095512       0.001280
      33.039600       0.182540       0.817462      -0.095351       0.001351
      33.079600       0.182430       0.817572      -0.095187       0.001381
      33.119600       0.182320       0.817681      -0.095030       0.001356
      33.159600       0.182215       0.817787      -0.094897       0.001270
      33.199600       0.182119       0.817883      -0.094807       0.001135
      33.239600       0.182034       0.817968      -0.094765       0.000977
      33.279600       0.181962       0.818040      -0.094768       0.000830
      33.319600       0.181900       0.818101      -0.094802       0.000719
      33.359600       0.181846       0.818156      -0.094855       0.000663
      33.399600       0.181793       0.818209      -0.094919       0.000669
      33.439600       0.181737       0.818265      -0.094989       0.000743
      33.479600       0.181672       0.818330      -0.095053       0.000883
      33.519600       0.181594       0.818408      -0.095087       0.001068
      33.559600       0.181501       0.818501      -0.095072       0.001259
      33.599600       0.181394       0.818608      -0.095005       0.001412
      33.639600       0.181277       0.818725      -0.094902       0.001495
      33.679600       0.181157       0.818845      -0.094787       0.001501
      33.719600       0.181039       0.818963      -0.094682       0.001444
      33.759600       0.180927       0.819075      -0.094605       0.001350
      33.799600       0.180823       0.819179      -0.094569       0.001247
      33.839600       0.180727       0.819275      -0.094583       0.001160
      33.879600       0.180636       0.819366      -0.094646       0.001110
      33.919600       0.180548       0.819454      -0.094741       0.001103
      33.959600       0.180459       0.819543      -0.094842       0.001124
      33.999600       0.180369       0.819633      -0.094924       0.001133
      34.039600       0.180279       0.819723      -0.094987       0.001089
      34.079600       0.180196       0.819806      -0.095047       0.000970
      34.119600       0.180126       0.819876      -0.095129       0.000784
      34.159600       0.180072       0.819930      -0.095252       0.000569
      34.199600       0.180034       0.819968      -0.095417       0.000380
      34.239600       0.180009       0.819993      -0.095606       0.000266
      34.279600       0.179989       0.820013      -0.095786       0.000254
      34.319600       0.179966       0.820036      -0.095927       0.000339
      34.359600       0.179933       0.820069      -0.096008       0.000490
      34.399600       0.179887       0.820115      -0.096024       0.000661
      34.439600       0.179828       0.820174      -0.095986       0.000806
      34.479600       0.179759       0.820243      -0.095920       0.000890
      34.519600       0.179687       0.820315      -0.095858       0.000904
      34.559600       0.179616       0.820386      -0.095829       0.000861
      34.599600       0.179550       0.820452      -0.095852       0.000801
      34.639600       0.179487       0.820514      -0.095923       0.000768
      34.679600       0.179425       0.820576      -0.096016       0.000795
      34.719600       0.179358       0.820643      -0.096093       0.000886
      34.759600       0.179283       0.820719      -0.096121       0.001012
      34.799600       0.179197       0.820805      -0.096092       0.001123
      34.839600       0.179105       0.820897      -0.096016       0.001171
      34.879600       0.179012       0.820990      -0.095926       0.001128
      34.919600       0.178927       0.821075      -0.095859       0.000987
      34.959600       0.178856       0.821146      -0.095848       0.000771
      34.999600       0.178804       0.821197      -0.095915       0.000525
      35.039600       0.178772       0.821230      -0.096064       0.000301
      35.079600       0.178754       0.821248      -0.096282       0.000154
      35.119600       0.178744       0.821258      -0.096535       0.000123
      35.159600       0.178731       0.821271      -0.096778       0.000222
      35.199600       0.178706       0.821296      -0.096958       0.000432
      35.239600       0.178660       0.821341      -0.097038       0.000704
      35.279600       0.178593       0.821409      -0.097005       0.000978
      35.319600       0.178505       0.821496      -0.096873       0.001197
      35.359600       0.178404       0.821598      -0.096684       0.001325
      35.399600       0.178296       0.821706      -0.096487       0.001359
      35.439600       0.178188       0.821814      -0.096325       0.001330
      35.479600       0.178084       0.821918      -0.096218       0.001282
      35.519600       0.177982       0.822019      -0.096156       0.001260
      35.559600       0.177881       0.822121      -0.096109       0.001283
      35.599600       0.177776       0.822226      -0.096044       0.001348
      35.639600       0.177665       0.822337      -0.095937       0.001430
      35.679600       0.177547       0.822454      -0.095781       0.001502
      35.719600       0.177425       0.822577      -0.095586       0.001544
      35.759600       0.177301       0.822701      -0.095372       0.001560
      35.799600       0.177176       0.822826      -0.095150       0.001561
      35.839600       0.177051       0.822951      -0.094928       0.001558
      35.879600       0.176927       0.823075      -0.094711       0.001544
      35.919600       0.176805       0.823197      -0.094519       0.001502
      35.959600       0.176688       0.823314      -0.094380       0.001410
      35.999600       0.176581       0.823421      -0.094320       0.001255
      36.039600       0.176489       0.823513      -0.094359       0.001027
      36.079600       0.176419       0.823583      -0.094502       0.000720
      36.119600       0.176376       0.823625      -0.094751       0.000332
      36.159600       0.176367       0.823634      -0.095105      -0.000118
      36.199600       0.176396       0.823606      -0.095556      -0.000593
      36.239600       0.176461       0.823540      -0.096085      -0.001035
      36.279600       0.176559       0.823443      -0.096663      -0.001380
      36.319600       0.176678       0.823324      -0.097245      -0.001566
      36.359600       0.176804       0.823197      -0.097777      -0.001558
      36.399600       0.176922       0.823079      -0.098202      -0.001362
      36.439600       0.177018       0.822983      -0.098483      -0.001026
      36.479600       0.177084       0.822917      -0.098616      -0.000620
      36.519600       0.177117       0.822884      -0.098620      -0.000210
      36.559600       0.177119       0.822882      -0.098531       0.000156
      36.599600       0.177094       0.822907      -0.098384       0.000458
      36.639600       0.177048       0.822954      -0.098206       0.000699
      36.679600       0.176984       0.823018      -0.098006       0.000895
      36.719600       0.176905       0.823096      -0.097783       0.001064
      36.759600       0.176814       0.823188      -0.097533       0.001213
      36.799600       0.176712       0.823290      -0.097262       0.001336
      36.839600       0.176601       0.823400      -0.096987       0.001422
      36.879600       0.176485       0.823516      -0.096731       0.001464
      36.919600       0.176368       0.823634      -0.096512       0.001465
      36.959600       0.176252       0.823750      -0.096336       0.001430
      36.999600       0.176140       0.823861      -0.096198       0.001362
      37.039600       0.176035       0.823966      -0.096087       0.001257
      37.079600       0.175940       0.824061      -0.096003       0.001112
      37.119600       0.175858       0.824143      -0.095958       0.000933
      37.159600       0.175791       0.824210      -0.095962       0.000741
      37.199600       0.175739       0.824262      -0.096022       0.000566
      37.239600       0.175699       0.824302      -0.096132       0.000437
      37.279600       0.175667       0.824334      -0.096275       0.000380
      37.319600       0.175636       0.824365      -0.096417       0.000401
      37.359600       0.175601       0.824400      -0.096522       0.000482
      37.399600       0.175559       0.824443      -0.096569       0.000590
      37.439600       0.175507       0.824494      -0.096556       0.000690
      37.479600       0.175449       0.824552      -0.096498       0.000761
      37.519600       0.175386       0.824615      -0.096417       0.000800
      37.559600       0.175322       0.824680      -0.096339       0.000814
      37.599600       0.175256       0.824745      -0.096278       0.000821
      37.639600       0.175190       0.824811      -0.096236       0.000833
      37.679600       0.175123       0.824878      -0.096203       0.000845
      37.719600       0.175056       0.824946      -0.096173       0.000834
      37.759600       0.174991       0.825010      -0.096150       0.000772
      37.799600       0.174934       0.825067      -0.096156       0.000643
      37.839600       0.174890       0.825111      -0.096211       0.000459
      37.879600       0.174861       0.825140      -0.096327       0.000255
      37.919600       0.174848       0.825153      -0.096492       0.000075
      37.959600       0.174848       0.825153      -0.096683      -0.000052
      37.999600       0.174855       0.825146      -0.096876      -0.000114
      38.039600       0.174865       0.825137      -0.097058      -0.000122
      38.079600       0.174874       0.825128      -0.097227      -0.000094
      38.119600       0.174879       0.825122      -0.097388      -0.000043
      38.159600       0.174880       0.825121      -0.097536       0.000017
      38.199600       0.174877       0.825125      -0.097665       0.000071
      38.239600       0.174869       0.825132      -0.097768       0.000108
      38.279600       0.174860       0.825142      -0.097852       0.000126
      38.319600       0.174849       0.825152      -0.097927       0.000142
      38.359600       0.174836       0.825165      -0.097994       0.000193
      38.399600       0.174817       0.825185      -0.098035       0.000311
      38.439600       0.174785       0.825217      -0.098025       0.000499
      38.479600       0.174736       0.825265      -0.097948       0.000725
      38.519600       0.174669       0.825332      -0.097810       0.000939
      38.559600       0.174587       0.825414      -0.097636       0.001087
      38.599600       0.174498       0.825503      -0.097465       0.001131
      38.639600       0.174410       0.825592      -0.097333       0.001060
      38.679600       0.174331       0.825670      -0.097262       0.000892
      38.719600       0.174269       0.825733      -0.097257       0.000662
      38.759600       0.174226       0.825776      -0.097311       0.000413
      38.799600       0.174202       0.825799      -0.097415       0.000188
      38.839600       0.174194       0.825808      -0.097559       0.000036
      38.879600       0.174193       0.825808      -0.097720      -0.000005
      38.919600       0.174191       0.825810      -0.097859       0.000079
      38.959600       0.174178       0.825823      -0.097936       0.000263
      38.999600       0.174148       0.825853      -0.097929       0.000487
      39.039600       0.174101       0.825900      -0.097844       0.000680
      39.079600       0.174041       0.825959      -0.097712       0.000790
      39.119600       0.173977       0.826023      -0.097581       0.000796
      39.159600       0.173916       0.826085      -0.097489       0.000721
      39.199600       0.173863       0.826138      -0.097454       0.000611
      39.239600       0.173818       0.826183      -0.097473       0.000518
      39.279600       0.173778       0.826223      -0.097529       0.000487
      39.319600       0.173738       0.826263      -0.097595       0.000547
      39.359600       0.173688       0.826313      -0.097636       0.000706
      39.399600       0.173623       0.826378      -0.097611       0.000937
      39.439600       0.173538       0.826463      -0.097503       0.001181
      39.479600       0.173435       0.826566      -0.097326       0.001372
      39.519600       0.173321       0.826680      -0.097122       0.001469
      39.559600       0.173203       0.826798      -0.096935       0.001468
      39.599600       0.173088       0.826913      -0.096790       0.001385
      39.639600       0.172983       0.827018      -0.096701       0.001239
      39.679600       0.172891       0.827110      -0.096674       0.001050
      39.719600       0.172816       0.827185      -0.096716       0.000840
      39.759600       0.172757       0.827244      -0.096826       0.000640
      39.799600       0.172712       0.827289      -0.096982       0.000483
      39.839600       0.172678       0.827323      -0.097148       0.000386
      39.879600       0.172649       0.827352      -0.097289       0.000350
      39.919600       0.172621       0.827381      -0.097383       0.000363
      39.959600       0.172590       0.827411      -0.097425       0.000415
      39.999600       0.172553       0.827448      -0.097419       0.000506
