       0.000000       1.000000       0.000000       0.000000      -0.000471       0.000471       0.000000       0.000000
       0.020000       1.000000       0.000000       0.000000       0.000426      -0.055971       0.000000       0.000000
       0.040000       1.000000       0.000000       0.000000       0.003966      -0.107892       0.000000       0.000000
       0.060000       1.000000       0.000000       0.000000       0.009231      -0.151362       0.000000       0.000000
       0.080000       1.000000       0.000000       0.000000       0.015645      -0.184209       0.000000       0.000000
       0.100000       0.999917       0.000083       0.000000       0.022245      -0.207713      -0.000079       0.000003
       0.120000       0.998277       0.001723       0.000000       0.029312      -0.224250      -0.000758       0.000501
       0.140000       0.993379       0.006621       0.000000       0.036226      -0.235934      -0.001592       0.001858
       0.160000       0.984211       0.015789       0.000000       0.043667      -0.242301      -0.001773       0.004005
       0.180000       0.970116       0.029884       0.000000       0.050878      -0.245304      -0.001204       0.006882
       0.200000       0.950694       0.049306       0.000000       0.057639      -0.245775      -0.000031       0.010206
       0.220000       0.925382       0.074618       0.000000       0.064292      -0.243853       0.001346       0.013770
       0.240000       0.895361       0.104639       0.000000       0.070663      -0.239731       0.003173       0.017272
       0.260000       0.862228       0.137772       0.000000       0.076457      -0.234118       0.005647       0.020688
       0.280000       0.827969       0.172031       0.000000       0.081844      -0.227056       0.007858       0.024061
       0.300000       0.795753       0.204239       0.000008       0.086899      -0.219672       0.010443       0.027515
       0.320000       0.766234       0.233736       0.000030       0.091723      -0.211463       0.013070       0.030693
       0.340000       0.739677       0.260256       0.000068       0.096018      -0.202651       0.015882       0.033508
       0.360000       0.715855       0.284022       0.000122       0.100212      -0.193284       0.018691       0.035973
       0.380000       0.695239       0.304545       0.000216       0.103910      -0.183508       0.021617       0.038683
       0.400000       0.676147       0.323508       0.000345       0.106791      -0.173779       0.024509       0.040633
       0.420000       0.658600       0.340833       0.000566       0.109270      -0.163908       0.027441       0.042132
       0.440000       0.643081       0.356115       0.000804       0.111398      -0.154348       0.030165       0.043833
       0.460000       0.629263       0.369623       0.001114       0.113302      -0.144282       0.032910       0.045078
       0.480000       0.616263       0.382279       0.001459       0.114483      -0.134161       0.035410       0.046015
       0.500000       0.604465       0.393735       0.001800       0.115635      -0.124507       0.037989       0.046817
       0.520000       0.593232       0.404568       0.002201       0.116658      -0.115047       0.040633       0.047456
       0.540000       0.583433       0.413870       0.002698       0.117001      -0.105971       0.042800       0.047897
       0.560000       0.574398       0.422411       0.003191       0.117028      -0.097377       0.044915       0.048057
       0.580000       0.565439       0.430823       0.003738       0.116981      -0.088974       0.047051       0.048212
       0.600000       0.557318       0.438374       0.004309       0.116814      -0.080574       0.049257       0.047870
       0.620000       0.549322       0.445807       0.004872       0.115894      -0.072045       0.051103       0.047845
       0.640000       0.542199       0.452203       0.005598       0.114816      -0.063613       0.052922       0.047436
       0.660000       0.535099       0.458557       0.006344       0.113440      -0.055712       0.054697       0.047129
       0.680000       0.529129       0.463767       0.007104       0.111979      -0.048096       0.056540       0.046539
       0.700000       0.523877       0.468188       0.007935       0.110586      -0.040222       0.058176       0.045662
       0.720000       0.518728       0.472529       0.008742       0.108897      -0.032515       0.059543       0.044802
       0.740000       0.514491       0.475938       0.009571       0.107093      -0.024686       0.061016       0.043837
       0.760000       0.510982       0.478576       0.010442       0.104834      -0.016886       0.062502       0.042960
       0.780000       0.507968       0.480607       0.011425       0.102541      -0.008850       0.063719       0.041886
       0.800000       0.505759       0.481896       0.012345       0.100079      -0.001066       0.064758       0.041017
       0.820000       0.505139       0.481652       0.013210       0.097352       0.006709       0.065992       0.039978
       0.840000       0.504968       0.480855       0.014177       0.094543       0.014608       0.066878       0.038976
       0.860000       0.505684       0.479048       0.015268       0.091778       0.022300       0.067465       0.037902
       0.880000       0.507145       0.476575       0.016280       0.088994       0.029575       0.067911       0.036631
       0.900000       0.508870       0.473744       0.017385       0.086170       0.036081       0.068221       0.035138
       0.920000       0.511829       0.469659       0.018511       0.083138       0.042158       0.067982       0.033996
       0.940000       0.516000       0.464359       0.019641       0.080188       0.047592       0.067510       0.032439
       0.960000       0.521017       0.458115       0.020868       0.076838       0.052257       0.066969       0.030794
       0.980000       0.527187       0.450646       0.022167       0.074060       0.056158       0.065796       0.029294
       1.000000       0.534168       0.442336       0.023496       0.071240       0.059817       0.064528       0.027591
       1.020000       0.541821       0.433185       0.024994       0.068494       0.062392       0.062813       0.025858
       1.040000       0.550077       0.423560       0.026363       0.065900       0.064287       0.061143       0.024224
       1.060000       0.559053       0.413235       0.027712       0.063168       0.065930       0.059287       0.022708
       1.080000       0.568495       0.402562       0.028943       0.060700       0.066508       0.056964       0.021336
       1.100000       0.577420       0.392433       0.030146       0.058771       0.066932       0.055050       0.019977
       1.120000       0.586863       0.381733       0.031404       0.056724       0.066589       0.052991       0.018890
       1.140000       0.595875       0.371637       0.032488       0.055391       0.065396       0.050691       0.017589
       1.160000       0.604537       0.361826       0.033637       0.054370       0.063369       0.048508       0.016814
       1.180000       0.613273       0.352086       0.034641       0.053119       0.061348       0.046456       0.016049
       1.200000       0.621684       0.342583       0.035732       0.052401       0.058547       0.044270       0.015496
       1.220000       0.629412       0.334070       0.036518       0.051836       0.055634       0.042338       0.015026
       1.240000       0.636847       0.325754       0.037399       0.051410       0.052226       0.040729       0.014865
       1.260000       0.643313       0.318330       0.038357       0.051011       0.048482       0.039253       0.014710
       1.280000       0.649209       0.311542       0.039249       0.050949       0.045074       0.037592       0.014595
       1.300000       0.654163       0.305670       0.040167       0.051012       0.041097       0.036336       0.014693
       1.320000       0.658936       0.300089       0.040975       0.050768       0.036619       0.035135       0.014412
       1.340000       0.662932       0.295195       0.041874       0.050800       0.032597       0.033928       0.014384
       1.360000       0.666423       0.290838       0.042739       0.051183       0.029090       0.032691       0.014339
       1.380000       0.669435       0.286918       0.043647       0.051554       0.024836       0.031637       0.014558
       1.400000       0.671880       0.283648       0.044473       0.051943       0.020950       0.030810       0.014598
       1.420000       0.673696       0.281019       0.045285       0.052382       0.016942       0.029836       0.014793
       1.440000       0.675592       0.278340       0.046069       0.052935       0.013550       0.029103       0.014835
       1.460000       0.676824       0.276371       0.046805       0.053424       0.010245       0.028365       0.015317
       1.480000       0.677419       0.274956       0.047625       0.053889       0.006909       0.027909       0.015634
       1.500000       0.677763       0.273906       0.048331       0.054529       0.003613       0.027380       0.015802
       1.520000       0.677644       0.273173       0.049183       0.055103       0.000426       0.026739       0.015953
       1.540000       0.677301       0.272599       0.050100       0.055906      -0.002864       0.026229       0.016304
       1.560000       0.677023       0.272118       0.050859       0.056741      -0.006137       0.026107       0.016609
       1.580000       0.675809       0.272468       0.051723       0.057514      -0.009249       0.025683       0.016759
       1.600000       0.673946       0.273574       0.052480       0.058365      -0.012326       0.025359       0.016742
       1.620000       0.671948       0.274803       0.053248       0.059342      -0.015073       0.025227       0.017145
       1.640000       0.669563       0.276470       0.053968       0.060146      -0.017846       0.025087       0.017695
       1.660000       0.666995       0.278213       0.054792       0.060744      -0.020158       0.024963       0.017848
       1.680000       0.664083       0.280492       0.055425       0.061412      -0.022392       0.024887       0.018064
       1.700000       0.661210       0.282521       0.056269       0.062298      -0.024680       0.024837       0.018542
       1.720000       0.657540       0.285282       0.057179       0.063224      -0.026907       0.024694       0.018833
       1.740000       0.654088       0.287906       0.058006       0.063781      -0.028711       0.024860       0.019142
       1.760000       0.650258       0.290739       0.059003       0.064616      -0.029916       0.024953       0.019547
       1.780000       0.646044       0.294282       0.059674       0.065245      -0.031253       0.025107       0.019965
       1.800000       0.641534       0.297884       0.060581       0.065743      -0.032267       0.025257       0.020079
       1.820000       0.637255       0.301135       0.061609       0.066131      -0.033103       0.025661       0.020244
       1.840000       0.632852       0.304611       0.062537       0.066603      -0.033907       0.026002       0.020870
       1.860000       0.628286       0.308411       0.063302       0.066950      -0.034566       0.026524       0.021231
       1.880000       0.623111       0.312637       0.064251       0.067461      -0.034894       0.027009       0.021497
       1.900000       0.617970       0.316716       0.065314       0.068038      -0.034886       0.027413       0.021780
       1.920000       0.612981       0.321039       0.065980       0.068476      -0.035158       0.027566       0.021837
       1.940000       0.608125       0.325060       0.066815       0.068586      -0.034610       0.028140       0.022124
       1.960000       0.603089       0.329187       0.067724       0.068849      -0.034217       0.028411       0.022088
       1.980000       0.598389       0.332997       0.068614       0.069168      -0.033840       0.028910       0.022180
       2.000000       0.593389       0.337094       0.069517       0.069137      -0.033022       0.029422       0.022464
       2.020000       0.588836       0.340549       0.070615       0.069175      -0.031799       0.029720       0.022404
       2.040000       0.584276       0.344119       0.071605       0.069057      -0.030861       0.029863       0.022781
       2.060000       0.579756       0.347690       0.072554       0.069157      -0.029806       0.030203       0.022785
       2.080000       0.575491       0.351159       0.073349       0.069387      -0.028163       0.030553       0.022922
       2.100000       0.571277       0.354169       0.074554       0.069611      -0.026410       0.031023       0.023078
       2.120000       0.567454       0.357049       0.075497       0.069768      -0.024701       0.031191       0.023213
       2.140000       0.563772       0.359743       0.076484       0.069861      -0.022644       0.031445       0.023279
       2.160000       0.560681       0.361805       0.077514       0.069693      -0.020630       0.031887       0.023257
       2.180000       0.557552       0.363828       0.078620       0.069356      -0.018753       0.032237       0.023257
       2.200000       0.554896       0.365543       0.079561       0.069224      -0.016815       0.032619       0.023126
       2.220000       0.552866       0.366803       0.080331       0.069061      -0.014567       0.032951       0.022897
       2.240000       0.550816       0.368027       0.081157       0.068780      -0.012606       0.033067       0.022585
       2.260000       0.548979       0.368876       0.082144       0.068282      -0.010697       0.033235       0.022152
       2.280000       0.547407       0.369345       0.083248       0.067566      -0.008718       0.033246       0.021923
       2.300000       0.546468       0.369601       0.083930       0.067003      -0.006975       0.033443       0.021789
       2.320000       0.545761       0.369525       0.084714       0.066403      -0.005060       0.033450       0.021688
       2.340000       0.545219       0.369163       0.085618       0.065769      -0.003838       0.033366       0.021476
       2.360000       0.544861       0.368611       0.086528       0.065229      -0.002171       0.033269       0.021325
       2.380000       0.544477       0.367929       0.087593       0.064577      -0.000777       0.032990       0.021166
       2.400000       0.544270       0.367325       0.088405       0.063967       0.000183       0.032724       0.020977
       2.420000       0.544446       0.366318       0.089236       0.063586       0.001343       0.032349       0.020690
       2.440000       0.544524       0.365232       0.090244       0.062885       0.002582       0.032405       0.020143
       2.460000       0.544751       0.364045       0.091204       0.062332       0.003439       0.032170       0.019923
       2.480000       0.545602       0.362215       0.092183       0.061876       0.004350       0.031676       0.019767
       2.500000       0.546382       0.360346       0.093272       0.061517       0.005198       0.031600       0.019617
       2.520000       0.547129       0.358805       0.094066       0.061053       0.006038       0.031586       0.019415
       2.540000       0.548134       0.356918       0.094948       0.060350       0.006807       0.031362       0.018978
       2.560000       0.549206       0.354821       0.095973       0.059678       0.007493       0.031211       0.018597
       2.580000       0.550069       0.353295       0.096636       0.059200       0.008067       0.030861       0.018331
       2.600000       0.551109       0.351461       0.097430       0.058934       0.008787       0.030782       0.018340
       2.620000       0.551927       0.349622       0.098452       0.058434       0.009200       0.030403       0.017942
       2.640000       0.552610       0.348072       0.099318       0.057869       0.009737       0.030084       0.017926
       2.660000       0.553537       0.346304       0.100159       0.057551       0.009636       0.029678       0.017851
       2.680000       0.554661       0.344290       0.101048       0.056806       0.010029       0.029564       0.017403
       2.700000       0.555706       0.342487       0.101807       0.056277       0.009846       0.028910       0.017017
       2.720000       0.557377       0.340212       0.102411       0.056066       0.010019       0.028497       0.016714
       2.740000       0.558711       0.337884       0.103405       0.055575       0.009780       0.027942       0.016642
       2.760000       0.559857       0.335653       0.104490       0.055196       0.009778       0.027278       0.016848
       2.780000       0.561315       0.333539       0.105146       0.054762       0.009244       0.026899       0.016890
       2.800000       0.561797       0.332036       0.106167       0.054616       0.008624       0.026554       0.016904
       2.820000       0.562950       0.330259       0.106791       0.054439       0.008401       0.026237       0.016679
       2.840000       0.563751       0.328326       0.107923       0.054422       0.007754       0.025936       0.016856
       2.860000       0.564828       0.326413       0.108759       0.054260       0.007430       0.025726       0.016857
       2.880000       0.565702       0.324551       0.109747       0.054235       0.006963       0.025171       0.016826
       2.900000       0.566963       0.322372       0.110664       0.054248       0.006363       0.024920       0.016575
       2.920000       0.567273       0.321437       0.111290       0.054507       0.005142       0.024690       0.016414
       2.940000       0.567801       0.320006       0.112193       0.054487       0.004364       0.024350       0.016094
       2.960000       0.568492       0.318648       0.112861       0.054433       0.003783       0.023964       0.015841
       2.980000       0.568974       0.317319       0.113707       0.054412       0.003084       0.023444       0.015810
       3.000000       0.569183       0.316212       0.114605       0.054364       0.002430       0.023222       0.015904
       3.020000       0.569278       0.315159       0.115563       0.054304       0.001575       0.022858       0.015886
       3.040000       0.569116       0.314459       0.116425       0.054497       0.000540       0.022334       0.015910
       3.060000       0.568951       0.313930       0.117119       0.054292      -0.000563       0.022136       0.015762
       3.080000       0.568451       0.313579       0.117970       0.054339      -0.001404       0.021912       0.015682
       3.100000       0.567593       0.313509       0.118898       0.054626      -0.002101       0.021609       0.015772
       3.120000       0.567346       0.313079       0.119576       0.054702      -0.002748       0.021625       0.015623
       3.140000       0.566873       0.312916       0.120211       0.054545      -0.003172       0.021274       0.015741
       3.160000       0.566659       0.312068       0.121273       0.054555      -0.003520       0.021152       0.015814
       3.180000       0.565938       0.312279       0.121783       0.054731      -0.004481       0.020936       0.015955
       3.200000       0.565371       0.312194       0.122435       0.054749      -0.005140       0.020801       0.016024
       3.220000       0.564169       0.312518       0.123313       0.054552      -0.005503       0.020918       0.016215
       3.240000       0.563206       0.312535       0.124259       0.054533      -0.005742       0.020894       0.016634
       3.260000       0.562091       0.312827       0.125082       0.054391      -0.006022       0.020697       0.016452
       3.280000       0.561147       0.312704       0.126149       0.054392      -0.006514       0.020608       0.016452
       3.300000       0.560202       0.312982       0.126816       0.054277      -0.006948       0.020546       0.016257
       3.320000       0.558575       0.313492       0.127933       0.054337      -0.007143       0.020502       0.016469
       3.340000       0.557320       0.314057       0.128623       0.054468      -0.007729       0.020370       0.016511
       3.360000       0.556029       0.314420       0.129551       0.054425      -0.007877       0.020626       0.016817
       3.380000       0.554722       0.314690       0.130588       0.054811      -0.007746       0.020632       0.016789
       3.400000       0.553558       0.315141       0.131301       0.055083      -0.008003       0.020654       0.016984
       3.420000       0.552452       0.315313       0.132236       0.054839      -0.008202       0.020909       0.017032
       3.440000       0.550699       0.316068       0.133233       0.055088      -0.008269       0.020910       0.017022
       3.460000       0.549269       0.316563       0.134168       0.055056      -0.008590       0.020995       0.016917
       3.480000       0.547688       0.317387       0.134924       0.054965      -0.008741       0.020916       0.016611
       3.500000       0.546303       0.317927       0.135770       0.054702      -0.008593       0.020845       0.016482
       3.520000       0.544708       0.318702       0.136590       0.054840      -0.008502       0.020957       0.016484
       3.540000       0.543750       0.318965       0.137285       0.055018      -0.008144       0.020657       0.016291
       3.560000       0.541850       0.319728       0.138422       0.054919      -0.007992       0.020736       0.016258
       3.580000       0.540186       0.320517       0.139297       0.054875      -0.007713       0.020625       0.015970
       3.600000       0.539087       0.320805       0.140108       0.054722      -0.007116       0.020445       0.016056
       3.620000       0.538148       0.320815       0.141038       0.054526      -0.006705       0.020308       0.016220
       3.640000       0.537088       0.321161       0.141751       0.054506      -0.007098       0.020327       0.016191
       3.660000       0.535892       0.321595       0.142513       0.054258      -0.006888       0.020062       0.015900
       3.680000       0.534432       0.322077       0.143490       0.053925      -0.007129       0.019958       0.015964
       3.700000       0.533274       0.322496       0.144231       0.053927      -0.006742       0.019941       0.015594
       3.720000       0.532269       0.322715       0.145016       0.053751      -0.006340       0.019524       0.015738
       3.740000       0.531334       0.322792       0.145873       0.053579      -0.005632       0.019258       0.015748
       3.760000       0.530025       0.323125       0.146850       0.053618      -0.005148       0.019193       0.015798
       3.780000       0.529235       0.322861       0.147904       0.053726      -0.005027       0.019029       0.015973
       3.800000       0.528108       0.323176       0.148716       0.053591      -0.004648       0.019102       0.016249
       3.820000       0.527513       0.322486       0.150001       0.053551      -0.004140       0.019158       0.016212
       3.840000       0.526707       0.322418       0.150875       0.053531      -0.003586       0.018985       0.016171
       3.860000       0.525995       0.322233       0.151773       0.053317      -0.003223       0.018819       0.016101
       3.880000       0.525632       0.321775       0.152593       0.053171      -0.002683       0.018899       0.016062
       3.900000       0.525213       0.321398       0.153388       0.052928      -0.002371       0.018881       0.016141
       3.920000       0.524284       0.321249       0.154467       0.052762      -0.002001       0.018881       0.016023
       3.940000       0.523848       0.320946       0.155206       0.052567      -0.001869       0.018594       0.016052
       3.960000       0.523291       0.320683       0.156025       0.052330      -0.001815       0.018720       0.016139
       3.980000       0.522830       0.320093       0.157076       0.052167      -0.001732       0.018818       0.016203
       4.000000       0.522483       0.319731       0.157786       0.051893      -0.001696       0.018748       0.015921
       4.020000       0.522320       0.319079       0.158601       0.051860      -0.001420       0.018683       0.015713
       4.040000       0.522347       0.318558       0.159095       0.051461      -0.001108       0.018745       0.015793
       4.060000       0.521885       0.318465       0.159650       0.051519      -0.000662       0.018498       0.015676
       4.080000       0.521396       0.318137       0.160467       0.051118      -0.000802       0.018391       0.015604
       4.100000       0.520844       0.317739       0.161417       0.050860      -0.000769       0.018218       0.015607
       4.120000       0.520396       0.317100       0.162503       0.050752      -0.000565       0.018473       0.015480
       4.140000       0.520551       0.316623       0.162826       0.050882      -0.000524       0.018205       0.015466
       4.160000       0.520490       0.316008       0.163502       0.050842      -0.000507       0.018000       0.015521
       4.180000       0.520474       0.315075       0.164451       0.050736      -0.000296       0.017877       0.015513
       4.200000       0.520295       0.314555       0.165150       0.050716      -0.000367       0.017626       0.015243
       4.220000       0.519991       0.314006       0.166003       0.050567      -0.000390       0.017565       0.015030
       4.240000       0.519768       0.313147       0.167085       0.050281      -0.000187       0.017592       0.014998
       4.260000       0.519523       0.312576       0.167901       0.049964      -0.000073       0.017540       0.014789
       4.280000       0.519675       0.311576       0.168749       0.050075      -0.000494       0.017525       0.014625
       4.300000       0.519300       0.311087       0.169613       0.049948      -0.000412       0.017367       0.014207
       4.320000       0.519092       0.310130       0.170778       0.049857      -0.000437       0.017015       0.014095
       4.340000       0.518808       0.309793       0.171399       0.049753      -0.000400       0.016951       0.013905
       4.360000       0.518147       0.309583       0.172270       0.049743      -0.000293       0.016742       0.013863
       4.380000       0.517960       0.308965       0.173075       0.049564       0.000222       0.016688       0.014126
       4.400000       0.517550       0.308541       0.173909       0.049614      -0.000076       0.016714       0.014094
       4.420000       0.517383       0.308078       0.174539       0.049539      -0.000127       0.016667       0.013838
       4.440000       0.517441       0.307374       0.175184       0.049732      -0.000082       0.016713       0.013801
       4.460000       0.516953       0.307057       0.175990       0.049738      -0.000057       0.016508       0.013756
       4.480000       0.516596       0.306783       0.176620       0.049761      -0.000245       0.016353       0.013807
       4.500000       0.516570       0.305938       0.177491       0.049269      -0.000278       0.016000       0.014043
       4.520000       0.516566       0.305200       0.178234       0.048949      -0.000413       0.015947       0.014011
       4.540000       0.515763       0.305025       0.179212       0.048942      -0.000540       0.015801       0.013894
       4.560000       0.515200       0.304775       0.180024       0.048667      -0.000668       0.015593       0.013866
       4.580000       0.515067       0.304054       0.180880       0.048585      -0.001089       0.015336       0.013630
       4.600000       0.514438       0.303718       0.181845       0.048460      -0.000673       0.015109       0.013757
       4.620000       0.514108       0.303109       0.182783       0.048381      -0.001226       0.014922       0.013854
       4.640000       0.513862       0.302728       0.183410       0.048639      -0.001325       0.014796       0.013882
       4.660000       0.513663       0.302135       0.184202       0.048645      -0.001772       0.014677       0.013707
       4.680000       0.513366       0.301777       0.184857       0.048892      -0.001978       0.014700       0.013891
       4.700000       0.512823       0.301700       0.185477       0.048849      -0.002340       0.014562       0.013820
       4.720000       0.512442       0.301388       0.186170       0.049024      -0.002214       0.014237       0.013954
       4.740000       0.511802       0.301295       0.186903       0.049006      -0.002135       0.014086       0.013960
       4.760000       0.511002       0.301140       0.187858       0.049053      -0.002374       0.014033       0.014035
       4.780000       0.510190       0.300998       0.188812       0.048885      -0.002384       0.014060       0.013909
       4.800000       0.509651       0.300524       0.189825       0.048803      -0.002181       0.014157       0.014124
       4.820000       0.509512       0.299989       0.190499       0.048665      -0.002425       0.014133       0.014101
       4.840000       0.508987       0.299892       0.191121       0.048782      -0.002508       0.013807       0.014134
       4.860000       0.508538       0.299689       0.191773       0.048703      -0.002626       0.013893       0.014214
       4.880000       0.507761       0.299460       0.192780       0.048776      -0.002927       0.013852       0.014157
       4.900000       0.507258       0.299183       0.193559       0.048530      -0.002892       0.013794       0.013967
       4.920000       0.506252       0.299440       0.194308       0.048483      -0.003073       0.013742       0.014039
       4.940000       0.505657       0.299386       0.194957       0.048356      -0.003071       0.013706       0.013807
       4.960000       0.505213       0.298739       0.196048       0.048305      -0.003400       0.013291       0.013812
       4.980000       0.504773       0.298497       0.196730       0.047939      -0.003359       0.013048       0.013885
       5.000000       0.503836       0.298838       0.197327       0.047872      -0.003157       0.013072       0.013795
       5.020000       0.503178       0.298477       0.198345       0.047709      -0.003314       0.012881       0.013987
       5.040000       0.502506       0.298306       0.199188       0.047723      -0.003030       0.013026       0.013795
       5.060000       0.501828       0.298313       0.199859       0.047727      -0.003325       0.012691       0.013813
       5.080000       0.501408       0.297991       0.200601       0.047740      -0.003201       0.012908       0.013894
       5.100000       0.500696       0.298136       0.201168       0.047796      -0.003071       0.012873       0.013744
       5.120000       0.499824       0.298308       0.201868       0.047768      -0.003280       0.012870       0.013754
       5.140000       0.499438       0.297850       0.202712       0.047672      -0.003128       0.012827       0.013822
       5.160000       0.498600       0.297890       0.203510       0.047704      -0.002875       0.012855       0.013807
       5.180000       0.497710       0.297760       0.204530       0.047688      -0.002911       0.012692       0.014006
       5.200000       0.497049       0.297576       0.205375       0.047560      -0.002835       0.012604       0.014026
       5.220000       0.496545       0.297322       0.206133       0.047441      -0.002956       0.012734       0.014181
       5.240000       0.495987       0.297005       0.207008       0.047445      -0.002886       0.012740       0.013895
       5.260000       0.495535       0.296781       0.207684       0.047536      -0.002820       0.012576       0.013707
       5.280000       0.494769       0.296905       0.208326       0.047708      -0.002840       0.012522       0.013725
       5.300000       0.494092       0.296686       0.209221       0.047790      -0.002634       0.012427       0.013603
       5.320000       0.493651       0.296463       0.209886       0.047552      -0.002262       0.012228       0.013331
       5.340000       0.492832       0.296285       0.210883       0.047238      -0.002043       0.012176       0.013195
       5.360000       0.492441       0.296063       0.211496       0.047151      -0.002002       0.012281       0.013123
       5.380000       0.492288       0.295643       0.212069       0.046869      -0.001635       0.012336       0.013046
       5.400000       0.491874       0.295075       0.213050       0.046837      -0.001212       0.012157       0.012859
       5.420000       0.491227       0.294980       0.213793       0.046558      -0.000975       0.011819       0.012662
       5.440000       0.490779       0.294778       0.214443       0.046190      -0.001080       0.011970       0.012818
       5.460000       0.489991       0.294699       0.215310       0.046057      -0.000803       0.011845       0.012488
       5.480000       0.489544       0.294405       0.216052       0.045888      -0.000777       0.011529       0.012253
       5.500000       0.489145       0.294132       0.216723       0.045630      -0.001130       0.011379       0.012213
       5.520000       0.488597       0.293711       0.217692       0.045522      -0.001058       0.011004       0.011973
       5.540000       0.488206       0.293519       0.218275       0.045447      -0.001063       0.010923       0.011991
       5.560000       0.487772       0.293252       0.218976       0.045254      -0.001441       0.010794       0.011910
       5.580000       0.487723       0.292695       0.219582       0.045293      -0.001517       0.010796       0.011844
       5.600000       0.487355       0.292259       0.220386       0.045370      -0.001675       0.011005       0.011569
       5.620000       0.487209       0.291956       0.220834       0.045432      -0.001666       0.010903       0.011407
       5.640000       0.486901       0.291738       0.221361       0.045376      -0.001758       0.011069       0.011240
       5.660000       0.486486       0.291358       0.222156       0.045515      -0.001996       0.011093       0.011220
       5.680000       0.485865       0.291028       0.223107       0.045658      -0.001807       0.011028       0.011083
       5.700000       0.485225       0.290645       0.224130       0.045747      -0.002214       0.010991       0.010942
       5.720000       0.484675       0.290300       0.225026       0.045703      -0.002044       0.010782       0.010938
       5.740000       0.484319       0.289873       0.225808       0.045757      -0.001896       0.010457       0.011134
       5.760000       0.484158       0.289455       0.226387       0.045824      -0.001666       0.010012       0.011247
       5.780000       0.483877       0.289193       0.226929       0.046055      -0.001763       0.009811       0.011342
       5.800000       0.483650       0.288835       0.227515       0.046172      -0.001726       0.009503       0.011819
       5.820000       0.482919       0.288714       0.228367       0.046111      -0.001675       0.009350       0.012085
       5.840000       0.482483       0.288188       0.229329       0.046037      -0.001717       0.009259       0.012344
       5.860000       0.482358       0.287726       0.229916       0.046005      -0.001725       0.009258       0.012640
       5.880000       0.481719       0.287594       0.230687       0.046003      -0.001412       0.009418       0.012679
       5.900000       0.481543       0.287141       0.231316       0.045965      -0.001315       0.009437       0.012840
       5.920000       0.481096       0.286782       0.232121       0.046009      -0.001191       0.009355       0.012991
       5.940000       0.480606       0.286367       0.233027       0.045865      -0.001193       0.009409       0.012814
       5.960000       0.479925       0.286533       0.233542       0.045899      -0.001254       0.009322       0.012801
       5.980000       0.479385       0.286248       0.234367       0.045851      -0.000981       0.009486       0.012786
       6.000000       0.479057       0.285858       0.235085       0.045850      -0.000837       0.009393       0.012694
       6.020000       0.478309       0.285974       0.235717       0.045663      -0.001000       0.009540       0.012462
       6.040000       0.478362       0.285193       0.236445       0.045647      -0.001168       0.009658       0.012199
       6.060000       0.477839       0.284889       0.237272       0.045623      -0.001044       0.009561       0.011944
       6.080000       0.477137       0.284781       0.238082       0.045617      -0.001087       0.009458       0.011824
       6.100000       0.476521       0.284712       0.238767       0.045712      -0.001013       0.009446       0.011622
       6.120000       0.476107       0.284366       0.239527       0.045564      -0.000923       0.009208       0.011579
       6.140000       0.476131       0.283652       0.240218       0.045389      -0.000880       0.009158       0.011606
       6.160000       0.475937       0.283140       0.240923       0.045252      -0.001053       0.008963       0.011715
       6.180000       0.476052       0.282780       0.241168       0.045044      -0.001011       0.008812       0.011835
       6.200000       0.475501       0.282168       0.242331       0.044923      -0.001288       0.008482       0.011678
       6.220000       0.474616       0.282279       0.243104       0.045096      -0.001446       0.008221       0.011533
       6.240000       0.474187       0.281935       0.243879       0.044957      -0.001586       0.008235       0.011539
       6.260000       0.474093       0.281449       0.244458       0.044929      -0.001760       0.008094       0.011370
       6.280000       0.473839       0.281236       0.244925       0.044768      -0.001738       0.007984       0.011174
       6.300000       0.473150       0.281092       0.245758       0.044949      -0.001732       0.007946       0.011092
       6.320000       0.472624       0.280712       0.246664       0.044818      -0.001909       0.007919       0.011232
       6.340000       0.472380       0.280344       0.247275       0.044506      -0.002142       0.007827       0.011279
       6.360000       0.471717       0.280314       0.247969       0.044598      -0.002331       0.007601       0.011162
       6.380000       0.471250       0.280064       0.248686       0.044707      -0.002446       0.007498       0.011056
       6.400000       0.470692       0.280035       0.249273       0.044721      -0.002309       0.007335       0.010984
       6.420000       0.470349       0.279735       0.249917       0.044789      -0.002279       0.007208       0.011037
       6.440000       0.469731       0.279544       0.250725       0.044924      -0.002457       0.006898       0.011007
       6.460000       0.469638       0.279221       0.251141       0.044598      -0.002272       0.006857       0.011049
       6.480000       0.469542       0.279028       0.251431       0.044385      -0.002063       0.007010       0.011080
       6.500000       0.468633       0.279581       0.251785       0.044477      -0.002125       0.006969       0.011156
       6.520000       0.468194       0.279668       0.252138       0.044425      -0.002162       0.007040       0.011216
       6.540000       0.467772       0.279517       0.252711       0.044464      -0.002567       0.007023       0.011124
       6.560000       0.467004       0.279469       0.253527       0.044356      -0.002207       0.006844       0.011112
       6.580000       0.466114       0.279634       0.254252       0.044639      -0.002167       0.006668       0.011117
       6.600000       0.465428       0.279550       0.255022       0.044537      -0.001960       0.006611       0.010965
       6.620000       0.464949       0.279118       0.255932       0.044708      -0.001739       0.006541       0.010991
       6.640000       0.464815       0.278762       0.256423       0.044768      -0.001795       0.006518       0.011111
       6.660000       0.464377       0.278910       0.256713       0.044839      -0.001614       0.006305       0.011083
       6.680000       0.463925       0.278604       0.257471       0.044566      -0.001530       0.006027       0.011424
       6.700000       0.463714       0.278362       0.257925       0.044494      -0.001354       0.006051       0.011449
       6.720000       0.463239       0.278314       0.258447       0.044382      -0.001339       0.006026       0.011387
       6.740000       0.463250       0.278147       0.258603       0.043957      -0.001315       0.005913       0.011152
       6.760000       0.462689       0.277936       0.259375       0.043966      -0.001249       0.005919       0.011005
       6.780000       0.462061       0.277757       0.260182       0.043743      -0.001345       0.006038       0.010971
       6.800000       0.461547       0.277625       0.260828       0.043655      -0.001122       0.005970       0.010839
       6.820000       0.461026       0.277406       0.261567       0.043673      -0.001162       0.005757       0.010740
       6.840000       0.461161       0.276581       0.262258       0.043537      -0.001265       0.005442       0.010912
       6.860000       0.460618       0.276334       0.263049       0.043624      -0.001423       0.005364       0.011005
       6.880000       0.459838       0.276391       0.263771       0.043703      -0.001887       0.005266       0.011138
       6.900000       0.459489       0.276081       0.264430       0.043703      -0.001834       0.005264       0.011298
       6.920000       0.459121       0.275971       0.264908       0.043538      -0.001661       0.004966       0.011159
       6.940000       0.458594       0.275936       0.265471       0.043451      -0.001679       0.004584       0.011116
       6.960000       0.457921       0.275658       0.266421       0.043497      -0.001265       0.004676       0.011206
       6.980000       0.457553       0.275133       0.267313       0.043528      -0.001253       0.004660       0.011233
       7.000000       0.457668       0.274604       0.267727       0.043358      -0.001241       0.004657       0.011292
       7.020000       0.457835       0.273750       0.268415       0.043389      -0.001266       0.004692       0.011235
       7.040000       0.457216       0.273959       0.268825       0.043082      -0.001417       0.004733       0.011472
       7.060000       0.457128       0.273507       0.269365       0.043052      -0.001411       0.004860       0.011408
       7.080000       0.456833       0.273211       0.269956       0.043128      -0.001381       0.005168       0.011314
       7.100000       0.456362       0.272822       0.270816       0.043227      -0.001282       0.005226       0.011232
       7.120000       0.455948       0.272383       0.271669       0.043185      -0.001104       0.005225       0.011071
       7.140000       0.455821       0.271893       0.272286       0.043265      -0.001102       0.005109       0.010847
       7.160000       0.455399       0.271527       0.273075       0.043302      -0.001108       0.004927       0.010820
       7.180000       0.455567       0.271031       0.273402       0.043329      -0.000954       0.004678       0.010843
       7.200000       0.454979       0.270723       0.274298       0.043157      -0.001297       0.004735       0.010882
       7.220000       0.454448       0.270605       0.274947       0.043182      -0.001037       0.004878       0.010623
       7.240000       0.453890       0.270699       0.275410       0.043211      -0.001137       0.004748       0.010519
       7.260000       0.453352       0.270123       0.276526       0.043345      -0.001375       0.004490       0.010418
       7.280000       0.452928       0.269669       0.277403       0.043377      -0.001324       0.004355       0.010249
       7.300000       0.452286       0.269572       0.278143       0.043315      -0.001608       0.004105       0.010462
       7.320000       0.451728       0.269494       0.278778       0.043421      -0.001495       0.003945       0.010573
       7.340000       0.451306       0.268971       0.279723       0.043402      -0.001354       0.004026       0.010638
       7.360000       0.451088       0.268784       0.280128       0.043378      -0.001104       0.003899       0.010418
       7.380000       0.450978       0.268277       0.280745       0.043568      -0.000971       0.003713       0.010288
       7.400000       0.450328       0.268445       0.281227       0.043301      -0.001096       0.004043       0.010443
       7.420000       0.449834       0.268018       0.282148       0.043084      -0.001405       0.004095       0.010290
       7.440000       0.449359       0.268013       0.282627       0.043041      -0.001566       0.003912       0.010174
       7.460000       0.449129       0.267819       0.283052       0.042868      -0.001491       0.003681       0.010352
       7.480000       0.448360       0.267629       0.284011       0.042864      -0.001250       0.003638       0.010484
       7.500000       0.447850       0.267500       0.284650       0.043013      -0.001599       0.003555       0.010606
       7.520000       0.447552       0.267244       0.285204       0.042933      -0.001748       0.003171       0.010788
       7.540000       0.447492       0.266733       0.285775       0.042885      -0.001569       0.003113       0.010790
       7.560000       0.446754       0.266841       0.286405       0.042756      -0.001554       0.003114       0.010552
       7.580000       0.446494       0.266527       0.286979       0.042890      -0.001512       0.003171       0.010598
       7.600000       0.446076       0.266270       0.287654       0.042932      -0.001240       0.003273       0.010812
       7.620000       0.445737       0.265770       0.288493       0.042618      -0.000964       0.003208       0.010552
       7.640000       0.445518       0.265339       0.289144       0.042312      -0.000902       0.003385       0.010432
       7.660000       0.445041       0.265141       0.289818       0.042042      -0.000662       0.003292       0.010458
       7.680000       0.444804       0.264968       0.290228       0.041637      -0.000643       0.003092       0.010417
       7.700000       0.444455       0.264806       0.290738       0.041745      -0.000644       0.003172       0.010440
       7.720000       0.443875       0.265035       0.291090       0.041620      -0.000613       0.003131       0.010638
       7.740000       0.443544       0.265023       0.291433       0.041663      -0.000847       0.003098       0.010503
       7.760000       0.443308       0.264669       0.292023       0.041637      -0.000941       0.003195       0.010282
       7.780000       0.443043       0.264356       0.292601       0.041587      -0.001389       0.003126       0.010379
       7.800000       0.442597       0.264355       0.293048       0.041661      -0.001600       0.003137       0.010264
       7.820000       0.442417       0.264308       0.293275       0.041594      -0.001818       0.003123       0.009820
       7.840000       0.442272       0.264029       0.293699       0.041560      -0.001709       0.002848       0.009816
       7.860000       0.442245       0.263344       0.294411       0.041490      -0.001538       0.002498       0.009925
       7.880000       0.441837       0.263000       0.295163       0.041503      -0.001180       0.002473       0.009809
       7.900000       0.440999       0.263137       0.295864       0.041576      -0.001395       0.002417       0.009822
       7.920000       0.440800       0.262833       0.296368       0.041734      -0.001419       0.002409       0.009891
       7.940000       0.440476       0.262477       0.297047       0.041898      -0.001481       0.002343       0.009797
       7.960000       0.439973       0.262228       0.297798       0.041917      -0.001515       0.002324       0.009648
       7.980000       0.439380       0.262341       0.298278       0.041884      -0.001567       0.002188       0.009449
       8.000000       0.438899       0.262251       0.298850       0.041781      -0.001726       0.001979       0.009679
       8.020000       0.438294       0.261899       0.299806       0.041819      -0.001460       0.001891       0.009519
       8.040000       0.437841       0.261644       0.300515       0.041933      -0.001303       0.001586       0.009854
       8.060000       0.437142       0.261435       0.301423       0.041813      -0.001491       0.001705       0.009637
       8.080000       0.436857       0.261030       0.302113       0.041825      -0.001472       0.001622       0.009505
       8.100000       0.436397       0.261103       0.302500       0.041854      -0.001459       0.001775       0.009581
       8.120000       0.435941       0.261248       0.302811       0.041904      -0.001358       0.001759       0.009470
       8.140000       0.435627       0.260841       0.303533       0.042024      -0.001307       0.001625       0.009460
       8.160000       0.435372       0.260528       0.304100       0.041858      -0.001480       0.001743       0.009342
       8.180000       0.434910       0.260411       0.304679       0.041753      -0.001320       0.001506       0.009486
       8.200000       0.434807       0.260069       0.305124       0.041744      -0.001560       0.001584       0.009579
       8.220000       0.434335       0.259542       0.306123       0.041937      -0.001402       0.001554       0.009551
       8.240000       0.433881       0.259307       0.306813       0.041879      -0.001209       0.001792       0.009530
       8.260000       0.433406       0.259180       0.307414       0.041848      -0.001214       0.001744       0.009344
       8.280000       0.432972       0.259106       0.307922       0.041583      -0.001156       0.001767       0.009085
       8.300000       0.432735       0.259210       0.308055       0.041488      -0.001212       0.001517       0.009177
       8.320000       0.432435       0.258900       0.308665       0.041517      -0.001135       0.001685       0.009064
       8.340000       0.432151       0.258557       0.309292       0.041617      -0.000989       0.001678       0.009003
       8.360000       0.431583       0.258850       0.309566       0.041352      -0.001237       0.001599       0.008816
       8.380000       0.431156       0.258832       0.310012       0.041172      -0.001095       0.001508       0.008843
       8.400000       0.430539       0.258972       0.310489       0.041165      -0.001134       0.001298       0.008792
       8.420000       0.430571       0.258859       0.310571       0.041380      -0.001196       0.001165       0.008936
       8.440000       0.430163       0.258598       0.311239       0.041334      -0.000924       0.001189       0.008929
       8.460000       0.430107       0.258125       0.311768       0.041493      -0.000934       0.001239       0.008853
       8.480000       0.429643       0.257548       0.312809       0.041504      -0.000849       0.001078       0.008866
       8.500000       0.428698       0.257537       0.313766       0.041320      -0.000774       0.000745       0.008731
       8.520000       0.428061       0.257643       0.314296       0.041420      -0.000946       0.000626       0.008732
       8.540000       0.427991       0.257203       0.314806       0.041436      -0.000771       0.000495       0.008759
       8.560000       0.427954       0.256703       0.315342       0.041438      -0.000638       0.000290       0.008786
       8.580000       0.427688       0.256455       0.315857       0.041558      -0.000623       0.000299       0.008792
       8.600000       0.427263       0.256431       0.316306       0.041428      -0.000778       0.000040       0.008558
       8.620000       0.427184       0.255911       0.316905       0.041341      -0.000639       0.000114       0.008718
       8.640000       0.426927       0.255562       0.317511       0.041235      -0.000555      -0.000099       0.008761
       8.660000       0.426817       0.255191       0.317992       0.041255      -0.000599      -0.000045       0.008861
       8.680000       0.426594       0.254563       0.318843       0.041149      -0.000290       0.000314       0.008926
       8.700000       0.426452       0.254379       0.319169       0.041039      -0.000449       0.000276       0.009014
       8.720000       0.426317       0.254058       0.319625       0.040850      -0.000636       0.000282       0.009047
       8.740000       0.426082       0.253781       0.320137       0.040767      -0.000553       0.000078       0.009002
       8.760000       0.425867       0.253599       0.320534       0.040818      -0.000409       0.000156       0.008781
       8.780000       0.425737       0.253093       0.321170       0.041059      -0.000448      -0.000145       0.008832
       8.800000       0.424803       0.253364       0.321833       0.040860      -0.000326      -0.000115       0.008658
       8.820000       0.424543       0.253243       0.322214       0.040752      -0.000351      -0.000046       0.008674
       8.840000       0.424648       0.252887       0.322465       0.040585      -0.000500      -0.000162       0.008682
       8.860000       0.424516       0.252593       0.322891       0.040243      -0.000516      -0.000458       0.008852
       8.880000       0.424666       0.251982       0.323352       0.040174      -0.000810      -0.000436       0.008694
       8.900000       0.423889       0.251819       0.324292       0.040302      -0.001088      -0.000626       0.009026
       8.920000       0.423134       0.251959       0.324907       0.040361      -0.001124      -0.000403       0.009200
       8.940000       0.422788       0.251638       0.325575       0.040439      -0.001166      -0.000213       0.009232
       8.960000       0.422358       0.251382       0.326260       0.040541      -0.000862      -0.000037       0.009193
       8.980000       0.422039       0.251290       0.326671       0.040483      -0.000671      -0.000171       0.008999
       9.000000       0.421805       0.251016       0.327179       0.040738      -0.000802      -0.000194       0.008835
       9.020000       0.421468       0.251094       0.327438       0.040409      -0.001036      -0.000196       0.008663
       9.040000       0.420982       0.251085       0.327933       0.040439      -0.001325      -0.000332       0.008604
       9.060000       0.420641       0.251011       0.328348       0.040593      -0.001340      -0.000197       0.008814
       9.080000       0.419972       0.251014       0.329014       0.040532      -0.001676      -0.000170       0.008593
       9.100000       0.419580       0.250992       0.329427       0.040414      -0.001666      -0.000314       0.008370
       9.120000       0.419049       0.250970       0.329981       0.040350      -0.001723      -0.000411       0.008510
       9.140000       0.418808       0.250645       0.330547       0.040163      -0.001816      -0.000648       0.008512
       9.160000       0.418536       0.250454       0.331010       0.040220      -0.001918      -0.000570       0.008400
       9.180000       0.418578       0.249802       0.331620       0.040211      -0.001720      -0.000756       0.008356
       9.200000       0.418076       0.249892       0.332032       0.040190      -0.001562      -0.000789       0.008123
       9.220000       0.417774       0.249860       0.332365       0.040053      -0.001536      -0.000977       0.007991
       9.240000       0.417461       0.249651       0.332888       0.040075      -0.001080      -0.001341       0.007848
       9.260000       0.417331       0.249448       0.333220       0.040113      -0.001047      -0.001566       0.007963
       9.280000       0.416712       0.249366       0.333922       0.040106      -0.001063      -0.001681       0.008047
       9.300000       0.416516       0.249271       0.334213       0.039909      -0.001023      -0.001694       0.007691
       9.320000       0.416190       0.249305       0.334504       0.039991      -0.000835      -0.001908       0.007415
       9.340000       0.415831       0.249050       0.335118       0.039847      -0.000925      -0.002055       0.007584
       9.360000       0.415560       0.248735       0.335705       0.039795      -0.000720      -0.002362       0.007585
       9.380000       0.415596       0.248487       0.335917       0.039848      -0.000850      -0.002378       0.007625
       9.400000       0.415750       0.247907       0.336344       0.039878      -0.000901      -0.002682       0.007768
       9.420000       0.415318       0.247736       0.336946       0.039839      -0.000901      -0.002642       0.008003
       9.440000       0.415185       0.247246       0.337569       0.039992      -0.000767      -0.002752       0.008116
       9.460000       0.414974       0.246750       0.338276       0.040151      -0.000924      -0.002941       0.008333
       9.480000       0.414617       0.246516       0.338867       0.040060      -0.000712      -0.002880       0.008496
       9.500000       0.414539       0.246256       0.339205       0.040156      -0.000507      -0.002767       0.008530
       9.520000       0.414181       0.246101       0.339718       0.040124      -0.000551      -0.002635       0.008510
       9.540000       0.413567       0.245781       0.340653       0.040206      -0.000583      -0.002688       0.008628
       9.560000       0.413322       0.245479       0.341199       0.040001      -0.000325      -0.002965       0.008524
       9.580000       0.413003       0.245554       0.341444       0.039873      -0.000201      -0.003015       0.008545
       9.600000       0.412538       0.245375       0.342087       0.039689      -0.000410      -0.002928       0.008627
       9.620000       0.412417       0.245323       0.342260       0.039844      -0.000320      -0.003097       0.008591
       9.640000       0.412447       0.244718       0.342835       0.039778      -0.000317      -0.003101       0.008723
       9.660000       0.412574       0.244417       0.343008       0.039694      -0.000290      -0.003284       0.008926
       9.680000       0.412320       0.244023       0.343657       0.039770      -0.000423      -0.003134       0.008710
       9.700000       0.412261       0.243773       0.343966       0.039746      -0.000571      -0.003253       0.008649
       9.720000       0.412084       0.243654       0.344262       0.039717      -0.000647      -0.003060       0.008760
       9.740000       0.411849       0.243450       0.344701       0.039766      -0.000930      -0.002708       0.008530
       9.760000       0.411578       0.243302       0.345120       0.039801      -0.000710      -0.002746       0.008400
       9.780000       0.411137       0.243416       0.345446       0.039697      -0.000848      -0.002715       0.008492
       9.800000       0.410883       0.243609       0.345508       0.039567      -0.000835      -0.002745       0.008275
       9.820000       0.410487       0.243288       0.346225       0.039619      -0.001025      -0.002714       0.008147
       9.840000       0.409989       0.243054       0.346957       0.039426      -0.001046      -0.002574       0.008389
       9.860000       0.409521       0.242993       0.347486       0.039307      -0.000816      -0.002818       0.008368
       9.880000       0.409256       0.242812       0.347932       0.039201      -0.001074      -0.002738       0.008411
       9.900000       0.408705       0.242574       0.348720       0.039339      -0.001136      -0.002768       0.008294
       9.920000       0.408662       0.242132       0.349206       0.039410      -0.001402      -0.002860       0.008191
       9.940000       0.408376       0.242085       0.349539       0.039399      -0.001260      -0.002940       0.008252
       9.960000       0.408007       0.242193       0.349800       0.039577      -0.001373      -0.002753       0.008385
       9.980000       0.407892       0.241844       0.350265       0.039840      -0.001371      -0.002753       0.007999
      10.000000       0.407625       0.241860       0.350515       0.039670      -0.001591      -0.003112       0.007847
