       0.000000       0.000000       0.000000       0.000000       0.000000       0.000000       1.000000       0.000000       0.000000       0.000000       0.000000       0.000000
       0.020000       0.000000       0.000000       0.000000       0.000000       0.000000       1.000000       0.000000       0.000000       0.000000       0.000000       0.000000
       0.040000       0.000000       0.000000       0.000000       0.000000       0.000000       1.000000       0.000000       0.000000       0.000000       0.000000       0.000000
       0.060000       0.000000       0.000000       0.000000       0.000000       0.000000       1.000000       0.000000       0.000000       0.000000       0.000000       0.000000
       0.080000       0.000000       0.000000       0.000000       0.000000       0.000008       0.999992       0.000000       0.000000       0.000000       0.000000       0.000000
       0.100000       0.000000       0.000000       0.000000       0.000010       0.000344       0.999643       0.000004       0.000000       0.000000       0.000000       0.000000
       0.120000       0.000006       0.000002       0.000000       0.000134       0.001845       0.997983       0.000030       0.000000       0.000000       0.000000       0.000000
       0.140000       0.000041       0.000062       0.000005       0.000601       0.005752       0.993344       0.000195       0.000000       0.000000       0.000000       0.000000
       0.160000       0.000173       0.000183       0.000027       0.001371       0.012892       0.984705       0.000648       0.000000       0.000000       0.000000       0.000000
       0.180000       0.000407       0.000436       0.000116       0.002900       0.024240       0.970387       0.001513       0.000000       0.000000       0.000000       0.000000
       0.200000       0.000813       0.000832       0.000337       0.005044       0.040409       0.949770       0.002795      -0.000002      -0.000001       0.000000       0.000000
       0.220000       0.001326       0.001364       0.000665       0.008084       0.060718       0.923117       0.004725      -0.000006      -0.000003       0.000002       0.000001
       0.240000       0.002082       0.002082       0.001161       0.011734       0.083722       0.892031       0.007188      -0.000016      -0.000003       0.000003       0.000005
       0.260000       0.002922       0.002888       0.001806       0.015928       0.108580       0.857717       0.010159      -0.000016      -0.000005      -0.000002       0.000011
       0.280000       0.003902       0.003796       0.002680       0.020846       0.132817       0.822249       0.013710      -0.000023      -0.000010      -0.000000       0.000019
       0.300000       0.004897       0.004821       0.003671       0.025822       0.155511       0.787206       0.018072      -0.000021      -0.000013       0.000014       0.000029
       0.320000       0.005852       0.006064       0.004790       0.030970       0.177646       0.752179       0.022499      -0.000020      -0.000015       0.000022       0.000059
       0.340000       0.007038       0.007012       0.005839       0.036214       0.197543       0.719139       0.027216      -0.000022      -0.000009       0.000014       0.000070
       0.360000       0.008009       0.008035       0.007232       0.041275       0.214871       0.688580       0.031998      -0.000021      -0.000000       0.000032       0.000091
       0.380000       0.009132       0.009265       0.008283       0.046190       0.230788       0.659434       0.036908      -0.000031       0.000006       0.000035       0.000117
       0.400000       0.010230       0.010481       0.009330       0.051407       0.244688       0.632297       0.041566      -0.000024      -0.000003       0.000058       0.000111
       0.420000       0.011125       0.011275       0.010685       0.056026       0.257173       0.607934       0.045781      -0.000041      -0.000011       0.000100       0.000099
       0.440000       0.012020       0.012102       0.011859       0.061109       0.268494       0.584242       0.050174      -0.000050      -0.000020       0.000097       0.000120
       0.460000       0.012562       0.012788       0.013128       0.065743       0.278749       0.562278       0.054752      -0.000052      -0.000018       0.000109       0.000083
       0.480000       0.013272       0.013559       0.014195       0.069922       0.287953       0.542005       0.059094      -0.000049      -0.000008       0.000119       0.000095
       0.500000       0.013926       0.014332       0.015176       0.073689       0.296159       0.523791       0.062927      -0.000059      -0.000001       0.000129       0.000102
       0.520000       0.014218       0.015109       0.016132       0.077667       0.303753       0.506600       0.066521      -0.000062      -0.000021       0.000129       0.000116
       0.540000       0.014707       0.015483       0.017282       0.081258       0.310225       0.491091       0.069955      -0.000062      -0.000024       0.000139       0.000099
       0.560000       0.015007       0.015947       0.018391       0.084906       0.316107       0.476136       0.073506      -0.000062      -0.000050       0.000167       0.000087
       0.580000       0.014996       0.016387       0.019511       0.088819       0.321588       0.462740       0.075958      -0.000053      -0.000031       0.000185       0.000088
       0.600000       0.015101       0.016704       0.019891       0.092409       0.325318       0.452259       0.078318      -0.000054      -0.000048       0.000178       0.000072
       0.620000       0.014991       0.017068       0.020626       0.095418       0.329475       0.441748       0.080674      -0.000049      -0.000069       0.000178       0.000071
       0.640000       0.014941       0.017613       0.021765       0.099333       0.333352       0.430042       0.082954      -0.000029      -0.000094       0.000193       0.000083
       0.660000       0.014934       0.017534       0.022446       0.102689       0.336609       0.420273       0.085515      -0.000034      -0.000084       0.000190       0.000072
       0.680000       0.014653       0.017608       0.023242       0.106658       0.338191       0.412262       0.087386      -0.000037      -0.000065       0.000200       0.000028
       0.700000       0.014463       0.017753       0.023864       0.109557       0.340819       0.404500       0.089044      -0.000054      -0.000069       0.000218       0.000016
       0.720000       0.014333       0.018013       0.024113       0.112749       0.342834       0.397600       0.090358      -0.000046      -0.000050       0.000224       0.000075
       0.740000       0.014158       0.018125       0.024735       0.115481       0.344642       0.391219       0.091641      -0.000045      -0.000053       0.000218       0.000048
       0.760000       0.014007       0.018255       0.024976       0.118370       0.346130       0.385480       0.092782      -0.000031      -0.000050       0.000221       0.000022
       0.780000       0.013704       0.018235       0.025479       0.120915       0.346371       0.381465       0.093831      -0.000031      -0.000063       0.000224       0.000018
       0.800000       0.013704       0.018405       0.025974       0.122521       0.346819       0.378093       0.094485      -0.000027      -0.000058       0.000224       0.000006
       0.820000       0.013484       0.018161       0.026225       0.124974       0.346439       0.375433       0.095284      -0.000033      -0.000068       0.000244       0.000035
       0.840000       0.013310       0.018193       0.026788       0.126699       0.345770       0.373749       0.095490      -0.000030      -0.000076       0.000236       0.000012
       0.860000       0.013190       0.018306       0.026883       0.127950       0.344454       0.372974       0.096245      -0.000025      -0.000061       0.000181      -0.000026
       0.880000       0.013112       0.018382       0.026954       0.128840       0.343207       0.372234       0.097271      -0.000042      -0.000041       0.000153      -0.000032
       0.900000       0.013070       0.018438       0.027196       0.130218       0.341372       0.372382       0.097324      -0.000060      -0.000052       0.000180      -0.000047
       0.920000       0.013254       0.018205       0.027838       0.131370       0.338689       0.372803       0.097841      -0.000035      -0.000044       0.000185      -0.000035
       0.940000       0.013254       0.018402       0.028465       0.132225       0.335950       0.373028       0.098677      -0.000041      -0.000048       0.000179      -0.000040
       0.960000       0.013630       0.018757       0.029025       0.133525       0.332024       0.373732       0.099308      -0.000050      -0.000041       0.000186      -0.000030
       0.980000       0.013861       0.019270       0.029168       0.133477       0.329030       0.374025       0.101169      -0.000050      -0.000007       0.000191      -0.000050
       1.000000       0.014087       0.019458       0.029659       0.133810       0.324894       0.375921       0.102171      -0.000060      -0.000011       0.000152      -0.000081
       1.020000       0.014574       0.019902       0.030193       0.133554       0.320300       0.378041       0.103436      -0.000046      -0.000003       0.000148      -0.000100
       1.040000       0.014902       0.020304       0.030571       0.133510       0.315637       0.380442       0.104632      -0.000061      -0.000022       0.000149      -0.000094
       1.060000       0.015345       0.020651       0.030902       0.133694       0.310336       0.383230       0.105841      -0.000098      -0.000020       0.000126      -0.000102
       1.080000       0.015664       0.021053       0.031667       0.133432       0.304664       0.386380       0.107140      -0.000085      -0.000009       0.000095      -0.000122
       1.100000       0.016203       0.021646       0.032207       0.133280       0.299312       0.389016       0.108336      -0.000077      -0.000034       0.000103      -0.000109
       1.120000       0.016795       0.022325       0.032855       0.132352       0.293441       0.392342       0.109890      -0.000066      -0.000016       0.000111      -0.000122
       1.140000       0.017515       0.022619       0.033458       0.131713       0.287864       0.395171       0.111660      -0.000050       0.000005       0.000110      -0.000102
       1.160000       0.018314       0.023357       0.034573       0.131097       0.282283       0.397403       0.112973      -0.000048       0.000007       0.000095      -0.000099
       1.180000       0.019195       0.023668       0.034981       0.130732       0.277277       0.399656       0.114491      -0.000061       0.000010       0.000097      -0.000091
       1.200000       0.019862       0.024266       0.035502       0.130297       0.271479       0.402636       0.115959      -0.000070       0.000029       0.000082      -0.000081
       1.220000       0.020702       0.025100       0.036051       0.129655       0.266057       0.404841       0.117595      -0.000062       0.000034       0.000064      -0.000109
       1.240000       0.021496       0.025710       0.036646       0.128887       0.261365       0.407075       0.118821      -0.000071       0.000045       0.000029      -0.000115
       1.260000       0.022452       0.026076       0.037070       0.127995       0.255819       0.410142       0.120446      -0.000075       0.000034       0.000005      -0.000142
       1.280000       0.023397       0.026315       0.037736       0.126989       0.251324       0.412344       0.121894      -0.000084       0.000041       0.000006      -0.000122
       1.300000       0.024140       0.026659       0.038481       0.126163       0.247269       0.413950       0.123337      -0.000099       0.000026       0.000032      -0.000075
       1.320000       0.025132       0.026980       0.039446       0.124656       0.243894       0.415577       0.124314      -0.000112       0.000032       0.000016      -0.000083
       1.340000       0.025645       0.027602       0.039908       0.123536       0.240918       0.416385       0.126006      -0.000095       0.000035       0.000018      -0.000079
       1.360000       0.026460       0.028129       0.040909       0.123319       0.236925       0.417206       0.127052      -0.000121       0.000047       0.000029      -0.000065
       1.380000       0.027007       0.028401       0.041724       0.123508       0.233802       0.417254       0.128303      -0.000112       0.000021       0.000030      -0.000068
       1.400000       0.027964       0.028769       0.042322       0.122962       0.231130       0.417398       0.129456      -0.000089      -0.000010      -0.000001      -0.000036
       1.420000       0.028705       0.029264       0.042766       0.122331       0.228835       0.417224       0.130876      -0.000103       0.000019      -0.000007      -0.000032
       1.440000       0.029603       0.029515       0.043498       0.121945       0.226922       0.416421       0.132096      -0.000125       0.000001       0.000024      -0.000033
       1.460000       0.029813       0.029646       0.044201       0.122175       0.225165       0.415255       0.133747      -0.000126      -0.000028       0.000022      -0.000059
       1.480000       0.030432       0.029847       0.044825       0.121892       0.223978       0.414545       0.134480      -0.000108      -0.000015       0.000016      -0.000066
       1.500000       0.030888       0.030298       0.045914       0.121847       0.222342       0.413092       0.135618      -0.000127      -0.000010       0.000018      -0.000051
       1.520000       0.031202       0.030488       0.046689       0.121975       0.220820       0.412501       0.136325      -0.000142      -0.000026      -0.000002      -0.000104
       1.540000       0.031497       0.030751       0.047662       0.121765       0.219405       0.411707       0.137214      -0.000123      -0.000032      -0.000002      -0.000056
       1.560000       0.031663       0.030973       0.048302       0.121828       0.218851       0.409601       0.138782      -0.000124      -0.000031      -0.000005      -0.000033
       1.580000       0.032019       0.031066       0.048915       0.122138       0.218418       0.407379       0.140065      -0.000125      -0.000027       0.000013      -0.000015
       1.600000       0.032417       0.031829       0.049479       0.122629       0.217775       0.404743       0.141129      -0.000113      -0.000038      -0.000006      -0.000027
       1.620000       0.033057       0.032028       0.050228       0.122096       0.218324       0.402830       0.141437      -0.000101      -0.000061      -0.000022      -0.000040
       1.640000       0.033430       0.032617       0.050848       0.122162       0.218578       0.399653       0.142711      -0.000127      -0.000071      -0.000045      -0.000039
       1.660000       0.033372       0.033496       0.051603       0.122622       0.218642       0.397181       0.143085      -0.000144      -0.000091      -0.000042      -0.000051
       1.680000       0.033848       0.033823       0.052728       0.123190       0.218357       0.393873       0.144181      -0.000131      -0.000078      -0.000010      -0.000060
       1.700000       0.034112       0.034381       0.053655       0.123619       0.218726       0.390853       0.144653      -0.000141      -0.000104      -0.000076      -0.000064
       1.720000       0.034328       0.035083       0.054355       0.123795       0.219661       0.387450       0.145328      -0.000118      -0.000093      -0.000058      -0.000054
       1.740000       0.034648       0.035555       0.055061       0.124013       0.219486       0.384873       0.146364      -0.000127      -0.000092      -0.000038      -0.000066
       1.760000       0.034902       0.036103       0.055858       0.124426       0.219462       0.382063       0.147187      -0.000145      -0.000091      -0.000005      -0.000066
       1.780000       0.035137       0.036461       0.056556       0.124536       0.221233       0.377925       0.148151      -0.000136      -0.000115      -0.000006      -0.000021
       1.800000       0.035545       0.036841       0.057019       0.125612       0.222239       0.374056       0.148686      -0.000150      -0.000109      -0.000006      -0.000096
       1.820000       0.035857       0.037495       0.057755       0.126313       0.223710       0.369625       0.149245      -0.000149      -0.000132      -0.000020      -0.000076
       1.840000       0.036085       0.038077       0.058876       0.126381       0.226211       0.364922       0.149447      -0.000169      -0.000130       0.000009      -0.000108
       1.860000       0.036320       0.038747       0.059677       0.127267       0.227083       0.360876       0.150029      -0.000175      -0.000121       0.000039      -0.000045
       1.880000       0.037119       0.038973       0.060216       0.128229       0.228175       0.356504       0.150785      -0.000166      -0.000147       0.000022      -0.000025
       1.900000       0.037303       0.039505       0.061206       0.129123       0.229693       0.351734       0.151435      -0.000167      -0.000113       0.000076      -0.000041
       1.920000       0.037787       0.040268       0.061931       0.129683       0.230587       0.347203       0.152541      -0.000150      -0.000102       0.000033      -0.000072
       1.940000       0.038044       0.040878       0.062932       0.130848       0.232185       0.341693       0.153420      -0.000156      -0.000124       0.000041      -0.000073
       1.960000       0.038416       0.041405       0.063700       0.131752       0.233763       0.337761       0.153202      -0.000147      -0.000143      -0.000001      -0.000079
       1.980000       0.038812       0.042272       0.064610       0.132408       0.235381       0.333217       0.153299      -0.000108      -0.000154      -0.000036      -0.000133
       2.000000       0.039029       0.042958       0.065700       0.133621       0.236022       0.328892       0.153778      -0.000124      -0.000155      -0.000032      -0.000117
       2.020000       0.039094       0.043254       0.066863       0.134873       0.237740       0.324486       0.153690      -0.000125      -0.000178      -0.000064      -0.000086
       2.040000       0.039593       0.043640       0.067434       0.135388       0.239187       0.320650       0.154107      -0.000111      -0.000136      -0.000108      -0.000146
       2.060000       0.040381       0.043712       0.068180       0.136319       0.240589       0.316254       0.154565      -0.000112      -0.000099      -0.000111      -0.000073
       2.080000       0.040538       0.043927       0.068984       0.137703       0.241739       0.312377       0.154732      -0.000121      -0.000101      -0.000081      -0.000030
       2.100000       0.040931       0.044273       0.069610       0.138997       0.244047       0.307409       0.154733      -0.000117      -0.000106      -0.000127      -0.000010
       2.120000       0.041426       0.044837       0.070132       0.140453       0.245321       0.303024       0.154809      -0.000114      -0.000087      -0.000142      -0.000005
       2.140000       0.041694       0.045294       0.070862       0.141077       0.245903       0.299508       0.155661      -0.000111      -0.000053      -0.000118       0.000018
       2.160000       0.041739       0.045629       0.071748       0.142159       0.245883       0.296815       0.156027      -0.000112      -0.000079      -0.000085      -0.000022
       2.180000       0.042208       0.046156       0.072551       0.143034       0.247007       0.293454       0.155589      -0.000134      -0.000074      -0.000094      -0.000041
       2.200000       0.042704       0.046381       0.073185       0.143623       0.247523       0.290304       0.156281      -0.000134      -0.000079      -0.000070      -0.000041
       2.220000       0.043435       0.046743       0.074235       0.144316       0.247435       0.287285       0.156551      -0.000150      -0.000051      -0.000068      -0.000078
       2.240000       0.043834       0.047124       0.074845       0.145181       0.247696       0.284781       0.156538      -0.000131      -0.000025      -0.000062      -0.000047
       2.260000       0.044079       0.047975       0.076000       0.146607       0.246919       0.281772       0.156649      -0.000159      -0.000000      -0.000012      -0.000006
       2.280000       0.044275       0.048457       0.077013       0.147838       0.246742       0.278735       0.156939      -0.000174      -0.000009      -0.000042      -0.000034
       2.300000       0.044639       0.048648       0.077524       0.148544       0.247501       0.276316       0.156828      -0.000197      -0.000001       0.000030      -0.000058
       2.320000       0.045130       0.048781       0.078081       0.149140       0.248417       0.273502       0.156950      -0.000230       0.000029      -0.000009      -0.000087
       2.340000       0.045063       0.049033       0.078779       0.149587       0.248284       0.271829       0.157425      -0.000226       0.000022      -0.000042      -0.000068
       2.360000       0.045758       0.049004       0.079093       0.150566       0.247523       0.270023       0.158032      -0.000189      -0.000001      -0.000073      -0.000056
       2.380000       0.046121       0.049491       0.079622       0.151519       0.247491       0.267492       0.158263      -0.000164       0.000002      -0.000029      -0.000088
       2.400000       0.046764       0.049629       0.080327       0.153009       0.246958       0.265560       0.157753      -0.000167       0.000004      -0.000068      -0.000074
       2.420000       0.047522       0.050007       0.081154       0.153572       0.246322       0.263759       0.157663      -0.000139      -0.000010      -0.000084      -0.000064
       2.440000       0.047714       0.050163       0.081510       0.153559       0.246118       0.262900       0.158036      -0.000157       0.000010      -0.000068      -0.000052
       2.460000       0.048422       0.050313       0.082292       0.154481       0.245334       0.261208       0.157950      -0.000152      -0.000030      -0.000074      -0.000030
       2.480000       0.048732       0.050525       0.083260       0.155271       0.244277       0.259966       0.157969      -0.000139       0.000003      -0.000040       0.000021
       2.500000       0.049612       0.050862       0.084209       0.155272       0.243721       0.258983       0.157341      -0.000093       0.000030      -0.000042      -0.000036
       2.520000       0.050450       0.050791       0.085115       0.155785       0.242606       0.258108       0.157146      -0.000081       0.000012      -0.000020      -0.000036
       2.540000       0.050667       0.051271       0.085815       0.156807       0.241285       0.257063       0.157091      -0.000089       0.000064      -0.000031      -0.000059
       2.560000       0.051346       0.051336       0.086626       0.156693       0.240007       0.256017       0.157976      -0.000061       0.000083      -0.000067      -0.000044
       2.580000       0.051486       0.051776       0.087634       0.157160       0.238812       0.254880       0.158252      -0.000031       0.000054      -0.000061      -0.000059
       2.600000       0.051898       0.051877       0.088673       0.157569       0.237616       0.253772       0.158596      -0.000071       0.000062      -0.000067      -0.000077
       2.620000       0.052353       0.052121       0.090088       0.157736       0.235964       0.253108       0.158630      -0.000082       0.000047      -0.000077      -0.000067
       2.640000       0.053242       0.051644       0.090620       0.158325       0.235061       0.252059       0.159049      -0.000097       0.000075      -0.000104      -0.000102
       2.660000       0.053630       0.051554       0.091355       0.159181       0.233725       0.251529       0.159026      -0.000068       0.000078      -0.000147      -0.000110
       2.680000       0.054329       0.051457       0.092145       0.159487       0.232242       0.250932       0.159409      -0.000070       0.000095      -0.000201      -0.000089
       2.700000       0.054590       0.051718       0.092900       0.160000       0.231229       0.249925       0.159637      -0.000052       0.000103      -0.000206      -0.000127
       2.720000       0.054770       0.052165       0.093801       0.160498       0.229701       0.249604       0.159463      -0.000037       0.000060      -0.000234      -0.000054
       2.740000       0.055141       0.052249       0.094189       0.160950       0.228481       0.248960       0.160030      -0.000025       0.000075      -0.000167      -0.000030
       2.760000       0.055262       0.052013       0.095129       0.160878       0.227381       0.248755       0.160582      -0.000037       0.000023      -0.000130      -0.000057
       2.780000       0.055584       0.052202       0.096039       0.160492       0.227118       0.247932       0.160633      -0.000048       0.000010      -0.000171      -0.000106
       2.800000       0.056104       0.052373       0.097233       0.160787       0.226064       0.247000       0.160440      -0.000020       0.000032      -0.000157      -0.000078
       2.820000       0.056635       0.052031       0.097667       0.161226       0.225614       0.246345       0.160481      -0.000021       0.000051      -0.000127      -0.000100
       2.840000       0.057170       0.052339       0.098157       0.161548       0.224477       0.245574       0.160734      -0.000035       0.000052      -0.000141      -0.000083
       2.860000       0.057224       0.052498       0.098947       0.161991       0.223012       0.244997       0.161332      -0.000045       0.000052      -0.000213      -0.000073
       2.880000       0.057746       0.052598       0.099307       0.161951       0.221986       0.245057       0.161355      -0.000029       0.000042      -0.000260      -0.000075
       2.900000       0.058187       0.052461       0.100068       0.162620       0.220491       0.244307       0.161867      -0.000055       0.000022      -0.000268      -0.000085
       2.920000       0.058823       0.052657       0.100751       0.162937       0.219762       0.243259       0.161811      -0.000057       0.000054      -0.000273      -0.000088
       2.940000       0.058905       0.052935       0.101597       0.163067       0.218982       0.242781       0.161733      -0.000048       0.000010      -0.000269      -0.000065
       2.960000       0.059528       0.052886       0.102500       0.163389       0.217666       0.241790       0.162241      -0.000041       0.000015      -0.000213      -0.000108
       2.980000       0.059897       0.053190       0.103188       0.163189       0.216763       0.240881       0.162892      -0.000027       0.000047      -0.000230      -0.000107
       3.000000       0.060164       0.053228       0.103816       0.163366       0.216283       0.239782       0.163361      -0.000012       0.000048      -0.000282      -0.000182
       3.020000       0.060459       0.053452       0.104029       0.163862       0.215554       0.239027       0.163618      -0.000014       0.000070      -0.000260      -0.000171
       3.040000       0.061049       0.053745       0.105433       0.163353       0.214177       0.238573       0.163670      -0.000010       0.000022      -0.000245      -0.000076
       3.060000       0.061337       0.053884       0.105901       0.163977       0.213305       0.237360       0.164237       0.000004      -0.000012      -0.000282      -0.000081
       3.080000       0.061549       0.053976       0.106782       0.164258       0.213220       0.236349       0.163868      -0.000039      -0.000037      -0.000278      -0.000009
       3.100000       0.061523       0.054543       0.107470       0.165191       0.212560       0.235039       0.163675      -0.000021      -0.000032      -0.000281      -0.000092
       3.120000       0.061648       0.054409       0.108386       0.165082       0.212128       0.234015       0.164332       0.000018      -0.000071      -0.000244      -0.000050
       3.140000       0.061941       0.054779       0.108901       0.165273       0.211577       0.232944       0.164585       0.000049      -0.000049      -0.000257      -0.000064
       3.160000       0.062696       0.055193       0.109360       0.165324       0.211186       0.232144       0.164095       0.000078      -0.000076      -0.000255      -0.000084
       3.180000       0.063212       0.055581       0.109467       0.165825       0.210755       0.231103       0.164057       0.000092      -0.000037      -0.000229      -0.000105
       3.200000       0.063186       0.055340       0.111009       0.166558       0.209975       0.229854       0.164078       0.000056      -0.000079      -0.000302      -0.000180
       3.220000       0.063739       0.055360       0.111693       0.166960       0.209156       0.229082       0.164010      -0.000000      -0.000075      -0.000304      -0.000145
       3.240000       0.064320       0.055395       0.112489       0.167040       0.208198       0.227784       0.164775      -0.000016      -0.000073      -0.000309      -0.000137
       3.260000       0.064550       0.055749       0.113323       0.166766       0.208741       0.226127       0.164743      -0.000025      -0.000070      -0.000293      -0.000166
       3.280000       0.064959       0.056328       0.113986       0.167296       0.207884       0.224247       0.165300      -0.000033      -0.000034      -0.000288      -0.000115
       3.300000       0.065260       0.056289       0.114856       0.167270       0.207271       0.223030       0.166023       0.000003      -0.000032      -0.000299      -0.000126
       3.320000       0.065696       0.056587       0.115717       0.167068       0.207063       0.221528       0.166340       0.000047      -0.000087      -0.000232      -0.000164
       3.340000       0.065706       0.056969       0.116365       0.167003       0.207547       0.219329       0.167082       0.000055      -0.000067      -0.000244      -0.000229
       3.360000       0.066148       0.057425       0.117611       0.167088       0.207235       0.218185       0.166308       0.000086      -0.000018      -0.000255      -0.000289
       3.380000       0.067032       0.057535       0.118380       0.167259       0.206776       0.216917       0.166103       0.000104       0.000012      -0.000271      -0.000273
       3.400000       0.067449       0.057685       0.119032       0.167183       0.206360       0.215653       0.166639       0.000125       0.000044      -0.000298      -0.000258
       3.420000       0.067983       0.058003       0.118801       0.167464       0.206429       0.214781       0.166538       0.000079       0.000029      -0.000318      -0.000263
       3.440000       0.068326       0.058293       0.119493       0.168056       0.206167       0.213124       0.166542       0.000098       0.000018      -0.000336      -0.000225
       3.460000       0.067990       0.058599       0.119963       0.169674       0.205520       0.211717       0.166537       0.000105      -0.000031      -0.000359      -0.000192
       3.480000       0.068730       0.058827       0.121140       0.169591       0.204627       0.210357       0.166729       0.000073      -0.000023      -0.000367      -0.000181
       3.500000       0.068844       0.058445       0.121985       0.170130       0.204744       0.208994       0.166856       0.000065      -0.000014      -0.000343      -0.000186
       3.520000       0.069100       0.058563       0.122621       0.170505       0.204624       0.207705       0.166882       0.000093      -0.000050      -0.000309      -0.000143
       3.540000       0.069679       0.059046       0.123724       0.170641       0.203915       0.206799       0.166197       0.000076      -0.000075      -0.000359      -0.000122
       3.560000       0.069748       0.059221       0.124646       0.171047       0.203607       0.205227       0.166504       0.000118      -0.000075      -0.000356      -0.000139
       3.580000       0.069909       0.059718       0.125694       0.171939       0.202795       0.204418       0.165528       0.000112      -0.000056      -0.000410      -0.000082
       3.600000       0.070165       0.060204       0.126234       0.172079       0.202383       0.203660       0.165275       0.000106      -0.000020      -0.000454      -0.000066
       3.620000       0.070598       0.060515       0.127298       0.172805       0.201894       0.202215       0.164675       0.000120      -0.000024      -0.000442      -0.000015
       3.640000       0.071051       0.060493       0.128230       0.173476       0.201067       0.201183       0.164499       0.000103      -0.000028      -0.000415       0.000023
       3.660000       0.071426       0.060555       0.129329       0.173690       0.201308       0.199606       0.164085       0.000105      -0.000039      -0.000379       0.000012
       3.680000       0.071577       0.060630       0.130346       0.173650       0.201248       0.198123       0.164427       0.000114      -0.000056      -0.000361      -0.000078
       3.700000       0.071979       0.060796       0.131040       0.173887       0.201269       0.196555       0.164475       0.000108      -0.000049      -0.000399      -0.000147
       3.720000       0.071715       0.061002       0.131668       0.174282       0.201401       0.195249       0.164682       0.000134      -0.000072      -0.000350      -0.000190
       3.740000       0.071913       0.061092       0.132683       0.175004       0.200603       0.193828       0.164878       0.000164      -0.000051      -0.000339      -0.000179
       3.760000       0.071940       0.061364       0.133099       0.175677       0.200370       0.192302       0.165248       0.000164      -0.000022      -0.000366      -0.000162
       3.780000       0.072124       0.061733       0.133730       0.175107       0.200432       0.191511       0.165363       0.000128      -0.000006      -0.000386      -0.000214
       3.800000       0.072030       0.061609       0.134600       0.175778       0.199924       0.190110       0.165948       0.000122      -0.000017      -0.000432      -0.000197
       3.820000       0.072909       0.061933       0.135286       0.175991       0.199569       0.188704       0.165606       0.000117      -0.000033      -0.000432      -0.000179
       3.840000       0.072699       0.061813       0.136181       0.176870       0.198533       0.187894       0.166010       0.000133      -0.000029      -0.000537      -0.000142
       3.860000       0.073139       0.062321       0.136886       0.176670       0.198795       0.186716       0.165473       0.000119       0.000052      -0.000523      -0.000144
       3.880000       0.073311       0.062317       0.137759       0.176905       0.198435       0.185884       0.165388       0.000109       0.000050      -0.000545      -0.000115
       3.900000       0.073279       0.062195       0.138487       0.177845       0.197995       0.184756       0.165444       0.000158       0.000084      -0.000581      -0.000012
       3.920000       0.073474       0.062432       0.139735       0.178572       0.197094       0.183366       0.165328       0.000115       0.000073      -0.000492       0.000036
       3.940000       0.073684       0.062720       0.140363       0.178528       0.197279       0.182614       0.164812       0.000150       0.000059      -0.000485      -0.000008
       3.960000       0.074094       0.062315       0.141583       0.177898       0.197403       0.181957       0.164750       0.000154       0.000023      -0.000497       0.000027
       3.980000       0.074723       0.062216       0.141304       0.178554       0.197571       0.181154       0.164478       0.000100      -0.000012      -0.000473       0.000025
       4.000000       0.074959       0.062258       0.141776       0.179018       0.197162       0.181070       0.163756       0.000169      -0.000006      -0.000443       0.000029
       4.020000       0.074733       0.062688       0.142817       0.179073       0.196455       0.180348       0.163886       0.000153       0.000001      -0.000414       0.000018
       4.040000       0.075117       0.062985       0.143976       0.178629       0.195619       0.179747       0.163928       0.000181       0.000029      -0.000459      -0.000025
       4.060000       0.075540       0.063657       0.144969       0.179068       0.194629       0.177860       0.164276       0.000180       0.000019      -0.000426       0.000035
       4.080000       0.076121       0.063253       0.145281       0.179416       0.194473       0.177233       0.164222       0.000141       0.000037      -0.000434      -0.000014
       4.100000       0.076188       0.063344       0.145335       0.179853       0.194507       0.176268       0.164505       0.000175       0.000027      -0.000497      -0.000050
       4.120000       0.076971       0.063399       0.145263       0.180976       0.194183       0.175511       0.163697       0.000199      -0.000019      -0.000529      -0.000057
       4.140000       0.077087       0.064014       0.146321       0.180522       0.193712       0.174831       0.163512       0.000222       0.000010      -0.000540      -0.000026
       4.160000       0.077052       0.064392       0.147041       0.180610       0.192847       0.174007       0.164050       0.000242       0.000034      -0.000532       0.000020
       4.180000       0.077236       0.064464       0.147486       0.181366       0.191869       0.173068       0.164511       0.000256       0.000020      -0.000511      -0.000023
       4.200000       0.077445       0.064548       0.147945       0.181387       0.192503       0.171984       0.164188       0.000270      -0.000021      -0.000456      -0.000053
       4.220000       0.078270       0.064824       0.148120       0.181375       0.191124       0.171441       0.164845       0.000270      -0.000042      -0.000381       0.000038
       4.240000       0.078544       0.064969       0.148890       0.181115       0.190779       0.170890       0.164814       0.000296      -0.000029      -0.000432       0.000015
       4.260000       0.079153       0.064886       0.149434       0.181900       0.189910       0.170021       0.164696       0.000307      -0.000031      -0.000476      -0.000083
       4.280000       0.079212       0.065087       0.150064       0.182176       0.189080       0.169434       0.164947       0.000333       0.000046      -0.000502      -0.000063
       4.300000       0.079484       0.064913       0.150839       0.182848       0.188722       0.169046       0.164147       0.000317       0.000043      -0.000499      -0.000057
       4.320000       0.079572       0.064782       0.151072       0.183110       0.188937       0.168659       0.163867       0.000250       0.000034      -0.000471      -0.000064
       4.340000       0.079748       0.064256       0.151649       0.183708       0.188959       0.167655       0.164026       0.000250      -0.000008      -0.000433      -0.000098
       4.360000       0.079928       0.064342       0.152704       0.183297       0.189011       0.166895       0.163823       0.000294      -0.000044      -0.000460      -0.000064
       4.380000       0.080175       0.064674       0.153423       0.183066       0.188910       0.166243       0.163509       0.000346      -0.000050      -0.000379      -0.000050
       4.400000       0.080166       0.064793       0.153847       0.183966       0.188325       0.165687       0.163216       0.000322      -0.000043      -0.000394      -0.000130
       4.420000       0.080322       0.065150       0.153994       0.184083       0.188456       0.164576       0.163419       0.000308      -0.000017      -0.000418      -0.000117
       4.440000       0.080398       0.065160       0.154978       0.183788       0.187966       0.164046       0.163664       0.000298       0.000018      -0.000472      -0.000157
       4.460000       0.080170       0.065259       0.155764       0.183781       0.187624       0.164077       0.163323       0.000300       0.000031      -0.000514      -0.000147
       4.480000       0.080144       0.065271       0.156437       0.183718       0.186789       0.163794       0.163847       0.000312       0.000018      -0.000548      -0.000177
       4.500000       0.080892       0.065618       0.157031       0.183734       0.186183       0.162910       0.163632       0.000318      -0.000028      -0.000552      -0.000111
       4.520000       0.081354       0.065417       0.157480       0.184199       0.185298       0.162762       0.163489       0.000361      -0.000023      -0.000562      -0.000139
       4.540000       0.081813       0.065845       0.157873       0.183100       0.185191       0.162007       0.164172       0.000342      -0.000052      -0.000571      -0.000191
       4.560000       0.082165       0.065630       0.159231       0.183233       0.184989       0.161062       0.163689       0.000377      -0.000031      -0.000612      -0.000217
       4.580000       0.082597       0.066268       0.159484       0.183401       0.184175       0.160444       0.163630       0.000366      -0.000078      -0.000586      -0.000220
       4.600000       0.082777       0.066433       0.160401       0.182750       0.184007       0.159728       0.163905       0.000379      -0.000033      -0.000642      -0.000186
       4.620000       0.083065       0.065866       0.161249       0.183970       0.183880       0.158565       0.163404       0.000363      -0.000001      -0.000693      -0.000214
       4.640000       0.083235       0.066041       0.162137       0.183496       0.183178       0.158511       0.163401       0.000359      -0.000000      -0.000697      -0.000176
       4.660000       0.083428       0.066132       0.163180       0.183861       0.182441       0.157650       0.163307       0.000369      -0.000018      -0.000700      -0.000200
       4.680000       0.083824       0.065839       0.163836       0.183745       0.181609       0.157306       0.163841       0.000362      -0.000024      -0.000692      -0.000200
       4.700000       0.083970       0.065733       0.164257       0.183961       0.181084       0.156797       0.164199       0.000350      -0.000092      -0.000653      -0.000212
       4.720000       0.083668       0.065651       0.164536       0.184067       0.181340       0.156403       0.164334       0.000326      -0.000021      -0.000651      -0.000166
       4.740000       0.084527       0.065828       0.165021       0.184767       0.181152       0.155187       0.163518       0.000331      -0.000063      -0.000718      -0.000125
       4.760000       0.084882       0.066280       0.165338       0.184998       0.180933       0.154163       0.163406       0.000354      -0.000051      -0.000693      -0.000055
       4.780000       0.085472       0.066257       0.165599       0.184836       0.181096       0.153265       0.163475       0.000368      -0.000102      -0.000704      -0.000046
       4.800000       0.085265       0.066368       0.166393       0.184695       0.180548       0.153304       0.163428       0.000383      -0.000103      -0.000712      -0.000084
       4.820000       0.085494       0.066771       0.166673       0.184802       0.179888       0.153399       0.162973       0.000368      -0.000083      -0.000652      -0.000101
       4.840000       0.085754       0.066963       0.167294       0.184872       0.179346       0.152494       0.163276       0.000348      -0.000072      -0.000643      -0.000067
       4.860000       0.086057       0.066876       0.167593       0.185126       0.179529       0.151486       0.163332       0.000369      -0.000013      -0.000646      -0.000005
       4.880000       0.086144       0.067089       0.168797       0.185703       0.178695       0.150522       0.163051       0.000419      -0.000052      -0.000645       0.000026
       4.900000       0.086513       0.067293       0.169173       0.186411       0.178398       0.149741       0.162472       0.000447      -0.000033      -0.000664      -0.000012
       4.920000       0.086825       0.067707       0.169884       0.186917       0.177839       0.148623       0.162205       0.000483      -0.000049      -0.000579      -0.000035
       4.940000       0.087295       0.067653       0.170826       0.187544       0.177216       0.147783       0.161683       0.000478      -0.000016      -0.000638      -0.000058
       4.960000       0.087448       0.067520       0.171689       0.187464       0.176485       0.147171       0.162224       0.000510      -0.000051      -0.000676      -0.000074
       4.980000       0.087629       0.067813       0.172171       0.187500       0.176038       0.146961       0.161887       0.000470      -0.000016      -0.000631      -0.000167
       5.000000       0.088273       0.067753       0.173162       0.187387       0.175383       0.146369       0.161673       0.000479       0.000023      -0.000604      -0.000066
       5.020000       0.088763       0.067562       0.173703       0.187809       0.174829       0.145985       0.161349       0.000429      -0.000006      -0.000643      -0.000098
       5.040000       0.089409       0.067580       0.173888       0.188311       0.174690       0.144930       0.161191       0.000438       0.000032      -0.000647      -0.000092
       5.060000       0.089354       0.067806       0.174151       0.188200       0.174518       0.144721       0.161250       0.000438       0.000016      -0.000686      -0.000112
       5.080000       0.089867       0.067682       0.174491       0.188216       0.174894       0.143474       0.161376       0.000485      -0.000042      -0.000644      -0.000106
       5.100000       0.090068       0.068067       0.174382       0.188801       0.174355       0.143339       0.160988       0.000508      -0.000031      -0.000594      -0.000160
       5.120000       0.090222       0.067996       0.174752       0.189056       0.174065       0.142913       0.160995       0.000536       0.000012      -0.000676      -0.000152
       5.140000       0.090483       0.067984       0.175631       0.189336       0.173380       0.142208       0.160978       0.000488       0.000019      -0.000704      -0.000126
       5.160000       0.090070       0.067901       0.176326       0.189158       0.174036       0.141379       0.161130       0.000493       0.000020      -0.000694      -0.000004
       5.180000       0.089999       0.067644       0.177026       0.189247       0.174214       0.140618       0.161253       0.000553       0.000021      -0.000739      -0.000030
       5.200000       0.090659       0.067846       0.177405       0.188833       0.174084       0.140351       0.160823       0.000588      -0.000026      -0.000678       0.000096
       5.220000       0.090249       0.067889       0.178202       0.189134       0.173577       0.140046       0.160903       0.000601       0.000004      -0.000619       0.000058
       5.240000       0.090512       0.068060       0.178747       0.188765       0.173548       0.139766       0.160603       0.000607       0.000003      -0.000686       0.000044
       5.260000       0.090872       0.068259       0.179748       0.189158       0.172750       0.138812       0.160401       0.000579       0.000021      -0.000691       0.000009
       5.280000       0.091101       0.067780       0.180448       0.189428       0.172425       0.137741       0.161078       0.000554       0.000008      -0.000704      -0.000076
       5.300000       0.091124       0.067701       0.181023       0.190181       0.171682       0.137173       0.161116       0.000551      -0.000076      -0.000643      -0.000058
       5.320000       0.091439       0.067360       0.181736       0.191165       0.171414       0.136339       0.160547       0.000534      -0.000059      -0.000611      -0.000137
       5.340000       0.091842       0.067463       0.182610       0.191469       0.170851       0.135834       0.159930       0.000585      -0.000096      -0.000631      -0.000178
       5.360000       0.091837       0.068179       0.182968       0.191713       0.170615       0.135085       0.159604       0.000661      -0.000085      -0.000714      -0.000159
       5.380000       0.091359       0.068241       0.183809       0.192262       0.170144       0.134857       0.159328       0.000684      -0.000042      -0.000783      -0.000137
       5.400000       0.091251       0.068244       0.184169       0.192217       0.170424       0.134121       0.159575       0.000677       0.000037      -0.000739      -0.000150
       5.420000       0.091440       0.068232       0.184607       0.192888       0.170123       0.133626       0.159084       0.000711      -0.000002      -0.000800      -0.000159
       5.440000       0.091444       0.068569       0.185143       0.192943       0.170014       0.133178       0.158709       0.000697      -0.000013      -0.000822      -0.000030
       5.460000       0.091683       0.068708       0.185723       0.192087       0.170682       0.132420       0.158697       0.000686       0.000008      -0.000784       0.000002
       5.480000       0.091799       0.069042       0.186014       0.191877       0.170210       0.132536       0.158521       0.000645       0.000000      -0.000818      -0.000051
       5.500000       0.092088       0.069111       0.186063       0.192212       0.169530       0.132459       0.158536       0.000638       0.000027      -0.000769       0.000007
       5.520000       0.092288       0.068545       0.186880       0.192303       0.169629       0.131934       0.158421       0.000619       0.000030      -0.000764      -0.000007
       5.540000       0.092254       0.068979       0.187510       0.191964       0.169481       0.131432       0.158379       0.000649       0.000019      -0.000741      -0.000020
       5.560000       0.092256       0.069022       0.188201       0.192420       0.169630       0.130253       0.158219       0.000594       0.000002      -0.000663      -0.000064
       5.580000       0.092323       0.069229       0.188960       0.192516       0.169091       0.129843       0.158038       0.000643       0.000022      -0.000690      -0.000038
       5.600000       0.092586       0.069129       0.189586       0.192269       0.168294       0.129387       0.158749       0.000704       0.000069      -0.000726      -0.000073
       5.620000       0.092536       0.069479       0.190004       0.192092       0.167759       0.128768       0.159362       0.000737       0.000088      -0.000719      -0.000042
       5.640000       0.092352       0.069235       0.190660       0.192320       0.167516       0.128592       0.159325       0.000704       0.000066      -0.000680      -0.000052
       5.660000       0.092530       0.069705       0.191317       0.192011       0.167216       0.128312       0.158910       0.000716       0.000085      -0.000746      -0.000106
       5.680000       0.092743       0.069343       0.191402       0.192646       0.167073       0.127836       0.158957       0.000682      -0.000015      -0.000773      -0.000047
       5.700000       0.092760       0.069413       0.192237       0.193118       0.166727       0.127186       0.158558       0.000683       0.000012      -0.000763      -0.000120
       5.720000       0.093062       0.069390       0.192935       0.192866       0.166439       0.126369       0.158940       0.000664       0.000050      -0.000860      -0.000099
       5.740000       0.093718       0.069540       0.193486       0.192910       0.165489       0.125936       0.158921       0.000698       0.000050      -0.000903      -0.000188
       5.760000       0.094304       0.069329       0.194230       0.192876       0.165093       0.125722       0.158447       0.000679       0.000075      -0.001001      -0.000221
       5.780000       0.094731       0.069488       0.194820       0.193219       0.164629       0.125120       0.157993       0.000653       0.000139      -0.001025      -0.000172
       5.800000       0.094751       0.069510       0.194751       0.193558       0.164996       0.124543       0.157890       0.000642       0.000128      -0.001006      -0.000080
       5.820000       0.094748       0.069502       0.194623       0.193973       0.164564       0.124408       0.158182       0.000652       0.000055      -0.001041      -0.000019
       5.840000       0.094660       0.069950       0.196041       0.193934       0.163950       0.123942       0.157523       0.000627       0.000004      -0.001092      -0.000020
       5.860000       0.094934       0.070186       0.196497       0.193829       0.163768       0.123345       0.157442       0.000640       0.000009      -0.001033       0.000089
       5.880000       0.095672       0.070095       0.196825       0.194584       0.163036       0.122888       0.156900       0.000621       0.000039      -0.001080       0.000044
       5.900000       0.095499       0.070162       0.197605       0.194967       0.162864       0.122571       0.156333       0.000612       0.000050      -0.001036       0.000092
       5.920000       0.095868       0.069941       0.197791       0.195229       0.162810       0.121794       0.156568       0.000643       0.000100      -0.001026       0.000089
       5.940000       0.096399       0.069820       0.197612       0.195972       0.161831       0.121748       0.156618       0.000583       0.000092      -0.001018       0.000148
       5.960000       0.096021       0.070089       0.198112       0.196515       0.161484       0.121102       0.156676       0.000580       0.000109      -0.000941       0.000180
       5.980000       0.096212       0.070422       0.198921       0.196147       0.160968       0.120783       0.156548       0.000582       0.000126      -0.000856       0.000196
       6.000000       0.095937       0.070779       0.199148       0.196603       0.160364       0.120324       0.156845       0.000594       0.000137      -0.000834       0.000134
       6.020000       0.096558       0.070785       0.200098       0.196094       0.159772       0.120052       0.156641       0.000591       0.000121      -0.000771       0.000073
       6.040000       0.096469       0.070681       0.200394       0.196025       0.160408       0.119958       0.156065       0.000625       0.000087      -0.000836      -0.000036
       6.060000       0.096794       0.070703       0.200831       0.194809       0.160916       0.119875       0.156071       0.000677       0.000114      -0.000844      -0.000024
       6.080000       0.096782       0.071013       0.200696       0.195500       0.160398       0.119604       0.156006       0.000630       0.000107      -0.000855      -0.000044
       6.100000       0.096615       0.070981       0.200810       0.195439       0.160419       0.119278       0.156458       0.000669       0.000079      -0.000830      -0.000011
       6.120000       0.096862       0.070523       0.200862       0.195657       0.160491       0.119034       0.156570       0.000668       0.000088      -0.000799       0.000071
       6.140000       0.096811       0.070566       0.201796       0.195199       0.160293       0.118228       0.157107       0.000696       0.000102      -0.000777       0.000038
       6.160000       0.097246       0.070459       0.202326       0.195076       0.159579       0.118195       0.157119       0.000642       0.000121      -0.000770       0.000015
       6.180000       0.097699       0.070162       0.202622       0.195420       0.159499       0.117452       0.157145       0.000666       0.000098      -0.000819       0.000040
       6.200000       0.098208       0.070100       0.203141       0.195034       0.159713       0.117062       0.156742       0.000663       0.000073      -0.000890       0.000032
       6.220000       0.098274       0.070202       0.204017       0.195311       0.159042       0.116537       0.156615       0.000678       0.000023      -0.000841      -0.000010
       6.240000       0.098232       0.070242       0.205292       0.195192       0.158610       0.116427       0.156005       0.000646       0.000018      -0.000878      -0.000092
       6.260000       0.098693       0.070464       0.205776       0.195046       0.158486       0.115907       0.155627       0.000655      -0.000011      -0.000862      -0.000174
       6.280000       0.099503       0.070594       0.206001       0.195435       0.157534       0.115887       0.155046       0.000640      -0.000013      -0.000936      -0.000151
       6.300000       0.099764       0.070484       0.206113       0.195888       0.157222       0.115847       0.154683       0.000579       0.000020      -0.000958      -0.000171
       6.320000       0.099690       0.070176       0.206667       0.196266       0.156736       0.115646       0.154818       0.000629       0.000012      -0.000913      -0.000135
       6.340000       0.099883       0.070039       0.206973       0.196467       0.157091       0.114930       0.154617       0.000698       0.000023      -0.000921      -0.000205
       6.360000       0.100464       0.069756       0.207662       0.196916       0.156135       0.114719       0.154349       0.000754      -0.000029      -0.000882      -0.000158
       6.380000       0.100530       0.069724       0.208503       0.196632       0.156185       0.114080       0.154346       0.000741      -0.000043      -0.000880      -0.000140
       6.400000       0.100597       0.070313       0.209428       0.196466       0.155411       0.113495       0.154289       0.000762      -0.000134      -0.000911      -0.000241
       6.420000       0.100249       0.069801       0.210285       0.196926       0.155259       0.112842       0.154639       0.000699      -0.000087      -0.000906      -0.000158
       6.440000       0.100044       0.069950       0.210916       0.197339       0.155359       0.111979       0.154413       0.000755      -0.000063      -0.000859      -0.000235
       6.460000       0.100210       0.069894       0.211735       0.197309       0.154775       0.111466       0.154610       0.000782      -0.000005      -0.000849      -0.000163
       6.480000       0.101252       0.070355       0.211509       0.197538       0.153820       0.111075       0.154451       0.000788      -0.000066      -0.000866      -0.000240
       6.500000       0.101676       0.070577       0.212208       0.196571       0.154231       0.110875       0.153862       0.000780      -0.000026      -0.000930      -0.000165
       6.520000       0.101911       0.070820       0.211408       0.196763       0.154309       0.110849       0.153940       0.000714      -0.000026      -0.000916      -0.000199
       6.540000       0.102271       0.070884       0.211858       0.196853       0.153801       0.110483       0.153849       0.000754      -0.000082      -0.000887      -0.000124
       6.560000       0.102557       0.071123       0.212548       0.196466       0.153831       0.109863       0.153612       0.000742      -0.000069      -0.000867      -0.000035
       6.580000       0.102217       0.071215       0.212841       0.196466       0.154019       0.109616       0.153625       0.000785      -0.000026      -0.000979      -0.000055
       6.600000       0.102233       0.071291       0.213531       0.196923       0.153803       0.109173       0.153045       0.000835      -0.000044      -0.000977      -0.000061
       6.620000       0.102671       0.071256       0.213593       0.197395       0.153601       0.109050       0.152433       0.000813      -0.000044      -0.001065       0.000050
       6.640000       0.102560       0.071696       0.214053       0.197375       0.153298       0.108574       0.152444       0.000826       0.000025      -0.001061      -0.000001
       6.660000       0.102447       0.071688       0.214860       0.197339       0.153159       0.108360       0.152146       0.000840      -0.000004      -0.001060       0.000008
       6.680000       0.102551       0.071585       0.215127       0.197080       0.153019       0.108616       0.152022       0.000881       0.000011      -0.001086      -0.000075
       6.700000       0.102809       0.071608       0.216089       0.196646       0.153032       0.108245       0.151570       0.000912       0.000021      -0.001054      -0.000092
       6.720000       0.102434       0.071868       0.216222       0.196856       0.153454       0.107615       0.151551       0.000900       0.000016      -0.001088      -0.000168
       6.740000       0.102484       0.072304       0.216699       0.196688       0.153186       0.106850       0.151788       0.000909      -0.000046      -0.001118      -0.000203
       6.760000       0.102528       0.072397       0.217570       0.196530       0.153159       0.106753       0.151063       0.000870      -0.000098      -0.001062      -0.000160
       6.780000       0.103108       0.072000       0.217525       0.196714       0.153181       0.106389       0.151084       0.000926      -0.000075      -0.001043      -0.000150
       6.800000       0.102721       0.071634       0.218445       0.196963       0.152943       0.106434       0.150860       0.000924      -0.000030      -0.000991      -0.000226
       6.820000       0.102922       0.071689       0.218637       0.197038       0.152963       0.106092       0.150659       0.000871      -0.000008      -0.001047      -0.000228
       6.840000       0.103139       0.071750       0.219040       0.196767       0.152333       0.105709       0.151262       0.000914       0.000020      -0.001085      -0.000230
       6.860000       0.102810       0.071879       0.219902       0.197226       0.151671       0.105532       0.150980       0.000904       0.000086      -0.001019      -0.000205
       6.880000       0.102791       0.071567       0.220387       0.198218       0.150820       0.105835       0.150382       0.000912       0.000114      -0.001039      -0.000129
       6.900000       0.102965       0.071726       0.220274       0.198833       0.150340       0.105243       0.150618       0.000920       0.000063      -0.000958      -0.000188
       6.920000       0.103178       0.071369       0.221061       0.198392       0.149879       0.105274       0.150847       0.000960       0.000041      -0.001010      -0.000173
       6.940000       0.103698       0.071385       0.220996       0.198672       0.149380       0.104968       0.150901       0.000965       0.000011      -0.001031      -0.000193
       6.960000       0.103711       0.071527       0.221702       0.198491       0.149265       0.104139       0.151165       0.001022      -0.000021      -0.001024      -0.000153
       6.980000       0.104097       0.071912       0.221709       0.198704       0.148989       0.104124       0.150466       0.001014      -0.000038      -0.001088      -0.000139
       7.000000       0.103971       0.071831       0.221315       0.199254       0.148720       0.104025       0.150885       0.000951      -0.000035      -0.001061      -0.000093
       7.020000       0.103839       0.071838       0.221567       0.199864       0.148306       0.103743       0.150843       0.000951       0.000051      -0.001069      -0.000051
       7.040000       0.103661       0.071758       0.222241       0.199813       0.148303       0.103345       0.150879       0.000943       0.000092      -0.001083      -0.000051
       7.060000       0.104105       0.071879       0.222808       0.199836       0.148118       0.102876       0.150378       0.000950       0.000037      -0.001207      -0.000051
       7.080000       0.103768       0.072203       0.223342       0.199894       0.147388       0.102758       0.150647       0.000959       0.000038      -0.001213       0.000029
       7.100000       0.103977       0.072261       0.224286       0.200062       0.146779       0.101774       0.150859       0.000953       0.000056      -0.001195      -0.000007
       7.120000       0.104516       0.072500       0.224789       0.199934       0.146370       0.101770       0.150121       0.000961       0.000050      -0.001112       0.000027
       7.140000       0.104532       0.072656       0.224598       0.200387       0.146554       0.101136       0.150137       0.000932       0.000044      -0.001050      -0.000008
       7.160000       0.104392       0.071952       0.225168       0.200293       0.146781       0.101601       0.149814       0.000942      -0.000018      -0.001065      -0.000062
       7.180000       0.104606       0.072244       0.225652       0.200195       0.146215       0.101424       0.149665       0.000959      -0.000102      -0.001104      -0.000073
       7.200000       0.104503       0.072612       0.226295       0.199856       0.145918       0.101002       0.149814       0.000953      -0.000048      -0.001089      -0.000053
       7.220000       0.104920       0.072495       0.227287       0.199732       0.145738       0.100344       0.149485       0.000939      -0.000019      -0.001128      -0.000115
       7.240000       0.104533       0.072542       0.227952       0.199640       0.146507       0.100111       0.148715       0.000951       0.000029      -0.001107      -0.000111
       7.260000       0.104378       0.072896       0.228136       0.199667       0.145932       0.100383       0.148607       0.001002       0.000008      -0.001126      -0.000116
       7.280000       0.104494       0.073506       0.228973       0.199418       0.144993       0.100427       0.148189       0.000951      -0.000013      -0.001202      -0.000105
       7.300000       0.104485       0.073638       0.229306       0.199757       0.144525       0.100280       0.148009       0.000942      -0.000011      -0.001190      -0.000170
       7.320000       0.104625       0.073055       0.228819       0.199932       0.144961       0.099822       0.148787       0.000910       0.000024      -0.001271      -0.000083
       7.340000       0.104904       0.072802       0.229662       0.199866       0.144640       0.099457       0.148669       0.000972       0.000034      -0.001321      -0.000041
       7.360000       0.105435       0.072506       0.230251       0.199825       0.144172       0.098779       0.149032       0.000980      -0.000001      -0.001268      -0.000039
       7.380000       0.105528       0.072221       0.230427       0.200182       0.144313       0.098595       0.148735       0.001016      -0.000012      -0.001319      -0.000006
       7.400000       0.105964       0.072400       0.229998       0.200192       0.144553       0.098345       0.148547       0.000964       0.000036      -0.001234      -0.000042
       7.420000       0.106146       0.072546       0.230595       0.199909       0.144243       0.098185       0.148376       0.000986       0.000080      -0.001267      -0.000126
       7.440000       0.106577       0.072686       0.230450       0.199786       0.143604       0.098242       0.148654       0.000981       0.000043      -0.001273      -0.000147
       7.460000       0.106543       0.072932       0.230261       0.199713       0.143930       0.097894       0.148728       0.000999       0.000104      -0.001322      -0.000144
       7.480000       0.106458       0.072749       0.230615       0.200105       0.143616       0.097878       0.148580       0.001044       0.000173      -0.001333      -0.000083
       7.500000       0.106608       0.072282       0.231475       0.199996       0.143408       0.097643       0.148589       0.000996       0.000132      -0.001313      -0.000137
       7.520000       0.106768       0.072121       0.232263       0.199620       0.143300       0.097501       0.148426       0.001005       0.000132      -0.001244      -0.000094
       7.540000       0.106520       0.072043       0.232549       0.199994       0.143160       0.097323       0.148412       0.000993       0.000059      -0.001220       0.000022
       7.560000       0.106342       0.071685       0.233549       0.200727       0.142299       0.096963       0.148436       0.001019       0.000059      -0.001176      -0.000019
       7.580000       0.106180       0.071937       0.233620       0.200850       0.142191       0.096997       0.148224       0.000987       0.000007      -0.001168      -0.000073
       7.600000       0.106707       0.072147       0.233742       0.200775       0.142006       0.096565       0.148058       0.000974       0.000026      -0.001208      -0.000079
       7.620000       0.106947       0.072296       0.233306       0.201488       0.142106       0.096038       0.147820       0.000965       0.000021      -0.001194      -0.000045
       7.640000       0.107226       0.072421       0.234105       0.200363       0.142491       0.095836       0.147557       0.001011      -0.000015      -0.001223      -0.000058
       7.660000       0.107501       0.072579       0.234179       0.200060       0.142943       0.095647       0.147091       0.001002      -0.000020      -0.001212      -0.000087
       7.680000       0.107413       0.072373       0.235038       0.200235       0.142436       0.095266       0.147239       0.001018      -0.000095      -0.001230      -0.000148
       7.700000       0.107985       0.072285       0.235359       0.200173       0.142036       0.095010       0.147152       0.001077      -0.000026      -0.001288      -0.000146
       7.720000       0.108639       0.072150       0.236110       0.200021       0.141805       0.094797       0.146478       0.001085       0.000014      -0.001273      -0.000064
       7.740000       0.108515       0.071766       0.236890       0.200157       0.141604       0.094864       0.146204       0.001039       0.000005      -0.001202      -0.000107
       7.760000       0.109040       0.072006       0.237147       0.200129       0.141525       0.094111       0.146042       0.001056       0.000115      -0.001267      -0.000152
       7.780000       0.108925       0.072170       0.237285       0.200177       0.141450       0.093875       0.146118       0.001096       0.000022      -0.001295      -0.000214
       7.800000       0.108545       0.072287       0.237846       0.200079       0.141797       0.093342       0.146103       0.001141       0.000074      -0.001270      -0.000200
       7.820000       0.108620       0.072622       0.238851       0.200420       0.141689       0.092415       0.145383       0.001117       0.000077      -0.001318      -0.000193
       7.840000       0.108647       0.072414       0.239068       0.200979       0.141631       0.092022       0.145239       0.001145       0.000025      -0.001324      -0.000126
       7.860000       0.109012       0.072445       0.239070       0.201231       0.141122       0.091829       0.145290       0.001156      -0.000022      -0.001202      -0.000160
       7.880000       0.109417       0.072308       0.239258       0.200956       0.140312       0.091940       0.145809       0.001197       0.000050      -0.001188      -0.000141
       7.900000       0.109370       0.072369       0.239435       0.201326       0.139548       0.091924       0.146028       0.001188       0.000129      -0.001253      -0.000163
       7.920000       0.109512       0.072692       0.239625       0.200957       0.139323       0.091927       0.145963       0.001256       0.000134      -0.001231      -0.000178
       7.940000       0.110126       0.072588       0.240404       0.201097       0.138689       0.091850       0.145246       0.001218       0.000071      -0.001265      -0.000207
       7.960000       0.110363       0.073055       0.240141       0.201000       0.138103       0.091913       0.145425       0.001228       0.000035      -0.001311      -0.000175
       7.980000       0.110108       0.073287       0.239866       0.200898       0.138193       0.091518       0.146130       0.001209       0.000025      -0.001280      -0.000255
       8.000000       0.110301       0.073218       0.240468       0.201002       0.138066       0.091312       0.145633       0.001149       0.000068      -0.001297      -0.000284
       8.020000       0.110299       0.072936       0.240989       0.200759       0.138268       0.091216       0.145534       0.001140       0.000069      -0.001239      -0.000280
       8.040000       0.109824       0.072874       0.241684       0.200863       0.137915       0.091151       0.145688       0.001089       0.000080      -0.001284      -0.000229
       8.060000       0.109911       0.072797       0.242328       0.200815       0.137947       0.090566       0.145637       0.001071       0.000037      -0.001220      -0.000230
       8.080000       0.109765       0.072978       0.242715       0.200900       0.138053       0.090492       0.145098       0.001071       0.000087      -0.001244      -0.000259
       8.100000       0.109992       0.072657       0.243773       0.200770       0.137596       0.090208       0.145003       0.000984       0.000026      -0.001289      -0.000323
       8.120000       0.110367       0.072784       0.243716       0.200679       0.137477       0.089791       0.145186       0.001001       0.000053      -0.001347      -0.000292
       8.140000       0.110564       0.072753       0.243616       0.201030       0.137489       0.089335       0.145212       0.001003      -0.000000      -0.001382      -0.000172
       8.160000       0.110950       0.072973       0.243621       0.201097       0.137452       0.089081       0.144826       0.001035       0.000009      -0.001353      -0.000131
       8.180000       0.111159       0.073255       0.243709       0.200612       0.137571       0.088768       0.144926       0.001131      -0.000022      -0.001384      -0.000147
       8.200000       0.111191       0.074099       0.243798       0.200499       0.136994       0.089148       0.144272       0.001119      -0.000047      -0.001409      -0.000064
       8.220000       0.111519       0.074369       0.244073       0.200808       0.137021       0.088523       0.143688       0.001109      -0.000054      -0.001417       0.000022
       8.240000       0.111452       0.074159       0.244567       0.200805       0.136956       0.088487       0.143575       0.001149      -0.000070      -0.001459       0.000050
       8.260000       0.111716       0.074039       0.244672       0.200770       0.136433       0.088713       0.143657       0.001134      -0.000101      -0.001482       0.000052
       8.280000       0.111675       0.074183       0.244646       0.201080       0.136549       0.087855       0.144013       0.001205      -0.000048      -0.001420      -0.000014
       8.300000       0.111603       0.073824       0.244678       0.201285       0.137081       0.087620       0.143909       0.001207      -0.000055      -0.001396      -0.000007
       8.320000       0.111351       0.073789       0.245311       0.201154       0.136665       0.087189       0.144541       0.001197      -0.000067      -0.001309       0.000018
       8.340000       0.111270       0.074178       0.245775       0.201233       0.136342       0.086835       0.144366       0.001169      -0.000085      -0.001331      -0.000034
       8.360000       0.111194       0.073887       0.246243       0.202155       0.135482       0.087051       0.143987       0.001143      -0.000082      -0.001327       0.000058
       8.380000       0.110948       0.074024       0.246901       0.202397       0.135133       0.086913       0.143684       0.001210      -0.000091      -0.001243      -0.000005
       8.400000       0.111330       0.074216       0.246976       0.202101       0.135689       0.086415       0.143273       0.001205      -0.000115      -0.001157      -0.000012
       8.420000       0.110895       0.073874       0.248099       0.201643       0.135595       0.086415       0.143479       0.001218      -0.000145      -0.001233       0.000067
       8.440000       0.110952       0.074011       0.248330       0.201361       0.135530       0.086316       0.143501       0.001236      -0.000134      -0.001314       0.000007
       8.460000       0.110878       0.073783       0.248729       0.201491       0.135000       0.086082       0.144036       0.001173      -0.000070      -0.001292      -0.000022
       8.480000       0.110696       0.074384       0.248850       0.202037       0.134709       0.085869       0.143456       0.001181      -0.000087      -0.001374       0.000057
       8.500000       0.111087       0.074606       0.248878       0.202190       0.134410       0.085427       0.143402       0.001145      -0.000033      -0.001293       0.000090
       8.520000       0.110879       0.074890       0.249797       0.202058       0.133560       0.085237       0.143581       0.001149      -0.000058      -0.001236       0.000105
       8.540000       0.110507       0.074553       0.250665       0.202065       0.133535       0.085106       0.143569       0.001219      -0.000042      -0.001197       0.000013
       8.560000       0.111505       0.074023       0.250673       0.201842       0.133443       0.085313       0.143203       0.001264      -0.000099      -0.001186      -0.000041
       8.580000       0.111774       0.074057       0.250880       0.202013       0.133105       0.085009       0.143163       0.001242      -0.000141      -0.001179      -0.000021
       8.600000       0.111028       0.074085       0.251733       0.202812       0.133156       0.084535       0.142652       0.001199      -0.000190      -0.001126       0.000000
       8.620000       0.111286       0.074291       0.250687       0.203199       0.133284       0.084151       0.143102       0.001285      -0.000162      -0.001225      -0.000015
       8.640000       0.111345       0.074715       0.251234       0.202943       0.132623       0.083989       0.143150       0.001293      -0.000119      -0.001273      -0.000087
       8.660000       0.111613       0.074897       0.251283       0.203252       0.132404       0.083731       0.142820       0.001339      -0.000048      -0.001202      -0.000086
       8.680000       0.111447       0.074539       0.252029       0.203396       0.131909       0.084020       0.142659       0.001397       0.000008      -0.001290      -0.000084
       8.700000       0.111748       0.074966       0.252442       0.202802       0.131868       0.083755       0.142419       0.001415      -0.000028      -0.001426      -0.000084
       8.720000       0.111481       0.075453       0.253129       0.202518       0.131790       0.083585       0.142044       0.001478       0.000013      -0.001524      -0.000088
       8.740000       0.112282       0.075430       0.253478       0.202048       0.131346       0.083319       0.142097       0.001424       0.000047      -0.001487      -0.000189
       8.760000       0.112919       0.075410       0.253574       0.201629       0.131360       0.083429       0.141679       0.001401       0.000080      -0.001527      -0.000097
       8.780000       0.112483       0.075357       0.254274       0.201998       0.131484       0.083176       0.141228       0.001406       0.000111      -0.001576      -0.000060
       8.800000       0.112806       0.075510       0.254798       0.201630       0.131441       0.083127       0.140689       0.001353       0.000117      -0.001608      -0.000121
       8.820000       0.113034       0.075409       0.254609       0.201841       0.131817       0.082727       0.140563       0.001349       0.000052      -0.001609      -0.000060
       8.840000       0.112931       0.075659       0.254728       0.201724       0.131811       0.082400       0.140747       0.001236       0.000034      -0.001660      -0.000040
       8.860000       0.112954       0.075718       0.254830       0.202137       0.131791       0.082135       0.140435       0.001295       0.000009      -0.001612       0.000038
       8.880000       0.113080       0.075762       0.255358       0.202230       0.131270       0.081989       0.140311       0.001293      -0.000001      -0.001555       0.000040
       8.900000       0.113198       0.075465       0.255603       0.202409       0.131371       0.081601       0.140352       0.001259      -0.000010      -0.001464       0.000049
       8.920000       0.113257       0.075788       0.255615       0.202645       0.130928       0.081364       0.140403       0.001312      -0.000010      -0.001441       0.000152
       8.940000       0.113010       0.075288       0.255980       0.203546       0.130649       0.081446       0.140081       0.001342       0.000069      -0.001413       0.000037
       8.960000       0.113679       0.074996       0.255536       0.203321       0.131127       0.081607       0.139733       0.001300       0.000051      -0.001413      -0.000042
       8.980000       0.113264       0.075488       0.256141       0.203425       0.130528       0.081494       0.139660       0.001309      -0.000005      -0.001434      -0.000040
       9.000000       0.113517       0.075334       0.255916       0.203632       0.130291       0.081738       0.139571       0.001328       0.000028      -0.001474      -0.000107
       9.020000       0.113392       0.074991       0.256215       0.203913       0.130307       0.081588       0.139594       0.001366       0.000035      -0.001447      -0.000084
       9.040000       0.114123       0.074988       0.256183       0.203732       0.129905       0.081485       0.139584       0.001381       0.000008      -0.001482      -0.000150
       9.060000       0.114695       0.074504       0.256290       0.203597       0.129950       0.081457       0.139506       0.001298      -0.000015      -0.001490      -0.000127
       9.080000       0.114583       0.074511       0.256423       0.203763       0.129568       0.081516       0.139636       0.001328       0.000022      -0.001503      -0.000080
       9.100000       0.114838       0.074767       0.256226       0.204616       0.128869       0.081198       0.139485       0.001363       0.000027      -0.001471      -0.000017
       9.120000       0.114875       0.074473       0.256786       0.204976       0.128462       0.081138       0.139290       0.001351       0.000043      -0.001489      -0.000016
       9.140000       0.114921       0.074843       0.256792       0.204785       0.128656       0.081046       0.138957       0.001399      -0.000009      -0.001466       0.000074
       9.160000       0.114898       0.074701       0.256946       0.204870       0.128395       0.080983       0.139207       0.001407       0.000064      -0.001456       0.000051
       9.180000       0.115267       0.074816       0.257456       0.204200       0.128388       0.080671       0.139203       0.001372       0.000152      -0.001401       0.000085
       9.200000       0.115647       0.074699       0.257434       0.203509       0.128067       0.081029       0.139615       0.001342       0.000121      -0.001415       0.000067
       9.220000       0.115390       0.074895       0.257579       0.203783       0.127882       0.080782       0.139689       0.001317       0.000062      -0.001435       0.000086
       9.240000       0.115110       0.074689       0.258119       0.203422       0.128183       0.080725       0.139753       0.001291       0.000074      -0.001476      -0.000002
       9.260000       0.115447       0.074981       0.258028       0.203176       0.127869       0.080798       0.139702       0.001297       0.000091      -0.001436       0.000030
       9.280000       0.115488       0.075151       0.258352       0.203070       0.127614       0.080573       0.139751       0.001212       0.000088      -0.001387       0.000127
       9.300000       0.114989       0.075098       0.258739       0.203273       0.127548       0.080863       0.139491       0.001193       0.000069      -0.001416      -0.000045
       9.320000       0.115487       0.074777       0.259876       0.203081       0.127243       0.080360       0.139175       0.001253       0.000080      -0.001449      -0.000155
       9.340000       0.115737       0.074669       0.260245       0.202546       0.127817       0.079998       0.138988       0.001255       0.000073      -0.001468      -0.000106
       9.360000       0.116568       0.074827       0.260146       0.202304       0.127434       0.079376       0.139345       0.001333       0.000023      -0.001534      -0.000215
       9.380000       0.116206       0.075100       0.260357       0.202090       0.128015       0.079389       0.138842       0.001330      -0.000002      -0.001552      -0.000171
       9.400000       0.116310       0.075266       0.260780       0.202353       0.127538       0.079195       0.138557       0.001357       0.000044      -0.001569      -0.000104
       9.420000       0.115863       0.075074       0.260809       0.202353       0.127774       0.079351       0.138775       0.001349       0.000171      -0.001535      -0.000124
       9.440000       0.115811       0.075054       0.261363       0.202874       0.127492       0.078964       0.138442       0.001333       0.000148      -0.001510      -0.000072
       9.460000       0.115923       0.074992       0.261499       0.203050       0.127283       0.079116       0.138136       0.001340       0.000118      -0.001387       0.000063
       9.480000       0.116165       0.074497       0.261663       0.203427       0.127027       0.078965       0.138255       0.001323      -0.000001      -0.001291       0.000044
       9.500000       0.116378       0.074317       0.262034       0.203436       0.126990       0.078698       0.138146       0.001327      -0.000029      -0.001293       0.000002
       9.520000       0.116134       0.074523       0.262399       0.203241       0.126830       0.078674       0.138199       0.001298       0.000025      -0.001277       0.000003
       9.540000       0.116142       0.074368       0.263394       0.203129       0.126745       0.078659       0.137563       0.001243      -0.000004      -0.001268      -0.000077
       9.560000       0.115975       0.074495       0.263444       0.203476       0.126804       0.078693       0.137113       0.001221      -0.000031      -0.001305      -0.000054
       9.580000       0.115565       0.074531       0.263402       0.203649       0.126747       0.078267       0.137838       0.001239      -0.000094      -0.001432      -0.000132
       9.600000       0.115937       0.074430       0.263908       0.203710       0.126572       0.078092       0.137352       0.001293      -0.000033      -0.001425      -0.000125
       9.620000       0.115843       0.074499       0.264599       0.203915       0.126409       0.077727       0.137007       0.001327      -0.000093      -0.001462      -0.000137
       9.640000       0.115590       0.074391       0.264355       0.204165       0.126618       0.077402       0.137479       0.001379      -0.000080      -0.001457      -0.000150
       9.660000       0.115163       0.074561       0.264398       0.204129       0.126612       0.077356       0.137781       0.001390      -0.000114      -0.001530      -0.000094
       9.680000       0.115269       0.074485       0.265315       0.204258       0.126051       0.077190       0.137430       0.001430      -0.000114      -0.001605      -0.000161
       9.700000       0.115644       0.074219       0.265453       0.203716       0.126561       0.076569       0.137838       0.001412      -0.000105      -0.001612      -0.000170
       9.720000       0.115842       0.074175       0.266123       0.203739       0.126273       0.076084       0.137764       0.001421      -0.000022      -0.001630      -0.000139
       9.740000       0.116104       0.074397       0.266934       0.203352       0.125881       0.075740       0.137592       0.001399       0.000023      -0.001609      -0.000088
       9.760000       0.116694       0.075003       0.266701       0.203065       0.125507       0.075509       0.137521       0.001378       0.000002      -0.001599      -0.000032
       9.780000       0.116755       0.074946       0.266862       0.203157       0.125197       0.075645       0.137439       0.001463       0.000033      -0.001506       0.000022
       9.800000       0.117036       0.074828       0.266804       0.203475       0.125039       0.075591       0.137226       0.001407       0.000044      -0.001545       0.000001
       9.820000       0.117025       0.075144       0.266829       0.203530       0.124851       0.075553       0.137067       0.001384       0.000027      -0.001542       0.000080
       9.840000       0.117203       0.075002       0.267169       0.203676       0.125098       0.075099       0.136752       0.001329       0.000092      -0.001566      -0.000036
       9.860000       0.117876       0.074990       0.266845       0.203432       0.125062       0.074829       0.136967       0.001303       0.000048      -0.001553      -0.000001
       9.880000       0.117897       0.075246       0.267362       0.203338       0.124697       0.074746       0.136714       0.001391       0.000025      -0.001530      -0.000014
       9.900000       0.117586       0.075076       0.266981       0.204232       0.124860       0.074808       0.136457       0.001370       0.000057      -0.001465      -0.000042
       9.920000       0.117577       0.075287       0.266985       0.204102       0.125132       0.074734       0.136183       0.001336       0.000007      -0.001518      -0.000020
       9.940000       0.117498       0.075501       0.267512       0.203547       0.124595       0.074803       0.136545       0.001391       0.000021      -0.001435      -0.000033
       9.960000       0.117626       0.075134       0.268178       0.204270       0.123940       0.074146       0.136706       0.001403       0.000012      -0.001378      -0.000067
       9.980000       0.117466       0.075510       0.268582       0.203758       0.123960       0.074383       0.136341       0.001383      -0.000080      -0.001391       0.000017
      10.000000       0.117739       0.075390       0.269066       0.204386       0.123786       0.073413       0.136220       0.001355      -0.000124      -0.001493      -0.000048
