       0.000000       1.000000       0.000000      -0.001901       0.000674
       0.020000       1.000000       0.000000       0.001327       0.158341
       0.040000       1.000000       0.000000       0.009127       0.283893
       0.060000       1.000000       0.000000       0.019036       0.364898
       0.080000       1.000000       0.000000       0.029966       0.404018
       0.100000       0.999091       0.000909       0.039242       0.420740
       0.120000       0.994142       0.005858       0.047913       0.429188
       0.140000       0.983079       0.016921       0.056975       0.433504
       0.160000       0.964800       0.035200       0.065948       0.435799
       0.180000       0.938373       0.061627       0.074209       0.436233
       0.200000       0.903088       0.096912       0.082219       0.434537
       0.220000       0.859272       0.140728       0.089833       0.431262
       0.240000       0.810829       0.189171       0.097164       0.427030
       0.260000       0.765079       0.234921       0.104345       0.421786
       0.280000       0.724412       0.275588       0.111553       0.415850
       0.300000       0.688126       0.311874       0.118217       0.408843
       0.320000       0.656327       0.343673       0.124629       0.401004
       0.340000       0.627473       0.372527       0.130883       0.392794
       0.360000       0.602069       0.397931       0.137145       0.384199
       0.380000       0.578059       0.421941       0.143073       0.374950
       0.400000       0.555375       0.444625       0.148953       0.365273
       0.420000       0.534239       0.465761       0.154547       0.355275
       0.440000       0.513886       0.486114       0.159637       0.344772
       0.460000       0.493914       0.506086       0.163492       0.333805
       0.480000       0.474216       0.525784       0.167781       0.321918
       0.500000       0.454579       0.545421       0.171525       0.309132
       0.520000       0.434691       0.565309       0.174797       0.295956
       0.540000       0.414248       0.585752       0.177479       0.282203
       0.560000       0.393392       0.606608       0.179667       0.267211
       0.580000       0.371623       0.628377       0.181224       0.251582
       0.600000       0.348880       0.651120       0.182365       0.234735
       0.620000       0.325860       0.674140       0.183323       0.216125
       0.640000       0.303329       0.696671       0.184139       0.195882
       0.660000       0.284156       0.715844       0.183893       0.173085
       0.680000       0.268694       0.731306       0.184163       0.147898
       0.700000       0.256568       0.743432       0.184803       0.118767
       0.720000       0.247861       0.752139       0.185333       0.086141
       0.740000       0.242404       0.757596       0.186508       0.049298
       0.760000       0.239954       0.760046       0.186482       0.009902
       0.780000       0.240171       0.759829       0.184351      -0.031041
       0.800000       0.242780       0.757220       0.179547      -0.071844
       0.820000       0.247406       0.752594       0.171668      -0.110104
       0.840000       0.254778       0.745222       0.160556      -0.146335
       0.860000       0.265856       0.734144       0.147613      -0.178130
       0.880000       0.279508       0.720492       0.132232      -0.205606
       0.900000       0.295652       0.704348       0.115917      -0.228218
       0.920000       0.313157       0.686843       0.098836      -0.245109
       0.940000       0.332156       0.667844       0.081901      -0.257790
       0.960000       0.352004       0.647996       0.064625      -0.266587
       0.980000       0.372932       0.627068       0.047885      -0.271130
       1.000000       0.394486       0.605514       0.032842      -0.272108
       1.020000       0.415805       0.584195       0.018885      -0.270717
       1.040000       0.437336       0.562664       0.006240      -0.267039
       1.060000       0.458250       0.541750      -0.005819      -0.261568
       1.080000       0.478423       0.521577      -0.016655      -0.254134
       1.100000       0.497737       0.502263      -0.027015      -0.244354
       1.120000       0.515996       0.484004      -0.036152      -0.234549
       1.140000       0.532780       0.467220      -0.044501      -0.223428
       1.160000       0.548404       0.451596      -0.051949      -0.210911
       1.180000       0.562349       0.437651      -0.059036      -0.198885
       1.200000       0.575261       0.424739      -0.065434      -0.185412
       1.220000       0.587157       0.412843      -0.071255      -0.171837
       1.240000       0.597891       0.402109      -0.076930      -0.158617
       1.260000       0.607739       0.392261      -0.081759      -0.144176
       1.280000       0.616458       0.383542      -0.086103      -0.129469
       1.300000       0.624573       0.375427      -0.090214      -0.114856
       1.320000       0.632120       0.367880      -0.093709      -0.100144
       1.340000       0.639060       0.360940      -0.096358      -0.085350
       1.360000       0.645129       0.354871      -0.098643      -0.070408
       1.380000       0.650235       0.349765      -0.100358      -0.054828
       1.400000       0.654677       0.345323      -0.101710      -0.039351
       1.420000       0.657797       0.342203      -0.102547      -0.023488
       1.440000       0.660245       0.339755      -0.102874      -0.007165
       1.460000       0.661542       0.338458      -0.103420       0.009356
       1.480000       0.661636       0.338364      -0.102844       0.027352
       1.500000       0.659960       0.340040      -0.101576       0.046012
       1.520000       0.656717       0.343283      -0.099624       0.064587
       1.540000       0.651786       0.348214      -0.097461       0.083531
       1.560000       0.645607       0.354393      -0.094440       0.101549
       1.580000       0.637798       0.362202      -0.091201       0.119473
       1.600000       0.629143       0.370857      -0.087019       0.136836
       1.620000       0.618740       0.381260      -0.082336       0.153338
       1.640000       0.607416       0.392584      -0.077244       0.167386
       1.660000       0.594775       0.405225      -0.072538       0.179814
       1.680000       0.580703       0.419297      -0.067612       0.189815
       1.700000       0.566091       0.433909      -0.062927       0.198642
       1.720000       0.550584       0.449416      -0.057645       0.203796
       1.740000       0.534605       0.465395      -0.053090       0.207961
       1.760000       0.518323       0.481677      -0.049053       0.210466
       1.780000       0.501691       0.498309      -0.045439       0.210596
       1.800000       0.485627       0.514373      -0.042528       0.209212
       1.820000       0.469626       0.530374      -0.040003       0.206148
       1.840000       0.454381       0.545619      -0.038065       0.202047
       1.860000       0.439638       0.560362      -0.036692       0.196634
       1.880000       0.425394       0.574606      -0.035462       0.189201
       1.900000       0.411987       0.588013      -0.034572       0.180790
       1.920000       0.399287       0.600713      -0.034123       0.171650
       1.940000       0.387480       0.612520      -0.034095       0.161484
       1.960000       0.376850       0.623150      -0.034513       0.151338
       1.980000       0.366765       0.633235      -0.034932       0.139834
       2.000000       0.357206       0.642794      -0.036586       0.128349
       2.020000       0.348846       0.651154      -0.038159       0.116427
       2.040000       0.341692       0.658308      -0.040124       0.104277
       2.060000       0.335113       0.664887      -0.042505       0.092577
       2.080000       0.329324       0.670676      -0.045421       0.080090
       2.100000       0.324596       0.675404      -0.048635       0.068640
       2.120000       0.320446       0.679554      -0.051674       0.056761
       2.140000       0.317154       0.682846      -0.055761       0.044760
       2.160000       0.314518       0.685482      -0.059775       0.032598
       2.180000       0.312496       0.687504      -0.064470       0.020135
       2.200000       0.311075       0.688925      -0.069166       0.008225
       2.220000       0.310547       0.689453      -0.074121      -0.003891
       2.240000       0.311052       0.688948      -0.079322      -0.014786
       2.260000       0.311765       0.688235      -0.084509      -0.025531
       2.280000       0.313354       0.686646      -0.089661      -0.035878
       2.300000       0.315816       0.684184      -0.095174      -0.045677
       2.320000       0.319381       0.680619      -0.100659      -0.055454
       2.340000       0.323365       0.676635      -0.106486      -0.064965
       2.360000       0.328269       0.671731      -0.112198      -0.072951
       2.380000       0.333527       0.666473      -0.117181      -0.080499
       2.400000       0.339512       0.660488      -0.122190      -0.086658
       2.420000       0.345810       0.654190      -0.127292      -0.092423
       2.440000       0.352415       0.647585      -0.132495      -0.096967
       2.460000       0.359601       0.640399      -0.137769      -0.100440
       2.480000       0.366922       0.633078      -0.142613      -0.102988
       2.500000       0.374647       0.625353      -0.147780      -0.104134
       2.520000       0.382777       0.617223      -0.152811      -0.104034
       2.540000       0.390429       0.609571      -0.157116      -0.102554
       2.560000       0.397987       0.602013      -0.161256      -0.099968
       2.580000       0.405654       0.594346      -0.164859      -0.097071
       2.600000       0.413533       0.586467      -0.168585      -0.094300
       2.620000       0.420706       0.579294      -0.171779      -0.090492
       2.640000       0.427602       0.572398      -0.175120      -0.085438
       2.660000       0.433910       0.566090      -0.178280      -0.079179
       2.680000       0.440037       0.559963      -0.180694      -0.072959
       2.700000       0.445356       0.554644      -0.183015      -0.066734
       2.720000       0.449803       0.550197      -0.184710      -0.060579
       2.740000       0.454145       0.545855      -0.186788      -0.054160
       2.760000       0.457997       0.542003      -0.187929      -0.047347
       2.780000       0.461072       0.538928      -0.188610      -0.040699
       2.800000       0.463556       0.536444      -0.189596      -0.033311
       2.820000       0.465380       0.534620      -0.190691      -0.026261
       2.840000       0.466749       0.533251      -0.191579      -0.018097
       2.860000       0.467583       0.532417      -0.191914      -0.010380
       2.880000       0.467899       0.532101      -0.192297      -0.002796
       2.900000       0.467885       0.532115      -0.192578       0.004681
       2.920000       0.467299       0.532701      -0.192600       0.011782
       2.940000       0.465715       0.534285      -0.192314       0.018992
       2.960000       0.464181       0.535819      -0.192133       0.025944
       2.980000       0.462036       0.537964      -0.191821       0.033072
       3.000000       0.459636       0.540364      -0.190994       0.038995
       3.020000       0.457142       0.542858      -0.190559       0.045448
       3.040000       0.453675       0.546325      -0.190050       0.051025
       3.060000       0.449920       0.550080      -0.189579       0.057387
       3.080000       0.445765       0.554235      -0.189125       0.063011
       3.100000       0.440961       0.559039      -0.188462       0.067704
       3.120000       0.436260       0.563740      -0.187724       0.072187
       3.140000       0.430944       0.569056      -0.186431       0.075510
       3.160000       0.425183       0.574817      -0.185701       0.079016
       3.180000       0.419566       0.580434      -0.184692       0.081992
       3.200000       0.413498       0.586502      -0.184321       0.084479
       3.220000       0.407484       0.592516      -0.183473       0.086663
       3.240000       0.401482       0.598518      -0.182630       0.087272
       3.260000       0.395369       0.604631      -0.181821       0.087012
       3.280000       0.389236       0.610764      -0.181706       0.086690
       3.300000       0.382641       0.617359      -0.180724       0.086376
       3.320000       0.376834       0.623166      -0.180481       0.083883
       3.340000       0.370715       0.629285      -0.180252       0.081635
       3.360000       0.365027       0.634973      -0.180188       0.078323
       3.380000       0.359430       0.640570      -0.180037       0.074782
       3.400000       0.354214       0.645786      -0.181019       0.070676
       3.420000       0.349064       0.650936      -0.181877       0.066656
       3.440000       0.344346       0.655654      -0.182496       0.062894
       3.460000       0.339673       0.660327      -0.183310       0.058561
       3.480000       0.336048       0.663952      -0.184182       0.053668
       3.500000       0.332336       0.667664      -0.185053       0.048722
       3.520000       0.329129       0.670871      -0.186347       0.043434
       3.540000       0.326358       0.673642      -0.187406       0.038804
       3.560000       0.323452       0.676548      -0.188841       0.034308
       3.580000       0.321294       0.678706      -0.190475       0.029599
       3.600000       0.319460       0.680540      -0.191730       0.024744
       3.620000       0.317855       0.682145      -0.193657       0.018837
       3.640000       0.316955       0.683045      -0.195988       0.013929
       3.660000       0.316330       0.683670      -0.198119       0.008684
       3.680000       0.316034       0.683966      -0.200622       0.003689
       3.700000       0.315835       0.684165      -0.202674      -0.000609
       3.720000       0.316036       0.683964      -0.204978      -0.005326
       3.740000       0.316131       0.683869      -0.207073      -0.009329
       3.760000       0.317390       0.682610      -0.209475      -0.013242
       3.780000       0.318493       0.681507      -0.212069      -0.017026
       3.800000       0.319968       0.680032      -0.214221      -0.020508
       3.820000       0.321296       0.678704      -0.216463      -0.023875
       3.840000       0.322891       0.677109      -0.218586      -0.027093
       3.860000       0.324642       0.675358      -0.220943      -0.029650
       3.880000       0.326502       0.673498      -0.222778      -0.032708
       3.900000       0.328932       0.671068      -0.225141      -0.035353
       3.920000       0.331491       0.668509      -0.227256      -0.037234
       3.940000       0.334181       0.665819      -0.229039      -0.038175
       3.960000       0.337157       0.662843      -0.231408      -0.038846
       3.980000       0.340361       0.659639      -0.233284      -0.039786
       4.000000       0.343281       0.656719      -0.235117      -0.040112
       4.020000       0.345862       0.654138      -0.237204      -0.039315
       4.040000       0.348868       0.651132      -0.238981      -0.038817
       4.060000       0.351052       0.648948      -0.240665      -0.037214
       4.080000       0.353432       0.646568      -0.242424      -0.035728
       4.100000       0.355892       0.644108      -0.244245      -0.033526
       4.120000       0.358300       0.641700      -0.246059      -0.031062
       4.140000       0.360603       0.639397      -0.247367      -0.028602
       4.160000       0.362742       0.637258      -0.248670      -0.026389
       4.180000       0.364684       0.635316      -0.249767      -0.023513
       4.200000       0.366063       0.633937      -0.250529      -0.020518
       4.220000       0.367593       0.632407      -0.251568      -0.016996
       4.240000       0.368684       0.631316      -0.251990      -0.013129
       4.260000       0.369692       0.630308      -0.252766      -0.009442
       4.280000       0.370330       0.629670      -0.254006      -0.005901
       4.300000       0.370350       0.629650      -0.254481      -0.002865
       4.320000       0.370670       0.629330      -0.254666       0.000250
       4.340000       0.370501       0.629499      -0.255426       0.003790
       4.360000       0.370292       0.629708      -0.255660       0.005996
       4.380000       0.369769       0.630231      -0.255486       0.009237
       4.400000       0.368956       0.631044      -0.255405       0.012194
       4.420000       0.368062       0.631938      -0.254811       0.014284
       4.440000       0.366876       0.633124      -0.255063       0.016956
       4.460000       0.365554       0.634446      -0.255536       0.019931
       4.480000       0.363990       0.636010      -0.255566       0.021891
       4.500000       0.362226       0.637774      -0.255228       0.023483
       4.520000       0.360357       0.639643      -0.255264       0.024839
       4.540000       0.358575       0.641425      -0.255113       0.026529
       4.560000       0.356825       0.643175      -0.255027       0.027670
       4.580000       0.354834       0.645166      -0.255284       0.029108
       4.600000       0.352748       0.647252      -0.255496       0.030744
       4.620000       0.350746       0.649254      -0.255437       0.031985
       4.640000       0.348711       0.651289      -0.255606       0.032770
       4.660000       0.346717       0.653283      -0.255751       0.034329
       4.680000       0.344282       0.655718      -0.255775       0.035123
       4.700000       0.341725       0.658275      -0.255507       0.036144
       4.720000       0.339067       0.660933      -0.255622       0.036204
       4.740000       0.336509       0.663491      -0.255292       0.036014
       4.760000       0.334295       0.665705      -0.255268       0.035767
       4.780000       0.331942       0.668058      -0.255495       0.034827
       4.800000       0.329223       0.670777      -0.255616       0.033975
       4.820000       0.326744       0.673256      -0.256014       0.033255
       4.840000       0.324451       0.675549      -0.256568       0.032538
       4.860000       0.322261       0.677739      -0.257786       0.031303
       4.880000       0.320203       0.679797      -0.258083       0.030231
       4.900000       0.318460       0.681540      -0.258307       0.029152
       4.920000       0.316451       0.683549      -0.258191       0.027347
       4.940000       0.314523       0.685477      -0.258475       0.025970
       4.960000       0.312898       0.687102      -0.259173       0.024431
       4.980000       0.311171       0.688829      -0.259672       0.022839
       5.000000       0.309814       0.690186      -0.260248       0.021220
       5.020000       0.308044       0.691956      -0.260992       0.018873
       5.040000       0.307107       0.692893      -0.261686       0.016853
       5.060000       0.305634       0.694366      -0.262362       0.014657
       5.080000       0.304795       0.695205      -0.262826       0.012879
       5.100000       0.303634       0.696366      -0.263634       0.010422
       5.120000       0.302907       0.697093      -0.264607       0.008467
       5.140000       0.302650       0.697350      -0.265368       0.005655
       5.160000       0.302208       0.697792      -0.266449       0.003717
       5.180000       0.301581       0.698419      -0.267334       0.000756
       5.200000       0.301565       0.698435      -0.268400      -0.001377
       5.220000       0.301930       0.698070      -0.269560      -0.002609
       5.240000       0.302309       0.697691      -0.270810      -0.004945
       5.260000       0.302822       0.697178      -0.271659      -0.006993
       5.280000       0.303631       0.696369      -0.272785      -0.008191
       5.300000       0.304352       0.695648      -0.274003      -0.010343
       5.320000       0.305096       0.694904      -0.274933      -0.012028
       5.340000       0.306210       0.693790      -0.276302      -0.012931
       5.360000       0.307006       0.692994      -0.277759      -0.013303
       5.380000       0.307719       0.692281      -0.278704      -0.014096
       5.400000       0.308445       0.691555      -0.279867      -0.015097
       5.420000       0.309317       0.690683      -0.281073      -0.015634
       5.440000       0.310232       0.689768      -0.282462      -0.015750
       5.460000       0.311343       0.688657      -0.283364      -0.015484
       5.480000       0.312411       0.687589      -0.284205      -0.015029
       5.500000       0.313567       0.686433      -0.285498      -0.014328
       5.520000       0.314679       0.685321      -0.286149      -0.012817
       5.540000       0.315773       0.684227      -0.286720      -0.012492
       5.560000       0.316547       0.683453      -0.287551      -0.010446
       5.580000       0.317066       0.682934      -0.287887      -0.009061
       5.600000       0.317816       0.682184      -0.287990      -0.007652
       5.620000       0.318552       0.681448      -0.288737      -0.006250
       5.640000       0.319032       0.680968      -0.289184      -0.005490
       5.660000       0.319220       0.680780      -0.289981      -0.004261
       5.680000       0.319602       0.680398      -0.290462      -0.002987
       5.700000       0.319750       0.680250      -0.290671      -0.001728
       5.720000       0.319752       0.680248      -0.291224      -0.000920
       5.740000       0.319809       0.680191      -0.291111       0.000514
       5.760000       0.319885       0.680115      -0.291310       0.001163
       5.780000       0.319783       0.680217      -0.291738       0.002309
       5.800000       0.319729       0.680271      -0.292125       0.003548
       5.820000       0.319290       0.680710      -0.292642       0.004813
       5.840000       0.318742       0.681258      -0.292487       0.004787
       5.860000       0.318121       0.681879      -0.292779       0.005605
       5.880000       0.317725       0.682275      -0.293028       0.006358
       5.900000       0.317160       0.682840      -0.293115       0.006979
       5.920000       0.316802       0.683198      -0.293210       0.007437
       5.940000       0.316238       0.683762      -0.293629       0.007929
       5.960000       0.315951       0.684049      -0.293716       0.008397
       5.980000       0.314969       0.685031      -0.293716       0.008912
       6.000000       0.314287       0.685713      -0.293648       0.009481
       6.020000       0.313868       0.686132      -0.293906       0.010081
       6.040000       0.313261       0.686739      -0.294163       0.010486
       6.060000       0.312151       0.687849      -0.294630       0.011238
       6.080000       0.311708       0.688292      -0.295057       0.010518
       6.100000       0.310776       0.689224      -0.295608       0.011060
       6.120000       0.310047       0.689953      -0.295794       0.012275
       6.140000       0.309097       0.690903      -0.296013       0.012915
       6.160000       0.308386       0.691614      -0.295896       0.013341
       6.180000       0.307422       0.692578      -0.295882       0.014203
       6.200000       0.306261       0.693739      -0.295725       0.015517
       6.220000       0.305421       0.694579      -0.295688       0.016012
       6.240000       0.304087       0.695913      -0.295486       0.016161
       6.260000       0.302860       0.697140      -0.295897       0.016451
       6.280000       0.301773       0.698227      -0.296176       0.016538
       6.300000       0.300521       0.699479      -0.296976       0.016433
       6.320000       0.299784       0.700216      -0.296987       0.016738
       6.340000       0.298831       0.701169      -0.296689       0.017149
       6.360000       0.297645       0.702355      -0.297060       0.016815
       6.380000       0.296438       0.703562      -0.297114       0.015793
       6.400000       0.295291       0.704709      -0.296901       0.015431
       6.420000       0.294335       0.705665      -0.297398       0.014791
       6.440000       0.293512       0.706488      -0.297868       0.013228
       6.460000       0.292699       0.707301      -0.298379       0.012029
       6.480000       0.291793       0.708207      -0.299141       0.011214
       6.500000       0.291239       0.708761      -0.299469       0.010301
       6.520000       0.290563       0.709437      -0.299751       0.009785
       6.540000       0.289965       0.710035      -0.300043       0.008186
       6.560000       0.289683       0.710317      -0.300740       0.006902
       6.580000       0.289336       0.710664      -0.301206       0.005590
       6.600000       0.288745       0.711255      -0.301782       0.004066
       6.620000       0.288568       0.711432      -0.302153       0.003128
       6.640000       0.288504       0.711496      -0.302674       0.002115
       6.660000       0.288279       0.711721      -0.303201       0.001498
       6.680000       0.288233       0.711767      -0.303506       0.000300
       6.700000       0.288283       0.711717      -0.304232      -0.000537
       6.720000       0.288172       0.711828      -0.304642      -0.000635
       6.740000       0.288193       0.711807      -0.304845      -0.001605
       6.760000       0.288189       0.711811      -0.304747      -0.002691
       6.780000       0.288265       0.711735      -0.305157      -0.003337
       6.800000       0.288224       0.711776      -0.305873      -0.004135
       6.820000       0.288499       0.711501      -0.306776      -0.005349
       6.840000       0.288780       0.711220      -0.307415      -0.006921
       6.860000       0.289472       0.710528      -0.308035      -0.007290
       6.880000       0.289542       0.710458      -0.308617      -0.007381
       6.900000       0.290083       0.709917      -0.309062      -0.007506
       6.920000       0.290855       0.709145      -0.309727      -0.007833
       6.940000       0.291285       0.708715      -0.310639      -0.007680
       6.960000       0.291901       0.708099      -0.311027      -0.007841
       6.980000       0.292662       0.707338      -0.311798      -0.007847
       7.000000       0.293531       0.706469      -0.311919      -0.007182
       7.020000       0.293702       0.706298      -0.312500      -0.006371
       7.040000       0.294434       0.705566      -0.312895      -0.005779
       7.060000       0.295053       0.704947      -0.313297      -0.004514
       7.080000       0.294887       0.705113      -0.313354      -0.003142
       7.100000       0.295177       0.704823      -0.313943      -0.002621
       7.120000       0.295374       0.704626      -0.314731      -0.001694
       7.140000       0.295592       0.704408      -0.314910      -0.000122
       7.160000       0.295355       0.704645      -0.314732       0.000972
       7.180000       0.295372       0.704628      -0.314415       0.002649
       7.200000       0.295293       0.704707      -0.314675       0.003950
       7.220000       0.295008       0.704992      -0.315067       0.004537
       7.240000       0.294897       0.705103      -0.315480       0.005215
       7.260000       0.294653       0.705347      -0.315827       0.006091
       7.280000       0.294018       0.705982      -0.315622       0.006513
       7.300000       0.293583       0.706417      -0.315757       0.006972
       7.320000       0.293220       0.706780      -0.315917       0.008026
       7.340000       0.292431       0.707569      -0.315626       0.008343
       7.360000       0.291871       0.708129      -0.315447       0.007799
       7.380000       0.291438       0.708562      -0.315739       0.008602
       7.400000       0.290806       0.709194      -0.315881       0.008872
       7.420000       0.290288       0.709712      -0.316253       0.008709
       7.440000       0.289559       0.710441      -0.316703       0.008803
       7.460000       0.288817       0.711183      -0.316917       0.008522
       7.480000       0.288392       0.711608      -0.317046       0.007738
       7.500000       0.288014       0.711986      -0.317265       0.007477
       7.520000       0.287720       0.712280      -0.317260       0.006591
       7.540000       0.287153       0.712847      -0.317603       0.006100
       7.560000       0.286625       0.713375      -0.317652       0.005473
       7.580000       0.286301       0.713699      -0.317470       0.004802
       7.600000       0.285648       0.714352      -0.317734       0.003804
       7.620000       0.285269       0.714731      -0.317777       0.004562
       7.640000       0.284950       0.715050      -0.318522       0.003661
       7.660000       0.284718       0.715282      -0.318987       0.003313
       7.680000       0.284536       0.715464      -0.319237       0.002853
       7.700000       0.284352       0.715648      -0.319292       0.002977
       7.720000       0.284252       0.715748      -0.319689       0.003138
       7.740000       0.284084       0.715916      -0.319920       0.003202
       7.760000       0.283546       0.716454      -0.320378       0.003527
       7.780000       0.283465       0.716535      -0.320663       0.003650
       7.800000       0.283357       0.716643      -0.320773       0.004208
       7.820000       0.283130       0.716870      -0.320838       0.004452
       7.840000       0.282884       0.717116      -0.321340       0.004544
       7.860000       0.282741       0.717259      -0.321326       0.004576
       7.880000       0.282390       0.717610      -0.321422       0.004962
       7.900000       0.282064       0.717936      -0.321912       0.005054
       7.920000       0.281642       0.718358      -0.322156       0.005089
       7.940000       0.281071       0.718929      -0.322260       0.006380
       7.960000       0.280498       0.719502      -0.322148       0.006917
       7.980000       0.280232       0.719768      -0.322661       0.006830
       8.000000       0.279945       0.720055      -0.322711       0.006836
       8.020000       0.279573       0.720427      -0.322493       0.006698
       8.040000       0.279124       0.720876      -0.322664       0.006126
       8.060000       0.278906       0.721094      -0.322712       0.005806
       8.080000       0.278534       0.721466      -0.322694       0.005259
       8.100000       0.277976       0.722024      -0.322486       0.005462
       8.120000       0.277514       0.722486      -0.322913       0.004948
       8.140000       0.276829       0.723171      -0.323012       0.004943
       8.160000       0.276627       0.723373      -0.323414       0.004007
       8.180000       0.276480       0.723520      -0.323598       0.003652
       8.200000       0.276482       0.723518      -0.323833       0.003164
       8.220000       0.276185       0.723815      -0.324149       0.002618
       8.240000       0.276125       0.723875      -0.324155       0.001772
       8.260000       0.276043       0.723957      -0.324635       0.000466
       8.280000       0.275845       0.724155      -0.324986      -0.000095
       8.300000       0.275602       0.724398      -0.324887      -0.000740
       8.320000       0.275878       0.724122      -0.325367      -0.001266
       8.340000       0.276268       0.723732      -0.325838      -0.001407
       8.360000       0.276242       0.723758      -0.326008      -0.001674
       8.380000       0.276522       0.723478      -0.326393      -0.001559
       8.400000       0.276724       0.723276      -0.326444      -0.002532
       8.420000       0.276889       0.723111      -0.326974      -0.003364
       8.440000       0.277138       0.722862      -0.327085      -0.003822
       8.460000       0.277297       0.722703      -0.327595      -0.003952
       8.480000       0.277561       0.722439      -0.328262      -0.004136
       8.500000       0.277803       0.722197      -0.328375      -0.004848
       8.520000       0.278075       0.721925      -0.329176      -0.005343
       8.540000       0.278393       0.721607      -0.329533      -0.005442
       8.560000       0.278675       0.721325      -0.329699      -0.005689
       8.580000       0.278754       0.721246      -0.330249      -0.006004
       8.600000       0.279254       0.720746      -0.330654      -0.005288
       8.620000       0.279565       0.720435      -0.331353      -0.004676
       8.640000       0.279906       0.720094      -0.331433      -0.004719
       8.660000       0.280442       0.719558      -0.331350      -0.004315
       8.680000       0.280687       0.719313      -0.331684      -0.003554
       8.700000       0.280848       0.719152      -0.331850      -0.002914
       8.720000       0.280937       0.719063      -0.332023      -0.001661
       8.740000       0.280952       0.719048      -0.332239      -0.000679
       8.760000       0.280810       0.719190      -0.332122       0.000149
       8.780000       0.280855       0.719145      -0.332096       0.001394
       8.800000       0.280877       0.719123      -0.331901       0.002530
       8.820000       0.280409       0.719591      -0.331720       0.003774
       8.840000       0.279781       0.720219      -0.331179       0.005110
       8.860000       0.279369       0.720631      -0.331374       0.006165
       8.880000       0.279257       0.720743      -0.331481       0.006829
       8.900000       0.278833       0.721167      -0.331321       0.007607
       8.920000       0.278650       0.721350      -0.330968       0.008010
       8.940000       0.278189       0.721811      -0.330603       0.008214
       8.960000       0.277541       0.722459      -0.330710       0.008178
       8.980000       0.277088       0.722912      -0.330860       0.008904
       9.000000       0.276451       0.723549      -0.331047       0.008559
       9.020000       0.276056       0.723944      -0.330863       0.008554
       9.040000       0.275470       0.724530      -0.331303       0.008995
       9.060000       0.275138       0.724862      -0.331690       0.008902
       9.080000       0.274831       0.725169      -0.331307       0.008476
       9.100000       0.274279       0.725721      -0.331080       0.007991
       9.120000       0.273818       0.726182      -0.330835       0.007500
       9.140000       0.273403       0.726597      -0.330594       0.007528
       9.160000       0.273137       0.726863      -0.330863       0.007118
       9.180000       0.272779       0.727221      -0.330506       0.006994
       9.200000       0.272213       0.727787      -0.330687       0.006426
       9.220000       0.272217       0.727783      -0.330846       0.005994
       9.240000       0.271526       0.728474      -0.331246       0.005379
       9.260000       0.270976       0.729024      -0.331047       0.005190
       9.280000       0.270765       0.729235      -0.330866       0.004901
       9.300000       0.270629       0.729371      -0.331167       0.003970
       9.320000       0.270089       0.729911      -0.331720       0.003228
       9.340000       0.269645       0.730355      -0.331886       0.002079
       9.360000       0.269422       0.730578      -0.332030       0.001325
       9.380000       0.269192       0.730808      -0.332375      -0.000026
       9.400000       0.269228       0.730772      -0.332341      -0.001124
       9.420000       0.269233       0.730767      -0.332635      -0.002280
       9.440000       0.269189       0.730811      -0.333092      -0.003945
       9.460000       0.269340       0.730660      -0.333470      -0.004881
       9.480000       0.269547       0.730453      -0.333807      -0.006113
       9.500000       0.270182       0.729818      -0.333945      -0.006659
       9.520000       0.270576       0.729424      -0.334146      -0.007651
       9.540000       0.270870       0.729130      -0.334709      -0.008601
       9.560000       0.271355       0.728645      -0.334684      -0.008907
       9.580000       0.271894       0.728106      -0.335772      -0.008560
       9.600000       0.272350       0.727650      -0.336163      -0.008137
       9.620000       0.272905       0.727095      -0.336457      -0.008006
       9.640000       0.273430       0.726570      -0.336770      -0.007034
       9.660000       0.273946       0.726054      -0.337185      -0.005828
       9.680000       0.274246       0.725754      -0.337031      -0.004221
       9.700000       0.274239       0.725761      -0.337366      -0.002244
       9.720000       0.274822       0.725178      -0.337382      -0.001281
       9.740000       0.275100       0.724900      -0.337140      -0.000179
       9.760000       0.275032       0.724968      -0.337347       0.001177
       9.780000       0.274881       0.725119      -0.337177       0.002866
       9.800000       0.274514       0.725486      -0.337518       0.004665
       9.820000       0.274330       0.725670      -0.337391       0.005461
       9.840000       0.273923       0.726077      -0.336997       0.006787
       9.860000       0.273238       0.726762      -0.336701       0.007385
       9.880000       0.272904       0.727096      -0.336662       0.007779
       9.900000       0.272218       0.727782      -0.336321       0.008956
       9.920000       0.271721       0.728279      -0.335881       0.009503
       9.940000       0.271147       0.728853      -0.335320       0.009766
       9.960000       0.270520       0.729480      -0.335263       0.009114
       9.980000       0.270138       0.729862      -0.335255       0.009065
      10.000000       0.269891       0.730109      -0.335306       0.009285
