       0.024500       0.999439       0.000561       0.000199       0.022625
       0.049500       0.997820       0.002180       0.001011       0.046077
       0.074500       0.995101       0.004899       0.002350       0.069340
       0.099500       0.991292       0.008709       0.004188       0.092325
       0.124500       0.986408       0.013592       0.006491       0.114948
       0.149500       0.980469       0.019531       0.009218       0.137130
       0.174500       0.973496       0.026504       0.012332       0.158798
       0.199500       0.965517       0.034483       0.015793       0.179882
       0.224500       0.956559       0.043441       0.019569       0.200322
       0.249500       0.946654       0.053346       0.023631       0.220056
       0.274500       0.935838       0.064162       0.027954       0.239033
       0.299500       0.924147       0.075854       0.032516       0.257199
       0.324500       0.911619       0.088381       0.037298       0.274508
       0.349500       0.898298       0.101702       0.042279       0.290915
       0.374500       0.884226       0.115774       0.047438       0.306379
       0.399500       0.869448       0.130552       0.052748       0.320862
       0.424500       0.854011       0.145989       0.058181       0.334331
       0.449500       0.837965       0.162035       0.063702       0.346756
       0.474500       0.821359       0.178642       0.069278       0.358110
       0.499500       0.804243       0.195757       0.074870       0.368371
       0.524500       0.786670       0.213330       0.080444       0.377523
       0.549500       0.768692       0.231308       0.085966       0.385549
       0.574500       0.750363       0.249637       0.091407       0.392440
       0.599500       0.731736       0.268264       0.096742       0.398188
       0.624500       0.712866       0.287134       0.101952       0.402789
       0.649500       0.693805       0.306195       0.107021       0.406243
       0.674500       0.674610       0.325391       0.111937       0.408551
       0.699500       0.655332       0.344668       0.116690       0.409719
       0.724500       0.636025       0.363975       0.121269       0.409757
       0.749500       0.616744       0.383256       0.125663       0.408678
       0.774500       0.597539       0.402461       0.129856       0.406497
       0.799500       0.578463       0.421538       0.133832       0.403236
       0.824500       0.559565       0.440435       0.137570       0.398919
       0.849500       0.540895       0.459106       0.141049       0.393572
       0.874500       0.522500       0.477500       0.144245       0.387228
       0.899500       0.504427       0.495573       0.147139       0.379920
       0.924500       0.486720       0.513280       0.149710       0.371685
       0.949500       0.469423       0.530578       0.151946       0.362561
       0.974500       0.452575       0.547425       0.153834       0.352588
       0.999500       0.436216       0.563784       0.155368       0.341807
       1.024500       0.420383       0.579617       0.156548       0.330262
       1.049500       0.405112       0.594888       0.157371       0.317995
       1.074500       0.390434       0.609566       0.157841       0.305052
       1.099500       0.376381       0.623619       0.157960       0.291480
       1.124500       0.362981       0.637019       0.157728       0.277331
       1.149500       0.350261       0.649740       0.157146       0.262656
       1.174500       0.338243       0.661758       0.156213       0.247509
       1.199500       0.326948       0.673052       0.154927       0.231947
       1.224500       0.316395       0.683605       0.153285       0.216029
       1.249500       0.306600       0.693401       0.151284       0.199813
       1.274500       0.297574       0.702427       0.148925       0.183358
       1.299500       0.289327       0.710673       0.146206       0.166723
       1.324500       0.281868       0.718132       0.143132       0.149965
       1.349500       0.275199       0.724801       0.139708       0.133140
       1.374500       0.269324       0.730676       0.135943       0.116301
       1.399500       0.264241       0.735759       0.131846       0.099500
       1.424500       0.259948       0.740052       0.127429       0.082786
       1.449500       0.256440       0.743561       0.122706       0.066207
       1.474500       0.253708       0.746292       0.117689       0.049810
       1.499500       0.251743       0.748257       0.112389       0.033642
       1.524500       0.250534       0.749466       0.106819       0.017750
       1.549500       0.250066       0.749934       0.100990       0.002179
       1.574500       0.250323       0.749677       0.094915      -0.013025
       1.599500       0.251287       0.748714       0.088605      -0.027816
       1.624500       0.252936       0.747064       0.082075      -0.042152
       1.649500       0.255250       0.744750       0.075343      -0.055989
       1.674500       0.258203       0.741797       0.068425      -0.069291
       1.699500       0.261769       0.738231       0.061342      -0.082020
       1.724500       0.265921       0.734079       0.054115      -0.094146
       1.749500       0.270629       0.729371       0.046765      -0.105642
       1.774500       0.275864       0.724136       0.039310      -0.116483
       1.799500       0.281593       0.718407       0.031769      -0.126648
       1.824500       0.287785       0.712215       0.024156      -0.136122
       1.849500       0.294407       0.705593       0.016484      -0.144890
       1.874500       0.301425       0.698575       0.008763      -0.152938
       1.899500       0.308805       0.691196       0.001003      -0.160257
       1.924500       0.316512       0.683488      -0.006788      -0.166835
       1.949500       0.324511       0.675489      -0.014600      -0.172666
       1.974500       0.332768       0.667233      -0.022421      -0.177742
       1.999500       0.341245       0.658755      -0.030235      -0.182060
       2.024500       0.349908       0.650092      -0.038024      -0.185618
       2.049500       0.358721       0.641279      -0.045766      -0.188418
       2.074500       0.367649       0.632352      -0.053437      -0.190467
       2.099500       0.376655       0.623345      -0.061010      -0.191776
       2.124500       0.385705       0.614295      -0.068462      -0.192358
       2.149500       0.394767       0.605234      -0.075768      -0.192231
       2.174500       0.403806       0.596195      -0.082908      -0.191414
       2.199500       0.412790       0.587210      -0.089869      -0.189927
       2.224500       0.421689       0.578311      -0.096640      -0.187791
       2.249500       0.430473       0.569527      -0.103214      -0.185025
       2.274500       0.439112       0.560888      -0.109591      -0.181647
       2.299500       0.447578       0.552423      -0.115771      -0.177674
       2.324500       0.455843       0.544158      -0.121755      -0.173124
       2.349500       0.463880       0.536120      -0.127545      -0.168013
       2.374500       0.471663       0.528337      -0.133139      -0.162361
       2.399500       0.479168       0.520832      -0.138535      -0.156188
       2.424500       0.486371       0.513629      -0.143724      -0.149519
       2.449500       0.493248       0.506752      -0.148697      -0.142382
       2.474500       0.499779       0.500222      -0.153441      -0.134812
       2.499500       0.505943       0.494057      -0.157942      -0.126846
       2.524500       0.511724       0.488276      -0.162186      -0.118523
       2.549500       0.517105       0.482895      -0.166159      -0.109890
       2.574500       0.522073       0.477927      -0.169853      -0.100989
       2.599500       0.526616       0.473384      -0.173261      -0.091867
       2.624500       0.530725       0.469275      -0.176381      -0.082566
       2.649500       0.534393       0.465607      -0.179215      -0.073125
       2.674500       0.537613       0.462387      -0.181766      -0.063581
       2.699500       0.540382       0.459618      -0.184042      -0.053964
       2.724500       0.542697       0.457303      -0.186051      -0.044300
       2.749500       0.544556       0.455445      -0.187800      -0.034614
       2.774500       0.545958       0.454042      -0.189298      -0.024927
       2.799500       0.546904       0.453096      -0.190550      -0.015258
       2.824500       0.547396       0.452604      -0.191561      -0.005630
       2.849500       0.547436       0.452564      -0.192335       0.003934
       2.874500       0.547027       0.452973      -0.192878       0.013410
       2.899500       0.546174       0.453826      -0.193193       0.022768
       2.924500       0.544884       0.455116      -0.193287       0.031977
       2.949500       0.543164       0.456836      -0.193168       0.041003
       2.974500       0.541024       0.458976      -0.192847       0.049811
       2.999500       0.538475       0.461525      -0.192336       0.058366
       3.024500       0.535530       0.464470      -0.191650       0.066634
       3.049500       0.532202       0.467798      -0.190803       0.074584
       3.074500       0.528508       0.471492      -0.189813       0.082186
       3.099500       0.524465       0.475535      -0.188694       0.089417
       3.124500       0.520090       0.479910      -0.187464       0.096259
       3.149500       0.515402       0.484598      -0.186135       0.102695
       3.174500       0.510421       0.489579      -0.184720       0.108715
       3.199500       0.505166       0.494834      -0.183229       0.114311
       3.224500       0.499658       0.500342      -0.181673       0.119479
       3.249500       0.493916       0.506084      -0.180061       0.124215
       3.274500       0.487962       0.512038      -0.178400       0.128517
       3.299500       0.481815       0.518185      -0.176700       0.132383
       3.324500       0.475496       0.524504      -0.174970       0.135814
       3.349500       0.469026       0.530974      -0.173221       0.138808
       3.374500       0.462425       0.537575      -0.171463       0.141365
       3.399500       0.455714       0.544286      -0.169707       0.143487
       3.424500       0.448914       0.551087      -0.167966       0.145174
       3.449500       0.442043       0.557957      -0.166250       0.146430
       3.474500       0.435124       0.564876      -0.164571       0.147259
       3.499500       0.428176       0.571824      -0.162939       0.147667
       3.524500       0.421218       0.578782      -0.161364       0.147661
       3.549500       0.414270       0.585730      -0.159856       0.147248
       3.574500       0.407351       0.592649      -0.158423       0.146438
       3.599500       0.400480       0.599520      -0.157077       0.145240
       3.624500       0.393674       0.606327      -0.155825       0.143664
       3.649500       0.386950       0.613050      -0.154679       0.141720
       3.674500       0.380327       0.619673      -0.153648       0.139418
       3.699500       0.373820       0.626180      -0.152742       0.136771
       3.724500       0.367446       0.632554      -0.151970       0.133789
       3.749500       0.361221       0.638780      -0.151339       0.130485
       3.774500       0.355158       0.644843      -0.150858       0.126873
       3.799500       0.349272       0.650729      -0.150532       0.122967
       3.824500       0.343577       0.656424      -0.150364       0.118785
       3.849500       0.338084       0.661916      -0.150355       0.114346
       3.874500       0.332807       0.667193      -0.150505       0.109672
       3.899500       0.327755       0.672245      -0.150808       0.104787
       3.924500       0.322938       0.677063      -0.151261       0.099717
       3.949500       0.318363       0.681638      -0.151857       0.094489
       3.974500       0.314037       0.685963      -0.152590       0.089132
       3.999500       0.309967       0.690034      -0.153452       0.083674
       4.024500       0.306155       0.693845      -0.154439       0.078143
       4.049500       0.302605       0.697395      -0.155546       0.072565
       4.074500       0.299319       0.700682      -0.156769       0.066962
       4.099500       0.296296       0.703704      -0.158105       0.061355
       4.124500       0.293538       0.706462      -0.159553       0.055760
       4.149500       0.291043       0.708958      -0.161112       0.050188
       4.174500       0.288809       0.711191      -0.162779       0.044648
       4.199500       0.286835       0.713165      -0.164552       0.039148
       4.224500       0.285120       0.714880      -0.166430       0.033691
       4.249500       0.283661       0.716340      -0.168408       0.028283
       4.274500       0.282454       0.717546      -0.170483       0.022931
       4.299500       0.281499       0.718501      -0.172648       0.017643
       4.324500       0.280791       0.719209      -0.174898       0.012428
       4.349500       0.280327       0.719674      -0.177226       0.007301
       4.374500       0.280102       0.719899      -0.179627       0.002279
       4.399500       0.280110       0.719890      -0.182094      -0.002621
       4.424500       0.280346       0.719654      -0.184621      -0.007377
       4.449500       0.280803       0.719198      -0.187204      -0.011969
       4.474500       0.281471       0.718529      -0.189837      -0.016377
       4.499500       0.282342       0.717658      -0.192516      -0.020580
       4.524500       0.283407       0.716594      -0.195233      -0.024564
       4.549500       0.284653       0.715347      -0.197986      -0.028316
       4.574500       0.286071       0.713930      -0.200766      -0.031828
       4.599500       0.287648       0.712353      -0.203569      -0.035094
       4.624500       0.289373       0.710627      -0.206386      -0.038113
       4.649500       0.291235       0.708766      -0.209211      -0.040887
       4.674500       0.293221       0.706779      -0.212036      -0.043419
       4.699500       0.295322       0.704679      -0.214853      -0.045710
       4.724500       0.297524       0.702476      -0.217654      -0.047766
       4.749500       0.299818       0.700182      -0.220434      -0.049588
       4.774500       0.302193       0.697808      -0.223186      -0.051177
       4.799500       0.304636       0.695364      -0.225904      -0.052532
       4.824500       0.307138       0.692862      -0.228587      -0.053651
       4.849500       0.309687       0.690313      -0.231229      -0.054534
       4.874500       0.312272       0.687728      -0.233827      -0.055177
       4.899500       0.314882       0.685118      -0.236380      -0.055581
       4.924500       0.317505       0.682495      -0.238883      -0.055746
       4.949500       0.320131       0.679870      -0.241331      -0.055679
       4.974500       0.322747       0.677253      -0.243721      -0.055386
       4.999500       0.325345       0.674655      -0.246045      -0.054879
       5.024500       0.327915       0.672086      -0.248299      -0.054171
       5.049500       0.330446       0.669554      -0.250476      -0.053279
       5.074500       0.332932       0.667069      -0.252570      -0.052220
       5.099500       0.335364       0.664637      -0.254579      -0.051009
       5.124500       0.337735       0.662265      -0.256499      -0.049661
       5.149500       0.340041       0.659960      -0.258330      -0.048188
       5.174500       0.342274       0.657727      -0.260072      -0.046598
       5.199500       0.344429       0.655571      -0.261728      -0.044894
       5.224500       0.346502       0.653499      -0.263300      -0.043078
       5.249500       0.348486       0.651514      -0.264794      -0.041146
       5.274500       0.350376       0.649624      -0.266211      -0.039094
       5.299500       0.352167       0.647833      -0.267556      -0.036917
       5.324500       0.353852       0.646148      -0.268830      -0.034611
       5.349500       0.355426       0.644574      -0.270034      -0.032173
       5.374500       0.356882       0.643119      -0.271168      -0.029606
       5.399500       0.358213       0.641787      -0.272232      -0.026913
       5.424500       0.359415       0.640585      -0.273222      -0.024105
       5.449500       0.360483       0.639517      -0.274136      -0.021197
       5.474500       0.361411       0.638589      -0.274972      -0.018204
       5.499500       0.362197       0.637803      -0.275727      -0.015150
       5.524500       0.362838       0.637162      -0.276401      -0.012055
       5.549500       0.363333       0.636668      -0.276993      -0.008944
       5.574500       0.363681       0.636320      -0.277505      -0.005840
       5.599500       0.363883       0.636117      -0.277940      -0.002764
       5.624500       0.363942       0.636059      -0.278302       0.000268
       5.649500       0.363859       0.636141      -0.278595       0.003238
       5.674500       0.363638       0.636363      -0.278824       0.006137
       5.699500       0.363282       0.636718      -0.278995       0.008953
       5.724500       0.362796       0.637205      -0.279110       0.011682
       5.749500       0.362183       0.637817      -0.279177       0.014318
       5.774500       0.361448       0.638552      -0.279197       0.016855
       5.799500       0.360596       0.639404      -0.279176       0.019292
       5.824500       0.359632       0.640368      -0.279117       0.021624
       5.849500       0.358561       0.641440      -0.279023       0.023848
       5.874500       0.357387       0.642613      -0.278896       0.025963
       5.899500       0.356116       0.643884      -0.278740       0.027966
       5.924500       0.354754       0.645246      -0.278556       0.029858
       5.949500       0.353305       0.646695      -0.278348       0.031641
       5.974500       0.351775       0.648226      -0.278116       0.033318
       5.999500       0.350168       0.649833      -0.277863       0.034894
       6.024500       0.348489       0.651512      -0.277590       0.036374
       6.049500       0.346742       0.653258      -0.277298       0.037765
       6.074500       0.344932       0.655069      -0.276988       0.039073
       6.099500       0.343062       0.656938      -0.276662       0.040301
       6.124500       0.341136       0.658864      -0.276319       0.041454
       6.149500       0.339158       0.660843      -0.275962       0.042529
       6.174500       0.337130       0.662870      -0.275592       0.043522
       6.199500       0.335059       0.664942      -0.275213       0.044427
       6.224500       0.332946       0.667054      -0.274828       0.045231
       6.249500       0.330799       0.669201      -0.274442       0.045921
       6.274500       0.328622       0.671378      -0.274060       0.046482
       6.299500       0.326422       0.673578      -0.273688       0.046898
       6.324500       0.324206       0.675795      -0.273331       0.047159
       6.349500       0.321981       0.678019      -0.272997       0.047253
       6.374500       0.319757       0.680244      -0.272689       0.047178
       6.399500       0.317539       0.682461      -0.272412       0.046934
       6.424500       0.315337       0.684663      -0.272169       0.046529
       6.449500       0.313158       0.686842      -0.271962       0.045973
       6.474500       0.311008       0.688992      -0.271792       0.045281
       6.499500       0.308894       0.691107      -0.271658       0.044472
       6.524500       0.306820       0.693181      -0.271559       0.043563
       6.549500       0.304791       0.695210      -0.271495       0.042570
       6.574500       0.302810       0.697190      -0.271465       0.041508
       6.599500       0.300881       0.699120      -0.271469       0.040386
       6.624500       0.299006       0.700995      -0.271507       0.039211
       6.649500       0.297187       0.702813      -0.271580       0.037984
       6.674500       0.295428       0.704572      -0.271690       0.036705
       6.699500       0.293730       0.706270      -0.271838       0.035368
       6.724500       0.292097       0.707904      -0.272025       0.033967
       6.749500       0.290531       0.709469      -0.272253       0.032496
       6.774500       0.289036       0.710964      -0.272523       0.030951
       6.799500       0.287616       0.712384      -0.272835       0.029332
       6.824500       0.286274       0.713726      -0.273190       0.027642
       6.849500       0.285013       0.714988      -0.273586       0.025891
       6.874500       0.283835       0.716165      -0.274024       0.024092
       6.899500       0.282744       0.717257      -0.274502       0.022263
       6.924500       0.281738       0.718262      -0.275018       0.020427
       6.949500       0.280819       0.719182      -0.275569       0.018604
       6.974500       0.279985       0.720016      -0.276154       0.016818
       6.999500       0.279233       0.720767      -0.276768       0.015088
       7.024500       0.278562       0.721438      -0.277410       0.013429
       7.049500       0.277967       0.722034      -0.278076       0.011851
       7.074500       0.277444       0.722556      -0.278762       0.010357
       7.099500       0.276990       0.723011      -0.279468       0.008944
       7.124500       0.276600       0.723400      -0.280189       0.007603
       7.149500       0.276273       0.723728      -0.280925       0.006322
       7.174500       0.276004       0.723996      -0.281675       0.005084
       7.199500       0.275793       0.724207      -0.282437       0.003873
       7.224500       0.275639       0.724361      -0.283211       0.002675
       7.249500       0.275541       0.724459      -0.283995       0.001475
       7.274500       0.275500       0.724500      -0.284790       0.000266
       7.299500       0.275516       0.724484      -0.285595      -0.000957
       7.324500       0.275590       0.724410      -0.286409      -0.002191
       7.349500       0.275723       0.724278      -0.287233      -0.003433
       7.374500       0.275914       0.724087      -0.288065      -0.004672
       7.399500       0.276163       0.723838      -0.288905      -0.005896
       7.424500       0.276469       0.723532      -0.289754      -0.007092
       7.449500       0.276830       0.723170      -0.290611      -0.008245
       7.474500       0.277245       0.722756      -0.291476      -0.009343
       7.499500       0.277710       0.722291      -0.292349      -0.010374
       7.524500       0.278221       0.721779      -0.293229      -0.011328
       7.549500       0.278775       0.721225      -0.294115      -0.012196
       7.574500       0.279369       0.720632      -0.295004      -0.012973
       7.599500       0.279996       0.720004      -0.295897      -0.013654
       7.624500       0.280653       0.719347      -0.296788      -0.014235
       7.649500       0.281336       0.718665      -0.297676      -0.014715
       7.674500       0.282038       0.717962      -0.298558      -0.015091
       7.699500       0.282756       0.717245      -0.299430      -0.015361
       7.724500       0.283484       0.716517      -0.300288      -0.015526
       7.749500       0.284217       0.715783      -0.301130      -0.015584
       7.774500       0.284950       0.715050      -0.301952      -0.015535
       7.799500       0.285679       0.714321      -0.302752      -0.015381
       7.824500       0.286398       0.713603      -0.303529      -0.015125
       7.849500       0.287102       0.712898      -0.304280      -0.014772
       7.874500       0.287788       0.712212      -0.305004      -0.014331
       7.899500       0.288451       0.711549      -0.305699      -0.013811
       7.924500       0.289088       0.710912      -0.306365      -0.013226
       7.949500       0.289697       0.710304      -0.307001      -0.012589
       7.974500       0.290274       0.709726      -0.307605      -0.011916
       7.999500       0.290819       0.709181      -0.308177      -0.011221
       8.024500       0.291331       0.708669      -0.308717      -0.010519
       8.049500       0.291810       0.708190      -0.309226      -0.009819
       8.074500       0.292256       0.707744      -0.309704      -0.009131
       8.099500       0.292671       0.707330      -0.310153      -0.008458
       8.124500       0.293053       0.706947      -0.310576      -0.007800
       8.149500       0.293406       0.706595      -0.310975      -0.007155
       8.174500       0.293728       0.706273      -0.311351      -0.006518
       8.199500       0.294020       0.705981      -0.311707      -0.005882
       8.224500       0.294282       0.705719      -0.312044      -0.005241
       8.249500       0.294513       0.705487      -0.312365      -0.004588
       8.274500       0.294714       0.705287      -0.312670      -0.003922
       8.299500       0.294883       0.705118      -0.312960      -0.003241
       8.324500       0.295019       0.704981      -0.313234      -0.002546
       8.349500       0.295122       0.704878      -0.313491      -0.001843
       8.374500       0.295193       0.704808      -0.313730      -0.001137
       8.399500       0.295230       0.704771      -0.313951      -0.000433
       8.424500       0.295234       0.704767      -0.314152       0.000261
       8.449500       0.295205       0.704795      -0.314335       0.000942
       8.474500       0.295145       0.704855      -0.314499       0.001608
       8.499500       0.295054       0.704947      -0.314646       0.002260
       8.524500       0.294932       0.705068      -0.314777       0.002901
       8.549500       0.294781       0.705220      -0.314895       0.003538
       8.574500       0.294599       0.705401      -0.315000       0.004179
       8.599500       0.294387       0.705614      -0.315094       0.004832
       8.624500       0.294143       0.705857      -0.315177       0.005505
       8.649500       0.293868       0.706133      -0.315249       0.006202
       8.674500       0.293559       0.706442      -0.315308       0.006924
       8.699500       0.293215       0.706785      -0.315354       0.007670
       8.724500       0.292836       0.707165      -0.315384       0.008430
       8.749500       0.292421       0.707580      -0.315398       0.009193
       8.774500       0.291970       0.708031      -0.315395       0.009945
       8.799500       0.291484       0.708516      -0.315374       0.010669
       8.824500       0.290965       0.709035      -0.315336       0.011350
       8.849500       0.290416       0.709585      -0.315282       0.011973
       8.874500       0.289838       0.710162      -0.315216       0.012528
       8.899500       0.289237       0.710764      -0.315140       0.013009
       8.924500       0.288614       0.711386      -0.315057       0.013415
       8.949500       0.287974       0.712027      -0.314973       0.013752
       8.974500       0.287319       0.712681      -0.314889       0.014029
       8.999500       0.286653       0.713348      -0.314807       0.014259
       9.024500       0.285976       0.714024      -0.314730       0.014454
       9.049500       0.285291       0.714709      -0.314657       0.014627
       9.074500       0.284598       0.715402      -0.314589       0.014790
       9.099500       0.283898       0.716102      -0.314524       0.014948
       9.124500       0.283190       0.716810      -0.314462       0.015100
       9.149500       0.282476       0.717525      -0.314402       0.015242
       9.174500       0.281755       0.718246      -0.314343       0.015362
       9.199500       0.281029       0.718972      -0.314287       0.015443
       9.224500       0.280301       0.719700      -0.314235       0.015468
       9.249500       0.279573       0.720428      -0.314189       0.015417
       9.274500       0.278849       0.721151      -0.314152       0.015272
       9.299500       0.278136       0.721865      -0.314126       0.015022
       9.324500       0.277436       0.722565      -0.314115       0.014659
       9.349500       0.276756       0.723244      -0.314122       0.014185
       9.374500       0.276101       0.723899      -0.314150       0.013609
       9.399500       0.275475       0.724525      -0.314200       0.012947
       9.424500       0.274882       0.725118      -0.314273       0.012223
       9.449500       0.274324       0.725676      -0.314369       0.011464
       9.474500       0.273802       0.726198      -0.314486       0.010700
       9.499500       0.273316       0.726685      -0.314623       0.009960
       9.524500       0.272863       0.727137      -0.314778       0.009271
       9.549500       0.272441       0.727559      -0.314947       0.008655
       9.574500       0.272046       0.727954      -0.315129       0.008126
       9.599500       0.271674       0.728326      -0.315318       0.007691
       9.624500       0.271320       0.728680      -0.315514       0.007351
       9.649500       0.270980       0.729020      -0.315711       0.007097
       9.674500       0.270650       0.729350      -0.315908       0.006917
       9.699500       0.270328       0.729673      -0.316102       0.006792
       9.724500       0.270010       0.729991      -0.316292       0.006701
       9.749500       0.269696       0.730304      -0.316476       0.006625
       9.774500       0.269386       0.730615      -0.316654       0.006544
       9.799500       0.269080       0.730921      -0.316826       0.006439
       9.824500       0.268780       0.731221      -0.316992       0.006299
       9.849500       0.268487       0.731513      -0.317154       0.006113
       9.874500       0.268205       0.731796      -0.317312       0.005876
       9.899500       0.267934       0.732066      -0.317470       0.005585
       9.924500       0.267679       0.732321      -0.317629       0.005242
       9.949500       0.267441       0.732559      -0.317793       0.004850
       9.974500       0.267223       0.732777      -0.317963       0.004412
       9.999500       0.267026       0.732974      -0.318142       0.003934
      10.024500       0.266853       0.733148      -0.318332       0.003420
      10.049500       0.266705       0.733296      -0.318535       0.002875
      10.074500       0.266583       0.733418      -0.318752       0.002305
      10.099500       0.266488       0.733513      -0.318984       0.001713
      10.124500       0.266421       0.733579      -0.319230       0.001107
      10.149500       0.266384       0.733617      -0.319491       0.000492
      10.174500       0.266375       0.733626      -0.319765      -0.000122
      10.199500       0.266395       0.733605      -0.320052      -0.000727
      10.224500       0.266443       0.733557      -0.320350      -0.001312
      10.249500       0.266518       0.733482      -0.320659      -0.001865
      10.274500       0.266618       0.733382      -0.320977      -0.002378
      10.299500       0.266741       0.733259      -0.321302      -0.002841
      10.324500       0.266885       0.733116      -0.321632      -0.003247
      10.349500       0.267046       0.732954      -0.321965      -0.003592
      10.374500       0.267222       0.732778      -0.322300      -0.003876
      10.399500       0.267411       0.732590      -0.322634      -0.004102
      10.424500       0.267608       0.732392      -0.322965      -0.004276
      10.449500       0.267813       0.732188      -0.323292      -0.004406
      10.474500       0.268023       0.731978      -0.323614      -0.004501
      10.499500       0.268236       0.731764      -0.323929      -0.004571
      10.524500       0.268453       0.731548      -0.324236      -0.004622
      10.549500       0.268672       0.731329      -0.324535      -0.004661
      10.574500       0.268892       0.731109      -0.324827      -0.004687
      10.599500       0.269113       0.730887      -0.325111      -0.004700
      10.624500       0.269334       0.730666      -0.325387      -0.004693
      10.649500       0.269555       0.730446      -0.325655      -0.004659
      10.674500       0.269773       0.730228      -0.325915      -0.004587
      10.699500       0.269986       0.730014      -0.326167      -0.004469
      10.724500       0.270193       0.729807      -0.326409      -0.004297
      10.749500       0.270390       0.729610      -0.326642      -0.004067
      10.774500       0.270575       0.729425      -0.326863      -0.003777
      10.799500       0.270745       0.729255      -0.327072      -0.003433
      10.824500       0.270898       0.729103      -0.327267      -0.003043
      10.849500       0.271032       0.728969      -0.327447      -0.002621
      10.874500       0.271145       0.728856      -0.327613      -0.002183
      10.899500       0.271237       0.728763      -0.327764      -0.001747
      10.924500       0.271310       0.728691      -0.327901      -0.001331
      10.949500       0.271363       0.728637      -0.328024      -0.000950
      10.974500       0.271400       0.728601      -0.328135      -0.000616
      10.999500       0.271422       0.728578      -0.328237      -0.000336
      11.024500       0.271432       0.728568      -0.328330      -0.000109
      11.049500       0.271433       0.728567      -0.328417       0.000068
      11.074500       0.271427       0.728574      -0.328500       0.000205
      11.099500       0.271414       0.728586      -0.328580       0.000316
      11.124500       0.271397       0.728603      -0.328657       0.000415
      11.149500       0.271375       0.728625      -0.328733       0.000516
      11.174500       0.271348       0.728652      -0.328806       0.000631
      11.199500       0.271315       0.728685      -0.328878       0.000767
      11.224500       0.271276       0.728725      -0.328946       0.000927
      11.249500       0.271228       0.728773      -0.329012       0.001109
      11.274500       0.271171       0.728830      -0.329074       0.001304
      11.299500       0.271105       0.728896      -0.329132       0.001503
      11.324500       0.271029       0.728971      -0.329187       0.001691
      11.349500       0.270946       0.729055      -0.329237       0.001856
      11.374500       0.270855       0.729145      -0.329283       0.001983
      11.399500       0.270760       0.729241      -0.329327       0.002066
      11.424500       0.270661       0.729339      -0.329369       0.002100
      11.449500       0.270563       0.729438      -0.329411       0.002086
      11.474500       0.270465       0.729535      -0.329454       0.002032
      11.499500       0.270372       0.729629      -0.329500       0.001950
      11.524500       0.270282       0.729719      -0.329550       0.001858
      11.549500       0.270196       0.729804      -0.329605       0.001774
      11.574500       0.270114       0.729886      -0.329667       0.001717
      11.599500       0.270034       0.729967      -0.329733       0.001706
      11.624500       0.269953       0.730048      -0.329803       0.001755
      11.649500       0.269868       0.730133      -0.329875       0.001871
      11.674500       0.269775       0.730225      -0.329947       0.002059
      11.699500       0.269673       0.730328      -0.330015       0.002314
      11.724500       0.269556       0.730444      -0.330077       0.002628
      11.749500       0.269424       0.730576      -0.330129       0.002986
      11.774500       0.269275       0.730726      -0.330168       0.003372
      11.799500       0.269106       0.730894      -0.330194       0.003768
      11.824500       0.268920       0.731081      -0.330207       0.004157
      11.849500       0.268715       0.731285      -0.330206       0.004527
      11.874500       0.268494       0.731507      -0.330194       0.004865
      11.899500       0.268257       0.731743      -0.330173       0.005169
      11.924500       0.268007       0.731993      -0.330143       0.005435
      11.949500       0.267746       0.732255      -0.330108       0.005667
      11.974500       0.267474       0.732527      -0.330066       0.005868
      11.999500       0.267193       0.732807      -0.330020       0.006044
      12.024500       0.266905       0.733096      -0.329969       0.006197
      12.049500       0.266610       0.733391      -0.329914       0.006330
      12.074500       0.266309       0.733692      -0.329854       0.006442
      12.099500       0.266003       0.733997      -0.329790       0.006527
      12.124500       0.265694       0.734306      -0.329724       0.006579
      12.149500       0.265384       0.734617      -0.329657       0.006589
      12.174500       0.265074       0.734926      -0.329590       0.006546
      12.199500       0.264768       0.735232      -0.329528       0.006440
      12.224500       0.264469       0.735532      -0.329471       0.006264
      12.249500       0.264179       0.735821      -0.329424       0.006012
      12.274500       0.263903       0.736097      -0.329388       0.005682
      12.299500       0.263645       0.736355      -0.329366       0.005276
      12.324500       0.263408       0.736593      -0.329360       0.004802
      12.349500       0.263194       0.736807      -0.329373       0.004270
      12.374500       0.263006       0.736995      -0.329406       0.003696
      12.399500       0.262846       0.737155      -0.329460       0.003098
      12.424500       0.262714       0.737286      -0.329535       0.002494
      12.449500       0.262611       0.737390      -0.329631       0.001905
      12.474500       0.262534       0.737466      -0.329747       0.001347
      12.499500       0.262483       0.737518      -0.329881       0.000835
      12.524500       0.262455       0.737546      -0.330031       0.000383
      12.549500       0.262446       0.737555      -0.330196      -0.000003
      12.574500       0.262454       0.737547      -0.330371      -0.000317
      12.599500       0.262475       0.737526      -0.330555      -0.000558
      12.624500       0.262505       0.737495      -0.330744      -0.000725
      12.649500       0.262542       0.737459      -0.330936      -0.000821
      12.674500       0.262581       0.737419      -0.331128      -0.000849
      12.699500       0.262621       0.737380      -0.331315      -0.000812
      12.724500       0.262657       0.737343      -0.331496      -0.000716
      12.749500       0.262687       0.737313      -0.331666      -0.000565
      12.774500       0.262710       0.737291      -0.331824      -0.000367
      12.799500       0.262721       0.737279      -0.331966      -0.000128
      12.824500       0.262721       0.737279      -0.332091       0.000141
      12.849500       0.262708       0.737293      -0.332198       0.000428
      12.874500       0.262681       0.737320      -0.332287       0.000721
      12.899500       0.262640       0.737360      -0.332358       0.001003
      12.924500       0.262587       0.737414      -0.332413       0.001259
      12.949500       0.262522       0.737478      -0.332454       0.001472
      12.974500       0.262449       0.737552      -0.332484       0.001629
      12.999500       0.262370       0.737631      -0.332505       0.001716
      13.024500       0.262288       0.737712      -0.332522       0.001727
      13.049500       0.262208       0.737792      -0.332538       0.001659
      13.074500       0.262133       0.737867      -0.332554       0.001517
      13.099500       0.262066       0.737934      -0.332573       0.001311
      13.124500       0.262011       0.737990      -0.332598       0.001056
      13.149500       0.261967       0.738033      -0.332630       0.000774
      13.174500       0.261938       0.738063      -0.332668       0.000488
      13.199500       0.261921       0.738080      -0.332715       0.000220
      13.224500       0.261916       0.738084      -0.332768      -0.000007
      13.249500       0.261921       0.738080      -0.332827      -0.000176
      13.274500       0.261932       0.738069      -0.332890      -0.000275
      13.299500       0.261946       0.738055      -0.332957      -0.000302
      13.324500       0.261959       0.738042      -0.333023      -0.000259
      13.349500       0.261969       0.738032      -0.333089      -0.000158
      13.374500       0.261973       0.738027      -0.333152      -0.000019
      13.399500       0.261971       0.738030      -0.333210       0.000138
      13.424500       0.261961       0.738040      -0.333264       0.000285
      13.449500       0.261944       0.738056      -0.333314       0.000400
      13.474500       0.261924       0.738077      -0.333362       0.000460
      13.499500       0.261902       0.738099      -0.333409       0.000448
      13.524500       0.261883       0.738118      -0.333457       0.000356
      13.549500       0.261870       0.738131      -0.333510       0.000183
      13.574500       0.261867       0.738134      -0.333569      -0.000065
      13.599500       0.261877       0.738124      -0.333636      -0.000372
      13.624500       0.261902       0.738098      -0.333712      -0.000719
      13.649500       0.261945       0.738056      -0.333798      -0.001082
      13.674500       0.262004       0.737997      -0.333894      -0.001434
      13.699500       0.262079       0.737921      -0.333999      -0.001753
      13.724500       0.262169       0.737832      -0.334111      -0.002017
      13.749500       0.262268       0.737732      -0.334230      -0.002212
      13.774500       0.262376       0.737625      -0.334351      -0.002328
      13.799500       0.262487       0.737514      -0.334472      -0.002365
      13.824500       0.262597       0.737403      -0.334591      -0.002326
      13.849500       0.262705       0.737296      -0.334704      -0.002221
      13.874500       0.262806       0.737195      -0.334810      -0.002062
      13.899500       0.262898       0.737102      -0.334909      -0.001866
      13.924500       0.262981       0.737020      -0.335000      -0.001643
      13.949500       0.263053       0.736948      -0.335083      -0.001407
      13.974500       0.263113       0.736887      -0.335160      -0.001164
      13.999500       0.263163       0.736838      -0.335231      -0.000918
      14.024500       0.263200       0.736801      -0.335297      -0.000669
      14.049500       0.263225       0.736775      -0.335358      -0.000414
      14.074500       0.263239       0.736762      -0.335414      -0.000148
      14.099500       0.263239       0.736762      -0.335463       0.000135
      14.124500       0.263226       0.736775      -0.335505       0.000439
      14.149500       0.263197       0.736803      -0.335538       0.000766
      14.174500       0.263153       0.736848      -0.335561       0.001113
      14.199500       0.263092       0.736908      -0.335572       0.001474
      14.224500       0.263014       0.736986      -0.335569       0.001841
      14.249500       0.262919       0.737082      -0.335553       0.002202
      14.274500       0.262807       0.737194      -0.335522       0.002542
      14.299500       0.262680       0.737321      -0.335479       0.002847
      14.324500       0.262540       0.737461      -0.335425       0.003106
      14.349500       0.262388       0.737612      -0.335363       0.003309
      14.374500       0.262229       0.737772      -0.335297       0.003449
      14.399500       0.262064       0.737936      -0.335229       0.003523
      14.424500       0.261898       0.738103      -0.335163       0.003534
      14.449500       0.261732       0.738268      -0.335101       0.003486
      14.474500       0.261570       0.738430      -0.335045       0.003386
      14.499500       0.261414       0.738587      -0.334996       0.003243
      14.524500       0.261265       0.738735      -0.334956       0.003065
      14.549500       0.261126       0.738875      -0.334924       0.002860
      14.574500       0.260996       0.739005      -0.334900       0.002634
      14.599500       0.260878       0.739123      -0.334885       0.002390
      14.624500       0.260771       0.739229      -0.334879       0.002128
      14.649500       0.260678       0.739323      -0.334881       0.001850
      14.674500       0.260597       0.739403      -0.334894       0.001553
      14.699500       0.260531       0.739469      -0.334917       0.001237
      14.724500       0.260481       0.739520      -0.334953       0.000900
      14.749500       0.260447       0.739554      -0.335001       0.000546
      14.774500       0.260430       0.739571      -0.335065       0.000180
      14.799500       0.260430       0.739571      -0.335143      -0.000193
      14.824500       0.260448       0.739553      -0.335237      -0.000561
      14.849500       0.260483       0.739518      -0.335346      -0.000913
      14.874500       0.260533       0.739467      -0.335469      -0.001236
      14.899500       0.260599       0.739402      -0.335604      -0.001518
      14.924500       0.260676       0.739325      -0.335749      -0.001747
      14.949500       0.260762       0.739238      -0.335901      -0.001914
      14.974500       0.260855       0.739146      -0.336057      -0.002013
      14.999500       0.260951       0.739050      -0.336214      -0.002041
      15.024500       0.261046       0.738954      -0.336369      -0.002000
      15.049500       0.261138       0.738863      -0.336517      -0.001893
      15.074500       0.261224       0.738777      -0.336657      -0.001728
      15.099500       0.261300       0.738701      -0.336786      -0.001512
      15.124500       0.261366       0.738635      -0.336901      -0.001256
      15.149500       0.261418       0.738583      -0.337002      -0.000967
      15.174500       0.261456       0.738544      -0.337086      -0.000652
      15.199500       0.261479       0.738522      -0.337151      -0.000316
      15.224500       0.261486       0.738515      -0.337198       0.000038
      15.249500       0.261475       0.738525      -0.337224       0.000408
      15.274500       0.261447       0.738554      -0.337228       0.000794
      15.299500       0.261400       0.738600      -0.337210       0.001194
      15.324500       0.261334       0.738666      -0.337169       0.001607
      15.349500       0.261249       0.738752      -0.337106       0.002026
      15.374500       0.261144       0.738857      -0.337023       0.002444
      15.399500       0.261019       0.738982      -0.336921       0.002850
      15.424500       0.260875       0.739125      -0.336804       0.003228
      15.449500       0.260715       0.739285      -0.336674       0.003562
      15.474500       0.260541       0.739460      -0.336536       0.003834
      15.499500       0.260355       0.739645      -0.336394       0.004029
      15.524500       0.260163       0.739838      -0.336253       0.004130
      15.549500       0.259968       0.740033      -0.336118       0.004129
      15.574500       0.259775       0.740225      -0.335992       0.004020
      15.599500       0.259591       0.740410      -0.335881       0.003806
      15.624500       0.259418       0.740582      -0.335787       0.003495
      15.649500       0.259263       0.740738      -0.335712       0.003103
      15.674500       0.259127       0.740874      -0.335658       0.002651
      15.699500       0.259013       0.740987      -0.335626       0.002165
      15.724500       0.258923       0.741078      -0.335614       0.001671
      15.749500       0.258856       0.741145      -0.335621       0.001194
      15.774500       0.258810       0.741191      -0.335646       0.000758
      15.799500       0.258783       0.741217      -0.335686       0.000378
      15.824500       0.258773       0.741227      -0.335739       0.000065
      15.849500       0.258776       0.741224      -0.335801      -0.000178
      15.874500       0.258789       0.741212      -0.335871      -0.000357
      15.899500       0.258809       0.741192      -0.335944      -0.000482
      15.924500       0.258834       0.741167      -0.336019      -0.000568
      15.949500       0.258862       0.741138      -0.336094      -0.000634
      15.974500       0.258894       0.741107      -0.336167      -0.000696
      15.999500       0.258928       0.741073      -0.336239      -0.000770
      16.024500       0.258966       0.741034      -0.336310      -0.000868
      16.049500       0.259010       0.740991      -0.336381      -0.000996
      16.074500       0.259061       0.740940      -0.336455      -0.001153
      16.099500       0.259119       0.740882      -0.336535      -0.001334
      16.124500       0.259187       0.740814      -0.336623      -0.001525
      16.149500       0.259263       0.740738      -0.336720      -0.001712
      16.174500       0.259348       0.740653      -0.336828      -0.001877
      16.199500       0.259439       0.740562      -0.336945      -0.002003
      16.224500       0.259535       0.740465      -0.337071      -0.002075
      16.249500       0.259634       0.740367      -0.337202      -0.002083
      16.274500       0.259731       0.740270      -0.337334      -0.002022
      16.299500       0.259823       0.740178      -0.337462      -0.001894
      16.324500       0.259908       0.740093      -0.337582      -0.001708
      16.349500       0.259983       0.740018      -0.337690      -0.001474
      16.374500       0.260046       0.739954      -0.337783      -0.001211
      16.399500       0.260097       0.739904      -0.337858      -0.000935
      16.424500       0.260135       0.739866      -0.337915      -0.000665
      16.449500       0.260160       0.739841      -0.337957      -0.000416
      16.474500       0.260174       0.739826      -0.337985      -0.000198
      16.499500       0.260179       0.739821      -0.338002      -0.000018
      16.524500       0.260177       0.739824      -0.338013       0.000123
      16.549500       0.260168       0.739832      -0.338020       0.000230
      16.574500       0.260155       0.739845      -0.338025       0.000311
      16.599500       0.260139       0.739861      -0.338031       0.000377
      16.624500       0.260120       0.739881      -0.338039       0.000443
      16.649500       0.260097       0.739903      -0.338048       0.000518
      16.674500       0.260071       0.739930      -0.338057       0.000616
      16.699500       0.260039       0.739962      -0.338065       0.000741
      16.724500       0.260000       0.740000      -0.338069       0.000900
      16.749500       0.259954       0.740047      -0.338068       0.001091
      16.774500       0.259897       0.740104      -0.338057       0.001311
      16.799500       0.259830       0.740171      -0.338037       0.001554
      16.824500       0.259751       0.740250      -0.338005       0.001810
      16.849500       0.259659       0.740342      -0.337961       0.002070
      16.874500       0.259556       0.740445      -0.337905       0.002323
      16.899500       0.259440       0.740560      -0.337839       0.002561
      16.924500       0.259315       0.740686      -0.337762       0.002773
      16.949500       0.259180       0.740821      -0.337678       0.002951
      16.974500       0.259037       0.740963      -0.337590       0.003089
      16.999500       0.258889       0.741111      -0.337500       0.003178
      17.024500       0.258739       0.741262      -0.337411       0.003213
      17.049500       0.258588       0.741413      -0.337326       0.003189
      17.074500       0.258439       0.741561      -0.337248       0.003098
      17.099500       0.258297       0.741704      -0.337179       0.002936
      17.124500       0.258164       0.741837      -0.337121       0.002698
      17.149500       0.258044       0.741957      -0.337076       0.002379
      17.174500       0.257941       0.742060      -0.337046       0.001980
      17.199500       0.257859       0.742142      -0.337033       0.001503
      17.224500       0.257801       0.742200      -0.337039       0.000955
      17.249500       0.257770       0.742231      -0.337065       0.000348
      17.274500       0.257768       0.742232      -0.337113      -0.000302
      17.299500       0.257798       0.742202      -0.337182      -0.000971
      17.324500       0.257860       0.742141      -0.337273      -0.001637
      17.349500       0.257952       0.742048      -0.337384      -0.002271
      17.374500       0.258073       0.741928      -0.337513      -0.002847
      17.399500       0.258219       0.741781      -0.337658      -0.003340
      17.424500       0.258386       0.741615      -0.337817      -0.003727
      17.449500       0.258568       0.741432      -0.337984      -0.003993
      17.474500       0.258760       0.741240      -0.338157      -0.004129
      17.499500       0.258955       0.741045      -0.338330      -0.004132
      17.524500       0.259148       0.740853      -0.338500      -0.004009
      17.549500       0.259331       0.740669      -0.338661      -0.003774
      17.574500       0.259502       0.740499      -0.338810      -0.003444
      17.599500       0.259655       0.740346      -0.338943      -0.003042
      17.624500       0.259787       0.740213      -0.339059      -0.002592
      17.649500       0.259898       0.740102      -0.339157      -0.002116
      17.674500       0.259987       0.740014      -0.339235      -0.001634
      17.699500       0.260052       0.739948      -0.339296      -0.001162
      17.724500       0.260097       0.739904      -0.339338      -0.000711
      17.749500       0.260120       0.739881      -0.339364      -0.000287
      17.774500       0.260124       0.739877      -0.339373       0.000109
      17.799500       0.260110       0.739891      -0.339366       0.000482
      17.824500       0.260079       0.739922      -0.339343       0.000836
      17.849500       0.260032       0.739969      -0.339306       0.001178
      17.874500       0.259968       0.740033      -0.339254       0.001513
      17.899500       0.259889       0.740112      -0.339188       0.001846
      17.924500       0.259794       0.740207      -0.339109       0.002176
      17.949500       0.259684       0.740317      -0.339018       0.002500
      17.974500       0.259559       0.740442      -0.338915       0.002810
      17.999500       0.259420       0.740581      -0.338804       0.003096
      18.024500       0.259268       0.740733      -0.338684       0.003347
      18.049500       0.259105       0.740896      -0.338558       0.003550
      18.074500       0.258934       0.741067      -0.338428       0.003694
      18.099500       0.258758       0.741243      -0.338296       0.003773
      18.124500       0.258580       0.741421      -0.338165       0.003782
      18.149500       0.258403       0.741598      -0.338038       0.003723
      18.174500       0.258230       0.741771      -0.337917       0.003601
      18.199500       0.258064       0.741936      -0.337803       0.003426
      18.224500       0.257908       0.742093      -0.337697       0.003212
      18.249500       0.257762       0.742239      -0.337602       0.002973
      18.274500       0.257628       0.742373      -0.337517       0.002723
      18.299500       0.257506       0.742495      -0.337442       0.002475
      18.324500       0.257395       0.742606      -0.337377       0.002238
      18.349500       0.257295       0.742706      -0.337322       0.002014
      18.374500       0.257205       0.742796      -0.337276       0.001804
      18.399500       0.257125       0.742876      -0.337238       0.001600
      18.424500       0.257054       0.742947      -0.337209       0.001393
      18.449500       0.256994       0.743007      -0.337188       0.001170
      18.474500       0.256944       0.743057      -0.337177       0.000918
      18.499500       0.256908       0.743093      -0.337177       0.000625
      18.524500       0.256886       0.743115      -0.337189       0.000284
      18.549500       0.256882       0.743119      -0.337216      -0.000109
      18.574500       0.256897       0.743104      -0.337259      -0.000548
      18.599500       0.256934       0.743067      -0.337320      -0.001024
      18.624500       0.256994       0.743007      -0.337399      -0.001520
      18.649500       0.257077       0.742924      -0.337496      -0.002017
      18.674500       0.257184       0.742817      -0.337610      -0.002491
      18.699500       0.257311       0.742690      -0.337740      -0.002918
      18.724500       0.257457       0.742543      -0.337881      -0.003277
      18.749500       0.257619       0.742382      -0.338030      -0.003548
      18.774500       0.257790       0.742211      -0.338184      -0.003719
      18.799500       0.257967       0.742033      -0.338338      -0.003782
      18.824500       0.258145       0.741856      -0.338487      -0.003737
      18.849500       0.258318       0.741683      -0.338629      -0.003590
      18.874500       0.258482       0.741519      -0.338760      -0.003353
      18.899500       0.258632       0.741368      -0.338877      -0.003040
      18.924500       0.258767       0.741234      -0.338979      -0.002671
      18.949500       0.258884       0.741117      -0.339066      -0.002264
      18.974500       0.258980       0.741021      -0.339136      -0.001839
      18.999500       0.259057       0.740944      -0.339192      -0.001411
      19.024500       0.259113       0.740887      -0.339232      -0.000994
      19.049500       0.259151       0.740850      -0.339259      -0.000600
      19.074500       0.259170       0.740830      -0.339273      -0.000233
      19.099500       0.259173       0.740827      -0.339275       0.000101
      19.124500       0.259161       0.740839      -0.339267       0.000401
      19.149500       0.259136       0.740865      -0.339250       0.000667
      19.174500       0.259099       0.740902      -0.339224       0.000900
      19.199500       0.259052       0.740949      -0.339189       0.001101
      19.224500       0.258996       0.741005      -0.339146       0.001272
      19.249500       0.258932       0.741068      -0.339096       0.001413
      19.274500       0.258863       0.741138      -0.339039       0.001525
      19.299500       0.258789       0.741212      -0.338975       0.001609
      19.324500       0.258712       0.741289      -0.338908       0.001666
      19.349500       0.258633       0.741368      -0.338839       0.001699
      19.374500       0.258552       0.741449      -0.338769       0.001713
      19.399500       0.258471       0.741529      -0.338702       0.001712
      19.424500       0.258391       0.741610      -0.338637       0.001704
      19.449500       0.258311       0.741690      -0.338577       0.001696
      19.474500       0.258231       0.741770      -0.338520       0.001694
      19.499500       0.258151       0.741850      -0.338468       0.001705
      19.524500       0.258070       0.741931      -0.338420       0.001731
      19.549500       0.257988       0.742013      -0.338374       0.001774
      19.574500       0.257903       0.742098      -0.338330       0.001829
      19.599500       0.257815       0.742186      -0.338286       0.001890
      19.624500       0.257725       0.742276      -0.338241       0.001947
      19.649500       0.257632       0.742369      -0.338194       0.001989
      19.674500       0.257538       0.742463      -0.338145       0.002001
      19.699500       0.257444       0.742557      -0.338096       0.001973
      19.724500       0.257353       0.742648      -0.338047       0.001894
      19.749500       0.257267       0.742734      -0.338000       0.001758
      19.774500       0.257188       0.742813      -0.337959       0.001564
      19.799500       0.257120       0.742881      -0.337925       0.001316
      19.824500       0.257065       0.742936      -0.337901       0.001024
      19.849500       0.257024       0.742977      -0.337888       0.000701
      19.874500       0.256999       0.743002      -0.337888       0.000362
      19.899500       0.256990       0.743011      -0.337900       0.000025
      19.924500       0.256997       0.743004      -0.337924      -0.000295
      19.949500       0.257018       0.742984      -0.337959      -0.000584
      19.974500       0.257051       0.742950      -0.338005      -0.000835
      19.999500       0.257096       0.742906      -0.338060      -0.001044
