       0.039000       0.995794       0.004512      -0.000305       0.002613      -0.064374      -0.000306      -0.000119
       0.079000       0.983035       0.017220      -0.000251       0.011103      -0.127255      -0.001014       0.000477
       0.119000       0.962261       0.037867      -0.000121       0.024838      -0.184789      -0.001942       0.001949
       0.159000       0.934337       0.065546       0.000126       0.043034      -0.234720      -0.002767       0.004572
       0.199000       0.900397       0.099072       0.000541       0.064619      -0.275291      -0.003117       0.008460
       0.239000       0.861768       0.137065       0.001177       0.088309      -0.305331      -0.002632       0.013549
       0.279000       0.819891       0.178039       0.002077       0.112713      -0.324291      -0.001021       0.019621
       0.319000       0.776240       0.220488       0.003278       0.136474      -0.332215       0.001896       0.026337
       0.359000       0.732242       0.262966       0.004797       0.158386      -0.329656       0.006167       0.033284
       0.399000       0.689225       0.304144       0.006636       0.177495      -0.317576       0.011702       0.040033
       0.439000       0.648365       0.342863       0.008777       0.193131      -0.297220       0.018286       0.046185
       0.479000       0.610661       0.378156       0.011190       0.204916      -0.270020       0.025609       0.051416
       0.519000       0.576910       0.409268       0.013829       0.212723      -0.237512       0.033311       0.055502
       0.559000       0.547706       0.435657       0.016644       0.216642      -0.201260       0.041016       0.058325
       0.599000       0.523436       0.456989       0.019581       0.216935      -0.162798       0.048373       0.059865
       0.639000       0.504291       0.473128       0.022588       0.214001      -0.123569       0.055078       0.060190
       0.679000       0.490278       0.484113       0.025616       0.208338      -0.084877       0.060895       0.059429
       0.719000       0.481248       0.490139       0.028620       0.200509      -0.047844       0.065658       0.057749
       0.759000       0.476915       0.491526       0.031566       0.191103      -0.013390       0.069269       0.055344
       0.799000       0.476888       0.488693       0.034425       0.180706       0.017775       0.071695       0.052413
       0.839000       0.480697       0.482132       0.037178       0.169864       0.045144       0.072957       0.049149
       0.879000       0.487817       0.472377       0.039813       0.159057       0.068395       0.073123       0.045734
       0.919000       0.497694       0.459990       0.042323       0.148680       0.087362       0.072297       0.042326
       0.959000       0.509761       0.445536       0.044710       0.139043       0.102008       0.070606       0.039062
       0.999000       0.523454       0.429575       0.046978       0.130373       0.112399       0.068201       0.036052
       1.039000       0.538223       0.412645       0.049139       0.122835       0.118687       0.065245       0.033378
       1.079000       0.553545       0.395259       0.051203       0.116535       0.121099       0.061906       0.031088
       1.119000       0.568931       0.377891       0.053185       0.111528       0.119933       0.058346       0.029197
       1.159000       0.583937       0.360973       0.055098       0.107816       0.115551       0.054706       0.027692
       1.199000       0.598168       0.344885       0.056955       0.105348       0.108365       0.051097       0.026541
       1.239000       0.611287       0.329955       0.058766       0.104032       0.098819       0.047601       0.025708
       1.279000       0.623015       0.316449       0.060543       0.103742       0.087371       0.044273       0.025163
       1.319000       0.633136       0.304576       0.062295       0.104340       0.074478       0.041156       0.024883
       1.359000       0.641491       0.294487       0.064031       0.105685       0.060580       0.038285       0.024851
       1.399000       0.647976       0.286273       0.065759       0.107642       0.046093       0.035692       0.025046
       1.439000       0.652541       0.279980       0.067487       0.110088       0.031394       0.033401       0.025447
       1.479000       0.655184       0.275601       0.069223       0.112909       0.016826       0.031428       0.026037
       1.519000       0.655944       0.273091       0.070973       0.116005       0.002702       0.029789       0.026802
       1.559000       0.654901       0.272363       0.072745       0.119284      -0.010689       0.028503       0.027720
       1.599000       0.652168       0.273297       0.074543       0.122663      -0.023078       0.027584       0.028761
       1.639000       0.647897       0.275738       0.076374       0.126066      -0.034219       0.027032       0.029881
       1.679000       0.642265       0.279505       0.078239       0.129428      -0.043894       0.026831       0.031034
       1.719000       0.635477       0.284390       0.080141       0.132688      -0.051931       0.026949       0.032177
       1.759000       0.627758       0.290171       0.082079       0.135789      -0.058214       0.027349       0.033272
       1.799000       0.619342       0.296615       0.084052       0.138673      -0.062694       0.027986       0.034286
       1.839000       0.610465       0.303487       0.086057       0.141283      -0.065391       0.028815       0.035193
       1.879000       0.601355       0.310564       0.088090       0.143566      -0.066389       0.029787       0.035971
       1.919000       0.592228       0.317634       0.090147       0.145478      -0.065823       0.030851       0.036603
       1.959000       0.583276       0.324509       0.092223       0.146998      -0.063855       0.031956       0.037080
       1.999000       0.574674       0.331023       0.094312       0.148123      -0.060657       0.033051       0.037406
       2.039000       0.566570       0.337029       0.096410       0.148868      -0.056392       0.034098       0.037595
       2.079000       0.559094       0.342404       0.098511       0.149255      -0.051213       0.035069       0.037664
       2.119000       0.552356       0.347041       0.100613       0.149306      -0.045269       0.035946       0.037627
       2.159000       0.546444       0.350854       0.102712       0.149038      -0.038717       0.036716       0.037493
       2.199000       0.541426       0.353779       0.104805       0.148464      -0.031739       0.037366       0.037264
       2.239000       0.537344       0.355777       0.106889       0.147597      -0.024542       0.037882       0.036943
       2.279000       0.534210       0.356839       0.108960       0.146460      -0.017355       0.038255       0.036537
       2.319000       0.532007       0.356985       0.111017       0.145088      -0.010412       0.038483       0.036053
       2.359000       0.530688       0.356266       0.113056       0.143532      -0.003930       0.038568       0.035496
       2.399000       0.530178       0.354758       0.115074       0.141857       0.001910       0.038510       0.034870
       2.439000       0.530385       0.352558       0.117067       0.140134       0.006982       0.038305       0.034185
       2.479000       0.531201       0.349775       0.119035       0.138429       0.011227       0.037948       0.033461
       2.519000       0.532517       0.346519       0.120974       0.136795       0.014641       0.037441       0.032727
       2.559000       0.534225       0.342899       0.122886       0.135267       0.017261       0.036797       0.032012
       2.599000       0.536226       0.339015       0.124770       0.133862       0.019146       0.036037       0.031336
       2.639000       0.538426       0.334956       0.126628       0.132581       0.020349       0.035183       0.030713
       2.679000       0.540738       0.330810       0.128463       0.131421       0.020909       0.034256       0.030150
       2.719000       0.543081       0.326655       0.130275       0.130381       0.020845       0.033276       0.029654
       2.759000       0.545374       0.322571       0.132066       0.129469       0.020166       0.032265       0.029231
       2.799000       0.547536       0.318634       0.133840       0.128699       0.018883       0.031250       0.028887
       2.839000       0.549492       0.314920       0.135599       0.128089       0.017025       0.030263       0.028623
       2.879000       0.551170       0.311496       0.137345       0.127656       0.014652       0.029331       0.028428
       2.919000       0.552508       0.308424       0.139079       0.127411       0.011854       0.028473       0.028285
       2.959000       0.553460       0.305749       0.140803       0.127355       0.008747       0.027693       0.028177
       2.999000       0.553992       0.303502       0.142517       0.127479       0.005468       0.026983       0.028089
       3.039000       0.554092       0.301696       0.144223       0.127764       0.002152       0.026332       0.028015
       3.079000       0.553764       0.300327       0.145920       0.128187      -0.001074       0.025727       0.027960
       3.119000       0.553027       0.299375       0.147610       0.128722      -0.004105       0.025159       0.027932
       3.159000       0.551911       0.298806       0.149295       0.129336      -0.006865       0.024631       0.027946
       3.199000       0.550456       0.298580       0.150976       0.129992      -0.009309       0.024150       0.028010
       3.239000       0.548704       0.298651       0.152656       0.130653      -0.011414       0.023731       0.028125
       3.279000       0.546702       0.298971       0.154338       0.131291      -0.013176       0.023387       0.028283
       3.319000       0.544495       0.299493       0.156024       0.131881      -0.014594       0.023127       0.028463
       3.359000       0.542127       0.300172       0.157713       0.132410      -0.015672       0.022947       0.028644
       3.399000       0.539643       0.300962       0.159407       0.132870      -0.016411       0.022833       0.028802
       3.439000       0.537087       0.301822       0.161102       0.133254      -0.016820       0.022766       0.028925
       3.479000       0.534502       0.302710       0.162799       0.133558      -0.016914       0.022726       0.029009
       3.519000       0.531927       0.303588       0.164496       0.133783      -0.016720       0.022696       0.029058
       3.559000       0.529398       0.304422       0.166192       0.133929      -0.016273       0.022670       0.029077
       3.599000       0.526945       0.305182       0.167885       0.134003      -0.015606       0.022644       0.029071
       3.639000       0.524595       0.305841       0.169576       0.134011      -0.014749       0.022613       0.029041
       3.679000       0.522371       0.306378       0.171264       0.133960      -0.013721       0.022571       0.028986
       3.719000       0.520294       0.306771       0.172948       0.133853      -0.012528       0.022510       0.028910
       3.759000       0.518385       0.306999       0.174629       0.133693      -0.011177       0.022427       0.028824
       3.799000       0.516665       0.307043       0.176305       0.133474      -0.009678       0.022326       0.028734
       3.839000       0.515149       0.306884       0.177979       0.133188      -0.008060       0.022215       0.028643
       3.879000       0.513852       0.306512       0.179649       0.132822      -0.006380       0.022099       0.028541
       3.919000       0.512774       0.305922       0.181316       0.132371      -0.004721       0.021973       0.028417
       3.959000       0.511908       0.305127       0.182978       0.131838      -0.003184       0.021822       0.028263
       3.999000       0.511229       0.304150       0.184634       0.131243      -0.001865       0.021632       0.028082
       4.039000       0.510706       0.303026       0.186282       0.130618      -0.000838       0.021397       0.027884
       4.079000       0.510296       0.301797       0.187921       0.130002      -0.000137       0.021121       0.027681
       4.119000       0.509957       0.300506       0.189551       0.129430       0.000245       0.020817       0.027485
       4.159000       0.509651       0.299192       0.191171       0.128930       0.000359       0.020498       0.027299
       4.199000       0.509347       0.297884       0.192782       0.128520       0.000280       0.020175       0.027123
       4.239000       0.509026       0.296604       0.194384       0.128204       0.000097       0.019853       0.026954
       4.279000       0.508680       0.295357       0.195977       0.127972      -0.000111       0.019532       0.026791
       4.319000       0.508310       0.294144       0.197561       0.127803      -0.000289       0.019210       0.026633
       4.359000       0.507920       0.292958       0.199135       0.127665      -0.000419       0.018890       0.026478
       4.399000       0.507518       0.291794       0.200702       0.127527      -0.000520       0.018574       0.026324
       4.439000       0.507103       0.290652       0.202259       0.127369      -0.000640       0.018264       0.026167
       4.479000       0.506669       0.289537       0.203808       0.127185      -0.000829       0.017962       0.026004
       4.519000       0.506205       0.288462       0.205348       0.126982      -0.001128       0.017666       0.025833
       4.559000       0.505695       0.287442       0.206878       0.126773      -0.001551       0.017373       0.025653
       4.599000       0.505123       0.286495       0.208397       0.126571      -0.002087       0.017079       0.025466
       4.639000       0.504476       0.285633       0.209906       0.126388      -0.002707       0.016777       0.025277
       4.679000       0.503746       0.284865       0.211404       0.126232      -0.003371       0.016462       0.025093
       4.719000       0.502929       0.284194       0.212892       0.126112      -0.004038       0.016133       0.024926
       4.759000       0.502028       0.283617       0.214370       0.126032      -0.004673       0.015797       0.024783
       4.799000       0.501049       0.283126       0.215840       0.125991      -0.005254       0.015466       0.024665
       4.839000       0.500000       0.282712       0.217303       0.125984      -0.005770       0.015149       0.024569
       4.879000       0.498889       0.282367       0.218759       0.126003      -0.006219       0.014851       0.024484
       4.919000       0.497725       0.282080       0.220210       0.126037      -0.006604       0.014568       0.024403
       4.959000       0.496517       0.281844       0.221654       0.126080      -0.006921       0.014291       0.024325
       4.999000       0.495274       0.281648       0.223094       0.126128      -0.007156       0.014011       0.024258
       5.039000       0.494008       0.281478       0.224529       0.126178      -0.007281       0.013727       0.024213
       5.079000       0.492735       0.281318       0.225962       0.126224      -0.007264       0.013446       0.024202
       5.119000       0.491477       0.281144       0.227395       0.126259      -0.007079       0.013184       0.024229
       5.159000       0.490256       0.280931       0.228828       0.126265      -0.006718       0.012960       0.024283
       5.199000       0.489094       0.280658       0.230263       0.126223      -0.006205       0.012787       0.024341
       5.239000       0.488009       0.280308       0.231699       0.126118      -0.005595       0.012667       0.024372
       5.279000       0.487007       0.279875       0.233134       0.125947      -0.004966       0.012584       0.024349
       5.319000       0.486087       0.279364       0.234565       0.125724      -0.004396       0.012511       0.024257
       5.359000       0.485236       0.278791       0.235989       0.125471      -0.003947       0.012418       0.024101
       5.399000       0.484436       0.278177       0.237403       0.125215      -0.003652       0.012281       0.023903
       5.439000       0.483666       0.277544       0.238807       0.124979      -0.003509       0.012095       0.023692
       5.479000       0.482907       0.276910       0.240199       0.124780      -0.003490       0.011867       0.023494
       5.519000       0.482147       0.276288       0.241582       0.124623      -0.003548       0.011613       0.023326
       5.559000       0.481378       0.275683       0.242956       0.124506      -0.003629       0.011347       0.023188
       5.599000       0.480600       0.275093       0.244323       0.124420      -0.003689       0.011080       0.023076
       5.639000       0.479819       0.274513       0.245684       0.124351      -0.003697       0.010815       0.022979
       5.679000       0.479042       0.273934       0.247040       0.124287      -0.003641       0.010552       0.022889
       5.719000       0.478278       0.273347       0.248391       0.124214      -0.003523       0.010287       0.022804
       5.759000       0.477534       0.272746       0.249737       0.124117      -0.003357       0.010024       0.022724
       5.799000       0.476815       0.272123       0.251079       0.123984      -0.003158       0.009765       0.022646
       5.839000       0.476124       0.271477       0.252416       0.123811      -0.002945       0.009514       0.022565
       5.879000       0.475462       0.270807       0.253748       0.123598      -0.002732       0.009270       0.022475
       5.919000       0.474829       0.270114       0.255075       0.123354      -0.002538       0.009027       0.022374
       5.959000       0.474219       0.269402       0.256396       0.123093      -0.002386       0.008785       0.022264
       5.999000       0.473626       0.268680       0.257711       0.122830      -0.002302       0.008543       0.022147
       6.039000       0.473038       0.267959       0.259020       0.122581      -0.002312       0.008300       0.022025
       6.079000       0.472443       0.267252       0.260323       0.122357      -0.002435       0.008055       0.021897
       6.119000       0.471824       0.266575       0.261620       0.122167      -0.002677       0.007798       0.021769
       6.159000       0.471165       0.265943       0.262910       0.122016      -0.003027       0.007527       0.021652
       6.199000       0.470456       0.265368       0.264194       0.121905      -0.003457       0.007244       0.021559
       6.239000       0.469688       0.264856       0.265475       0.121837      -0.003921       0.006963       0.021501
       6.279000       0.468860       0.264406       0.266752       0.121809      -0.004365       0.006698       0.021476
       6.319000       0.467979       0.264012       0.268027       0.121816      -0.004734       0.006459       0.021482
       6.359000       0.467059       0.263658       0.269302       0.121850      -0.004983       0.006254       0.021514
       6.399000       0.466117       0.263325       0.270576       0.121896      -0.005090       0.006092       0.021565
       6.439000       0.465173       0.262995       0.271851       0.121940      -0.005055       0.005979       0.021621
       6.479000       0.464243       0.262649       0.273126       0.121962      -0.004904       0.005919       0.021660
       6.519000       0.463341       0.262278       0.274400       0.121951      -0.004683       0.005903       0.021658
       6.559000       0.462471       0.261876       0.275671       0.121901      -0.004442       0.005910       0.021588
       6.599000       0.461634       0.261449       0.276935       0.121815      -0.004221       0.005910       0.021440
       6.639000       0.460825       0.261004       0.278189       0.121705      -0.004039       0.005869       0.021221
       6.679000       0.460038       0.260549       0.279431       0.121579      -0.003890       0.005763       0.020954
       6.719000       0.459271       0.260088       0.280660       0.121441      -0.003750       0.005582       0.020672
       6.759000       0.458524       0.259620       0.281874       0.121289      -0.003592       0.005331       0.020406
       6.799000       0.457802       0.259141       0.283077       0.121117      -0.003398       0.005024       0.020177
       6.839000       0.457108       0.258643       0.284269       0.120921      -0.003171       0.004677       0.019999
       6.879000       0.456445       0.258121       0.285453       0.120704      -0.002939       0.004310       0.019879
       6.919000       0.455812       0.257574       0.286632       0.120470      -0.002743       0.003947       0.019817
       6.959000       0.455201       0.257009       0.287809       0.120233      -0.002630       0.003607       0.019803
       6.999000       0.454599       0.256436       0.288984       0.120005      -0.002635       0.003304       0.019822
       7.039000       0.453988       0.255871       0.290161       0.119802      -0.002770       0.003045       0.019857
       7.079000       0.453352       0.255330       0.291337       0.119634      -0.003023       0.002830       0.019897
       7.119000       0.452678       0.254826       0.292515       0.119511      -0.003358       0.002653       0.019928
       7.159000       0.451958       0.254369       0.293694       0.119444      -0.003719       0.002504       0.019944
       7.199000       0.451192       0.253956       0.294871       0.119435      -0.004039       0.002369       0.019944
       7.239000       0.450392       0.253580       0.296048       0.119480      -0.004254       0.002238       0.019932
       7.279000       0.449573       0.253224       0.297223       0.119559      -0.004318       0.002107       0.019913
       7.319000       0.448758       0.252865       0.298397       0.119646      -0.004213       0.001975       0.019889
       7.359000       0.447967       0.252484       0.299569       0.119711      -0.003954       0.001844       0.019859
       7.399000       0.447220       0.252062       0.300738       0.119731      -0.003581       0.001713       0.019822
       7.439000       0.446528       0.251588       0.301904       0.119690      -0.003150       0.001582       0.019778
       7.479000       0.445894       0.251058       0.303068       0.119584      -0.002718       0.001454       0.019727
       7.519000       0.445316       0.250477       0.304228       0.119416      -0.002334       0.001332       0.019670
       7.559000       0.444784       0.249853       0.305384       0.119196      -0.002035       0.001223       0.019603
       7.599000       0.444285       0.249200       0.306535       0.118940      -0.001846       0.001128       0.019515
       7.639000       0.443804       0.248535       0.307682       0.118669      -0.001777       0.001039       0.019395
       7.679000       0.443325       0.247875       0.308821       0.118404      -0.001832       0.000942       0.019236
       7.719000       0.442830       0.247239       0.309952       0.118168      -0.002006       0.000819       0.019039
       7.759000       0.442306       0.246642       0.311072       0.117980      -0.002287       0.000655       0.018820
       7.799000       0.441739       0.246100       0.312182       0.117853      -0.002656       0.000445       0.018598
       7.839000       0.441120       0.245620       0.313281       0.117792      -0.003079       0.000194       0.018395
       7.879000       0.440444       0.245206       0.314371       0.117793      -0.003517      -0.000087       0.018227
       7.919000       0.439713       0.244855       0.315453       0.117842      -0.003920      -0.000384       0.018108
       7.959000       0.438936       0.244556       0.316529       0.117917      -0.004242      -0.000678       0.018047
       7.999000       0.438125       0.244295       0.317602       0.117998      -0.004446      -0.000946       0.018041
       8.039000       0.437297       0.244050       0.318674       0.118062      -0.004510      -0.001173       0.018077
       8.079000       0.436473       0.243802       0.319746       0.118096      -0.004434      -0.001350       0.018133
       8.119000       0.435668       0.243533       0.320820       0.118091      -0.004234      -0.001480       0.018189
       8.159000       0.434898       0.243229       0.321894       0.118044      -0.003945      -0.001572       0.018225
       8.199000       0.434172       0.242882       0.322968       0.117956      -0.003609      -0.001639       0.018227
       8.239000       0.433491       0.242491       0.324039       0.117832      -0.003268      -0.001696       0.018184
       8.279000       0.432855       0.242060       0.325107       0.117680      -0.002955      -0.001761       0.018097
       8.319000       0.432259       0.241595       0.326168       0.117509      -0.002687      -0.001846       0.017971
       8.359000       0.431696       0.241104       0.327222       0.117326      -0.002466      -0.001962       0.017822
       8.399000       0.431160       0.240594       0.328268       0.117135      -0.002287      -0.002110       0.017670
       8.439000       0.430646       0.240069       0.329307       0.116939      -0.002143      -0.002282       0.017533
       8.479000       0.430150       0.239534       0.330339       0.116739      -0.002037      -0.002461       0.017420
       8.519000       0.429665       0.238992       0.331365       0.116543      -0.001979      -0.002632       0.017324
       8.559000       0.429185       0.238451       0.332386       0.116358      -0.001985      -0.002790       0.017234
       8.599000       0.428699       0.237920       0.333403       0.116195      -0.002071      -0.002938       0.017136
       8.639000       0.428198       0.237411       0.334413       0.116066      -0.002244      -0.003083       0.017026
       8.679000       0.427668       0.236936       0.335418       0.115978      -0.002498      -0.003232       0.016901
       8.719000       0.427102       0.236506       0.336415       0.115937      -0.002812      -0.003392       0.016760
       8.759000       0.426493       0.236125       0.337405       0.115942      -0.003149      -0.003570       0.016605
       8.799000       0.425841       0.235796       0.338386       0.115983      -0.003465      -0.003779       0.016442
       8.839000       0.425151       0.235512       0.339360       0.116046      -0.003717      -0.004023       0.016285
       8.879000       0.424435       0.235262       0.340326       0.116109      -0.003874      -0.004303       0.016153
       8.919000       0.423705       0.235030       0.341287       0.116158      -0.003924      -0.004610       0.016062
       8.959000       0.422975       0.234803       0.342245       0.116181      -0.003878      -0.004927       0.016022
       8.999000       0.422256       0.234564       0.343203       0.116174      -0.003764      -0.005238       0.016039
       9.039000       0.421555       0.234306       0.344162       0.116141      -0.003618      -0.005522       0.016107
       9.079000       0.420874       0.234025       0.345124       0.116089      -0.003475      -0.005764       0.016218
       9.119000       0.420213       0.233720       0.346091       0.116027      -0.003353      -0.005953       0.016355
       9.159000       0.419566       0.233393       0.347063       0.115960      -0.003252      -0.006084       0.016499
       9.199000       0.418935       0.233048       0.348040       0.115891      -0.003153      -0.006157       0.016627
       9.239000       0.418319       0.232683       0.349022       0.115815      -0.003025      -0.006182       0.016719
       9.279000       0.417725       0.232293       0.350005       0.115728      -0.002833      -0.006173       0.016758
       9.319000       0.417163       0.231873       0.350987       0.115618      -0.002556      -0.006148       0.016731
       9.359000       0.416644       0.231413       0.351967       0.115474      -0.002196      -0.006129       0.016632
       9.399000       0.416176       0.230908       0.352939       0.115286      -0.001786      -0.006142       0.016467
       9.439000       0.415763       0.230357       0.353904       0.115050      -0.001386      -0.006209       0.016254
       9.479000       0.415397       0.229769       0.354857       0.114773      -0.001069      -0.006343       0.016017
       9.519000       0.415064       0.229159       0.355800       0.114473      -0.000904      -0.006540       0.015785
       9.559000       0.414741       0.228551       0.356732       0.114178      -0.000936      -0.006789       0.015581
       9.599000       0.414400       0.227969       0.357656       0.113913      -0.001177      -0.007067       0.015419
       9.639000       0.414015       0.227438       0.358572       0.113701      -0.001604      -0.007358       0.015305
       9.679000       0.413565       0.226977       0.359483       0.113555      -0.002164      -0.007645       0.015241
       9.719000       0.413037       0.226597       0.360391       0.113480      -0.002786      -0.007917       0.015226
       9.759000       0.412428       0.226298       0.361298       0.113473      -0.003398      -0.008156       0.015261
       9.799000       0.411743       0.226074       0.362207       0.113530      -0.003932      -0.008345       0.015334
       9.839000       0.410998       0.225908       0.363118       0.113636      -0.004338      -0.008470       0.015428
       9.879000       0.410210       0.225781       0.364033       0.113774      -0.004585      -0.008534       0.015518
       9.919000       0.409402       0.225672       0.364950       0.113922      -0.004663      -0.008552       0.015586
       9.959000       0.408596       0.225560       0.365869       0.114057      -0.004577      -0.008544       0.015621
       9.999000       0.407811       0.225426       0.366787       0.114158      -0.004345      -0.008529       0.015621
