     0.00000000     -0.00019280     -0.00012700      0.00022430     -0.00013180      0.00001130      1.00011200      0.00010400      0.00013280      0.00002390     -0.00011150      0.00010490
     0.02000000     -0.00015990     -0.00011010      0.00023770     -0.00008750      0.00096250      0.99882400      0.00033390      0.00008640      0.00003230     -0.00012330      0.00011160
     0.04000000     -0.00007390     -0.00005430      0.00027660      0.00004330      0.00376530      0.99503710      0.00100650     -0.00000590      0.00003380     -0.00016520      0.00012730
     0.06000000      0.00006380      0.00004030      0.00034140      0.00026730      0.00838060      0.98879870      0.00211020     -0.00014150      0.00002510     -0.00023410      0.00016100
     0.08000000      0.00025060      0.00017350      0.00043120      0.00059460      0.01474330      0.98018460      0.00362570     -0.00031760      0.00000240     -0.00032430      0.00022060
     0.10000000      0.00048370      0.00034480      0.00054610      0.00103890      0.02276660      0.96929890      0.00552690     -0.00052900     -0.00003680     -0.00042900      0.00031270
     0.12000000      0.00075900      0.00055300      0.00068500      0.00161660      0.03234110      0.95627070      0.00778150     -0.00077140     -0.00009520     -0.00054060      0.00044230
     0.14000000      0.00107240      0.00079730      0.00084760      0.00234720      0.04334080      0.94124980      0.01035250     -0.00103850     -0.00017420     -0.00064950      0.00061180
     0.16000000      0.00141900      0.00107710      0.00103290      0.00325150      0.05562280      0.92440610      0.01319810     -0.00132430     -0.00027550     -0.00074670      0.00082130
     0.18000000      0.00179360      0.00139060      0.00124090      0.00435160      0.06903290      0.90592280      0.01627490     -0.00162230     -0.00039910     -0.00082360      0.00106960
     0.20000000      0.00219140      0.00173680      0.00147040      0.00566880      0.08340800      0.88599480      0.01953700     -0.00192560     -0.00054560     -0.00087170      0.00135270
     0.22000000      0.00260620      0.00211470      0.00172070      0.00722460      0.09857860      0.86482410      0.02293780     -0.00222770     -0.00071400     -0.00088370      0.00166540
     0.24000000      0.00303290      0.00252240      0.00199090      0.00903840      0.11437280      0.84261680      0.02643160     -0.00252230     -0.00090430     -0.00085420      0.00200150
     0.26000000      0.00346580      0.00295870      0.00228040      0.01112800      0.13061890      0.81957920      0.02997360     -0.00280150     -0.00111380     -0.00077850      0.00235280
     0.28000000      0.00390020      0.00342260      0.00258830      0.01350740      0.14714750      0.79591600      0.03352240     -0.00306040     -0.00134030     -0.00065400      0.00271170
     0.30000000      0.00433050      0.00391200      0.00291400      0.01618700      0.16379480      0.77182630      0.03703890     -0.00329200     -0.00158050     -0.00047930      0.00306940
     0.32000000      0.00475270      0.00442540      0.00325630      0.01917360      0.18040490      0.74750220      0.04048850     -0.00349080     -0.00182970     -0.00025500      0.00341780
     0.34000000      0.00516210      0.00496140      0.00361470      0.02246890      0.19683020      0.72312600      0.04384060     -0.00365150     -0.00208380      0.00001710      0.00374940
     0.36000000      0.00555560      0.00551770      0.00398810      0.02606950      0.21293500      0.69886900      0.04706900     -0.00376950     -0.00233640      0.00033400      0.00405630
     0.38000000      0.00593000      0.00609170      0.00437640      0.02996770      0.22859530      0.67488990      0.05015340     -0.00384110     -0.00258140      0.00069100      0.00433210
     0.40000000      0.00628340      0.00668150      0.00477870      0.03414940      0.24370080      0.65133330      0.05307760     -0.00386290     -0.00281270      0.00108320      0.00457140
     0.42000000      0.00661420      0.00728400      0.00519450      0.03859660      0.25815440      0.62833050      0.05583070     -0.00383330     -0.00302380      0.00150380      0.00476970
     0.44000000      0.00692170      0.00789610      0.00562320      0.04328550      0.27187460      0.60599660      0.05840720     -0.00375100     -0.00320800      0.00194630      0.00492330
     0.46000000      0.00720630      0.00851490      0.00606460      0.04818920      0.28479260      0.58443280      0.06080530     -0.00361580     -0.00335980      0.00240370      0.00502960
     0.48000000      0.00746840      0.00913660      0.00651850      0.05327490      0.29685480      0.56372470      0.06302780     -0.00342920     -0.00347370      0.00286800      0.00508760
     0.50000000      0.00770960      0.00975730      0.00698470      0.05850860      0.30802010      0.54394400      0.06508120     -0.00319290     -0.00354500      0.00333220      0.00509710
     0.52000000      0.00793220      0.01037300      0.00746320      0.06385240      0.31826090      0.52514830      0.06697520     -0.00291020     -0.00357030      0.00378930      0.00505890
     0.54000000      0.00813880      0.01098030      0.00795400      0.06926710      0.32756050      0.50738240      0.06872190     -0.00258570     -0.00354660      0.00423220      0.00497470
     0.56000000      0.00833250      0.01157490      0.00845740      0.07471170      0.33591340      0.49067880      0.07033620     -0.00222400     -0.00347200      0.00465500      0.00484730
     0.58000000      0.00851640      0.01215280      0.00897330      0.08014540      0.34332320      0.47505920      0.07183360     -0.00183060     -0.00334610      0.00505170      0.00467910
     0.60000000      0.00869500      0.01271040      0.00950230      0.08552800      0.34980210      0.46053480      0.07323170     -0.00141260     -0.00316870      0.00541720      0.00447380
     0.62000000      0.00887200      0.01324370      0.01004430      0.09081980      0.35536880      0.44710840      0.07454770     -0.00097550     -0.00294100      0.00574700      0.00423510
     0.64000000      0.00905120      0.01374930      0.01059960      0.09598320      0.36004840      0.43477400      0.07579880     -0.00052620     -0.00266480      0.00603700      0.00396660
     0.66000000      0.00923690      0.01422390      0.01116790      0.10098270      0.36387070      0.42351950      0.07700230     -0.00007160     -0.00234300      0.00628360      0.00367310
     0.68000000      0.00943280      0.01466480      0.01174960      0.10578680      0.36686970      0.41332590      0.07817420      0.00038180     -0.00197920      0.00648350      0.00335890
     0.70000000      0.00964330      0.01506970      0.01234480      0.11036610      0.36908180      0.40416970      0.07932950      0.00082780     -0.00157720      0.00663410      0.00302930
     0.72000000      0.00987170      0.01543620      0.01295320      0.11469570      0.37054580      0.39602090      0.08048130      0.00126080     -0.00114230      0.00673360      0.00268930
     0.74000000      0.01012130      0.01576270      0.01357460      0.11875460      0.37130270      0.38884740      0.08164170      0.00167540     -0.00067990      0.00678100      0.00234480
     0.76000000      0.01039520      0.01604780      0.01420880      0.12252580      0.37139370      0.38261270      0.08282090      0.00206720     -0.00019590      0.00677590      0.00200170
     0.78000000      0.01069610      0.01629080      0.01485620      0.12599680      0.37086090      0.37727710      0.08402680      0.00243180      0.00030410      0.00671940      0.00166540
     0.80000000      0.01102600      0.01649180      0.01551610      0.12915880      0.36974630      0.37279920      0.08526680      0.00276620      0.00081310      0.00661310      0.00134190
     0.82000000      0.01138700      0.01665010      0.01618850      0.13200810      0.36809170      0.36913440      0.08654530      0.00306770      0.00132560      0.00645980      0.00103620
     0.84000000      0.01178020      0.01676630      0.01687340      0.13454370      0.36593820      0.36623690      0.08786570      0.00333450      0.00183500      0.00626340      0.00075320
     0.86000000      0.01220650      0.01684200      0.01757090      0.13676880      0.36332670      0.36406030      0.08922970      0.00356520      0.00233590      0.00602770      0.00049700
     0.88000000      0.01266620      0.01687790      0.01828080      0.13868990      0.36029680      0.36255600      0.09063760      0.00375880      0.00282260      0.00575820      0.00027070
     0.90000000      0.01315900      0.01687580      0.01900280      0.14031580      0.35688760      0.36167510      0.09208870      0.00391580      0.00328970      0.00545950      0.00007600
     0.92000000      0.01368500      0.01683770      0.01973700      0.14165870      0.35313710      0.36136860      0.09358110      0.00403580      0.00373170      0.00513730     -0.00008490
     0.94000000      0.01424290      0.01676570      0.02048340      0.14273200      0.34908210      0.36158660      0.09511180      0.00412060      0.00414400      0.00479630     -0.00021230
     0.96000000      0.01483150      0.01666300      0.02124140      0.14355180      0.34475930      0.36228060      0.09667720      0.00417140      0.00452200      0.00444150     -0.00030600
     0.98000000      0.01544890      0.01653190      0.02201140      0.14413430      0.34020360      0.36340080      0.09827350      0.00419070      0.00486090      0.00407760     -0.00036680
     1.00000000      0.01609330      0.01637630      0.02279250      0.14449760      0.33544970      0.36489950      0.09989580      0.00418130      0.00515730      0.00370880     -0.00039600
     1.02000000      0.01676220      0.01619930      0.02358480      0.14466030      0.33053030      0.36672900      0.10153920      0.00414670      0.00540810      0.00333900     -0.00039530
     1.04000000      0.01745250      0.01600400      0.02438800      0.14464110      0.32547810      0.36884280      0.10319830      0.00409080      0.00561040      0.00297180     -0.00036630
     1.06000000      0.01816200      0.01579500      0.02520150      0.14445890      0.32032440      0.37119470      0.10486810      0.00401750      0.00576230      0.00261050     -0.00031180
     1.08000000      0.01888690      0.01557570      0.02602530      0.14413270      0.31510000      0.37374110      0.10654310      0.00393140      0.00586250      0.00225810     -0.00023360
     1.10000000      0.01962440      0.01535030      0.02685890      0.14368130      0.30983340      0.37643880      0.10821810      0.00383660      0.00591030      0.00191750     -0.00013390
     1.12000000      0.02037060      0.01512210      0.02770200      0.14312260      0.30455360      0.37924580      0.10988780      0.00373730      0.00590630      0.00159090     -0.00001550
     1.14000000      0.02112280      0.01489580      0.02855410      0.14247430      0.29928760      0.38212280      0.11154750      0.00363730      0.00585060      0.00128030      0.00011930
     1.16000000      0.02187720      0.01467400      0.02941530      0.14175320      0.29406210      0.38503060      0.11319240      0.00354100      0.00574510      0.00098730      0.00026810
     1.18000000      0.02263030      0.01446150      0.03028480      0.14097520      0.28890200      0.38793240      0.11481860      0.00345160      0.00559140      0.00071370      0.00042880
     1.20000000      0.02337910      0.01426110      0.03116240      0.14015510      0.28383200      0.39079360      0.11642180      0.00337270      0.00539210      0.00046040      0.00059890
     1.22000000      0.02412030      0.01407580      0.03204770      0.13930710      0.27887430      0.39358050      0.11799860      0.00330660      0.00515100      0.00022840      0.00077580
     1.24000000      0.02485130      0.01390920      0.03294030      0.13844440      0.27405130      0.39626190      0.11954650      0.00325630      0.00487160      0.00001810      0.00095760
     1.26000000      0.02556890      0.01376350      0.03383990      0.13757900      0.26938260      0.39880860      0.12106240      0.00322340      0.00455780     -0.00017040      0.00114160
     1.28000000      0.02627120      0.01364140      0.03474590      0.13672140      0.26488770      0.40119270      0.12254490      0.00321010      0.00421430     -0.00033690      0.00132530
     1.30000000      0.02695530      0.01354490      0.03565830      0.13588160      0.26058320      0.40338960      0.12399180      0.00321730      0.00384530     -0.00048280      0.00150650
     1.32000000      0.02761990      0.01347600      0.03657640      0.13506870      0.25648530      0.40537660      0.12540220      0.00324640      0.00345510     -0.00060800      0.00168280
     1.34000000      0.02826290      0.01343580      0.03750020      0.13429100      0.25260750      0.40713270      0.12677500      0.00329770      0.00304870     -0.00071450      0.00185290
     1.36000000      0.02888340      0.01342560      0.03842890      0.13355530      0.24896180      0.40864030      0.12810970      0.00337210      0.00263030     -0.00080340      0.00201480
     1.38000000      0.02947980      0.01344660      0.03936270      0.13286780      0.24555820      0.40988370      0.12940580      0.00346950      0.00220360     -0.00087610      0.00216680
     1.40000000      0.03005170      0.01349920      0.04030100      0.13223470      0.24240560      0.41084980      0.13066280      0.00358990      0.00177290     -0.00093400      0.00230890
     1.42000000      0.03059820      0.01358330      0.04124380      0.13166070      0.23951020      0.41152780      0.13188060      0.00373310      0.00134160     -0.00097860      0.00244030
     1.44000000      0.03111940      0.01369970      0.04219060      0.13115000      0.23687650      0.41190970      0.13305950      0.00389830      0.00091370     -0.00101080      0.00256000
     1.46000000      0.03161460      0.01384740      0.04314150      0.13070580      0.23450760      0.41198980      0.13419860      0.00408430      0.00049220     -0.00103170      0.00266780
     1.48000000      0.03208400      0.01402640      0.04409590      0.13033160      0.23240410      0.41176450      0.13529850      0.00428990      0.00008010     -0.00104160      0.00276370
     1.50000000      0.03252850      0.01423560      0.04505360      0.13002960      0.23056570      0.41123320      0.13635910      0.00451380     -0.00031920     -0.00104180      0.00284710
     1.52000000      0.03294790      0.01447440      0.04601450      0.12980120      0.22899000      0.41039680      0.13738010      0.00475440     -0.00070370     -0.00103310      0.00291760
     1.54000000      0.03334340      0.01474160      0.04697810      0.12964800      0.22767290      0.40925870      0.13836190      0.00500930     -0.00107030     -0.00101590      0.00297450
     1.56000000      0.03371550      0.01503600      0.04794410      0.12957080      0.22660960      0.40782490      0.13930430      0.00527730     -0.00141670     -0.00099240      0.00301770
     1.58000000      0.03406540      0.01535590      0.04891220      0.12956920      0.22579310      0.40610160      0.14020770      0.00555650     -0.00174110     -0.00096340      0.00304690
     1.60000000      0.03439410      0.01569960      0.04988230      0.12964270      0.22521510      0.40409880      0.14107230      0.00584430     -0.00204070     -0.00093110      0.00306260
     1.62000000      0.03470300      0.01606580      0.05085380      0.12979050      0.22486690      0.40182650      0.14189850      0.00613930     -0.00231470     -0.00089710      0.00306500
     1.64000000      0.03499350      0.01645200      0.05182630      0.13001120      0.22473810      0.39929700      0.14268670      0.00643970     -0.00256100     -0.00086330      0.00305520
     1.66000000      0.03526710      0.01685660      0.05280030      0.13030270      0.22481770      0.39652330      0.14343790      0.00674310     -0.00277890     -0.00083140      0.00303410
     1.68000000      0.03552490      0.01727690      0.05377470      0.13066300      0.22509330      0.39351950      0.14415250      0.00704880     -0.00296700     -0.00080250      0.00300370
     1.70000000      0.03576930      0.01771080      0.05475000      0.13108960      0.22555270      0.39030100      0.14483170      0.00735430     -0.00312570     -0.00077750      0.00296500
     1.72000000      0.03600130      0.01815630      0.05572560      0.13157960      0.22618180      0.38688390      0.14547650      0.00765880     -0.00325440     -0.00075730      0.00291940
     1.74000000      0.03622330      0.01861090      0.05670150      0.13212990      0.22696700      0.38328450      0.14608790      0.00796130     -0.00335280     -0.00074270      0.00286800
     1.76000000      0.03643620      0.01907200      0.05767800      0.13273780      0.22789390      0.37951980      0.14666760      0.00825970     -0.00342150     -0.00073430      0.00281210
     1.78000000      0.03664220      0.01953780      0.05865460      0.13339950      0.22894740      0.37560730      0.14721610      0.00855350     -0.00346070     -0.00073250      0.00275250
     1.80000000      0.03684300      0.02000550      0.05963180      0.13411160      0.23011290      0.37156460      0.14773550      0.00884120     -0.00347100     -0.00073810      0.00269010
     1.82000000      0.03704040      0.02047320      0.06060920      0.13487030      0.23137500      0.36740980      0.14822690      0.00912170     -0.00345320     -0.00075120      0.00262570
     1.84000000      0.03723590      0.02093860      0.06158710      0.13567170      0.23271890      0.36316100      0.14869170      0.00939400     -0.00340820     -0.00077270      0.00256060
     1.86000000      0.03743080      0.02139980      0.06256570      0.13651180      0.23412950      0.35883590      0.14913100      0.00965690     -0.00333710     -0.00080210      0.00249590
     1.88000000      0.03762740      0.02185420      0.06354500      0.13738690      0.23559200      0.35445290      0.14954660      0.00990960     -0.00324160     -0.00083900      0.00243280
     1.90000000      0.03782670      0.02230040      0.06452500      0.13829230      0.23709220      0.35002890      0.14993960      0.01015130     -0.00312300     -0.00088270      0.00237180
     1.92000000      0.03803000      0.02273630      0.06550630      0.13922460      0.23861530      0.34558170      0.15031100      0.01038140     -0.00298320     -0.00093220      0.00231360
     1.94000000      0.03823860      0.02316070      0.06648830      0.14017920      0.24014800      0.34112840      0.15066210      0.01059910     -0.00282390     -0.00098630      0.00225830
     1.96000000      0.03845380      0.02357140      0.06747150      0.14115320      0.24167680      0.33668500      0.15099370      0.01080490     -0.00264690     -0.00104390      0.00220530
     1.98000000      0.03867660      0.02396760      0.06845570      0.14214260      0.24318850      0.33226700      0.15130690      0.01099760     -0.00245440     -0.00110400      0.00215460
     2.00000000      0.03890790      0.02434780      0.06944080      0.14314430      0.24467140      0.32789030      0.15160250      0.01117820     -0.00224860     -0.00116590      0.00210480
     2.02000000      0.03914820      0.02471140      0.07042700      0.14415530      0.24611330      0.32356820      0.15188150      0.01134620     -0.00203180     -0.00122990      0.00205530
     2.04000000      0.03939840      0.02505740      0.07141410      0.14517270      0.24750350      0.31931450      0.15214420      0.01150230     -0.00180600     -0.00129500      0.00200480
     2.06000000      0.03965890      0.02538540      0.07240180      0.14619420      0.24883140      0.31514170      0.15239170      0.01164770     -0.00157410     -0.00136270      0.00195250
     2.08000000      0.03992980      0.02569460      0.07339030      0.14721700      0.25008770      0.31106070      0.15262480      0.01178270     -0.00133740     -0.00143310      0.00189820
     2.10000000      0.04021190      0.02598520      0.07437920      0.14823950      0.25126360      0.30708190      0.15284380      0.01190890     -0.00109830     -0.00150740      0.00184160
     2.12000000      0.04050500      0.02625660      0.07536850      0.14925880      0.25235120      0.30321480      0.15305000      0.01202770     -0.00085790     -0.00158610      0.00178310
     2.14000000      0.04080910      0.02650950      0.07635790      0.15027310      0.25334420      0.29946730      0.15324410      0.01214030     -0.00061790     -0.00167050      0.00172310
     2.16000000      0.04112480      0.02674320      0.07734770      0.15128010      0.25423610      0.29584640      0.15342700      0.01224810     -0.00037950     -0.00176050      0.00166270
     2.18000000      0.04145160      0.02695800      0.07833750      0.15227810      0.25502280      0.29235790      0.15359990      0.01235230     -0.00014300     -0.00185690      0.00160280
     2.20000000      0.04178950      0.02715400      0.07932720      0.15326440      0.25569990      0.28900650      0.15376340      0.01245420      0.00008990     -0.00195940      0.00154390
     2.22000000      0.04213880      0.02733160      0.08031710      0.15423750      0.25626510      0.28579590      0.15391930      0.01255410      0.00031820     -0.00206790      0.00148720
     2.24000000      0.04249940      0.02749090      0.08130660      0.15519520      0.25671650      0.28272820      0.15406850      0.01265260      0.00054160     -0.00218200      0.00143300
     2.26000000      0.04287120      0.02763220      0.08229540      0.15613540      0.25705340      0.27980520      0.15421230      0.01275030      0.00075850     -0.00230170      0.00138180
     2.28000000      0.04325360      0.02775600      0.08328410      0.15705700      0.25727520      0.27702730      0.15435190      0.01284660      0.00096800     -0.00242630      0.00133460
     2.30000000      0.04364650      0.02786280      0.08427180      0.15795840      0.25738330      0.27439410      0.15448840      0.01294270      0.00116870     -0.00255550      0.00129200
     2.32000000      0.04404990      0.02795290      0.08525860      0.15883810      0.25737830      0.27190450      0.15462330      0.01303840      0.00135970     -0.00268860      0.00125430
     2.34000000      0.04446290      0.02802750      0.08624430      0.15969510      0.25726250      0.26955580      0.15475720      0.01313390      0.00153970     -0.00282410      0.00122200
     2.36000000      0.04488520      0.02808700      0.08722870      0.16052910      0.25703840      0.26734580      0.15489140      0.01322960      0.00170760     -0.00296130      0.00119510
     2.38000000      0.04531580      0.02813230      0.08821160      0.16133970      0.25670930      0.26527050      0.15502650      0.01332670      0.00186200     -0.00309900      0.00117300
     2.40000000      0.04575410      0.02816440      0.08919260      0.16212600      0.25627900      0.26332600      0.15516340      0.01342580      0.00200230     -0.00323610      0.00115510
     2.42000000      0.04619950      0.02818410      0.09017190      0.16288820      0.25575120      0.26150710      0.15530280      0.01352720      0.00212770     -0.00337250      0.00114070
     2.44000000      0.04665100      0.02819300      0.09114950      0.16362590      0.25513160      0.25980910      0.15544520      0.01363220      0.00223790     -0.00350780      0.00112840
     2.46000000      0.04710770      0.02819210      0.09212480      0.16433910      0.25442460      0.25822570      0.15559140      0.01374130      0.00233210     -0.00364200      0.00111740
     2.48000000      0.04756880      0.02818240      0.09309800      0.16502760      0.25363630      0.25675100      0.15574130      0.01385510      0.00241070     -0.00377530      0.00110740
     2.50000000      0.04803320      0.02816520      0.09406940      0.16569130      0.25277220      0.25537830      0.15589560      0.01397400      0.00247380     -0.00390860      0.00109750
     2.52000000      0.04850010      0.02814230      0.09503830      0.16633060      0.25183840      0.25410110      0.15605470      0.01409840      0.00252110     -0.00404190      0.00108780
     2.54000000      0.04896850      0.02811420      0.09600530      0.16694510      0.25084160      0.25291220      0.15621820      0.01422820      0.00255350     -0.00417590      0.00107860
     2.56000000      0.04943770      0.02808230      0.09697070      0.16753520      0.24978780      0.25180480      0.15638670      0.01436420      0.00257140     -0.00431050      0.00106990
     2.58000000      0.04990650      0.02804810      0.09793430      0.16810150      0.24868340      0.25077200      0.15655980      0.01450570      0.00257490     -0.00444600      0.00106220
     2.60000000      0.05037450      0.02801220      0.09889640      0.16864440      0.24753440      0.24980620      0.15673760      0.01465350      0.00256520     -0.00458230      0.00105630
     2.62000000      0.05084080      0.02797570      0.09985700      0.16916450      0.24634710      0.24890070      0.15691980      0.01480700      0.00254220     -0.00471900      0.00105230
     2.64000000      0.05130460      0.02794020      0.10081630      0.16966230      0.24512770      0.24804810      0.15710640      0.01496670      0.00250710     -0.00485570      0.00105080
     2.66000000      0.05176510      0.02790600      0.10177460      0.17013930      0.24388200      0.24724190      0.15729640      0.01513240      0.00246030     -0.00499150      0.00105150
     2.68000000      0.05222170      0.02787390      0.10273210      0.17059590      0.24261590      0.24647560      0.15748990      0.01530400      0.00240270     -0.00512630      0.00105460
     2.70000000      0.05267400      0.02784530      0.10368890      0.17103360      0.24133470      0.24574190      0.15768680      0.01548150      0.00233560     -0.00525900      0.00105930
     2.72000000      0.05312150      0.02782080      0.10464500      0.17145300      0.24004430      0.24503470      0.15788600      0.01566420      0.00225990     -0.00538950      0.00106520
     2.74000000      0.05356360      0.02780100      0.10560060      0.17185600      0.23874990      0.24434750      0.15808710      0.01585200      0.00217700     -0.00551810      0.00107190
     2.76000000      0.05399980      0.02778650      0.10655520      0.17224370      0.23745660      0.24367420      0.15828950      0.01604430      0.00208760     -0.00564410      0.00107820
     2.78000000      0.05443010      0.02777780      0.10750940      0.17261730      0.23616940      0.24300910      0.15849250      0.01624090      0.00199300     -0.00576810      0.00108400
     2.80000000      0.05485390      0.02777530      0.10846270      0.17297860      0.23489310      0.24234630      0.15869560      0.01644030      0.00189430     -0.00589030      0.00108870
     2.82000000      0.05527140      0.02777980      0.10941520      0.17332860      0.23363240      0.24168040      0.15889800      0.01664210      0.00179230     -0.00601130      0.00109210
     2.84000000      0.05568200      0.02779120      0.11036680      0.17366910      0.23239100      0.24100620      0.15909910      0.01684540      0.00168770     -0.00613150      0.00109380
     2.86000000      0.05608570      0.02780990      0.11131750      0.17400130      0.23117320      0.24031970      0.15929820      0.01704950      0.00158150     -0.00625170      0.00109450
     2.88000000      0.05648260      0.02783630      0.11226690      0.17432700      0.22998230      0.23961560      0.15949490      0.01725380      0.00147390     -0.00637220      0.00109450
     2.90000000      0.05687250      0.02787020      0.11321530      0.17464670      0.22882170      0.23889020      0.15968860      0.01745720      0.00136570     -0.00649350      0.00109470
     2.92000000      0.05725560      0.02791180      0.11416260      0.17496220      0.22769420      0.23813990      0.15987910      0.01765940      0.00125800     -0.00661600      0.00109620
     2.94000000      0.05763180      0.02796090      0.11510880      0.17527460      0.22660230      0.23736140      0.16006590      0.01786020      0.00115080     -0.00673950      0.00110060
     2.96000000      0.05800110      0.02801750      0.11605370      0.17558440      0.22554830      0.23655190      0.16024880      0.01805900      0.00104500     -0.00686310      0.00110900
     2.98000000      0.05836370      0.02808110      0.11699760      0.17589300      0.22453340      0.23570900      0.16042770      0.01825550      0.00094130     -0.00698570      0.00112230
     3.00000000      0.05871980      0.02815160      0.11794090      0.17620060      0.22355950      0.23483090      0.16060250      0.01844960      0.00083910     -0.00710650      0.00114150
     3.02000000      0.05906950      0.02822860      0.11888320      0.17650820      0.22262700      0.23391600      0.16077310      0.01864180      0.00073940     -0.00722380      0.00116670
     3.04000000      0.05941290      0.02831170      0.11982470      0.17681620      0.22173710      0.23296330      0.16093980      0.01883230      0.00064180     -0.00733620      0.00119760
     3.06000000      0.05974990      0.02840050      0.12076550      0.17712500      0.22088990      0.23197250      0.16110230      0.01902060      0.00054630     -0.00744260      0.00123310
     3.08000000      0.06008060      0.02849490      0.12170620      0.17743490      0.22008490      0.23094310      0.16126100      0.01920790      0.00045290     -0.00754250      0.00127240
     3.10000000      0.06040500      0.02859440      0.12264630      0.17774680      0.21932250      0.22987500      0.16141600      0.01939380      0.00036160     -0.00763500      0.00131350
     3.12000000      0.06072340      0.02869880      0.12358650      0.17806070      0.21860070      0.22876870      0.16156680      0.01957860      0.00027260     -0.00772040      0.00135560
     3.14000000      0.06103530      0.02880790      0.12452640      0.17837740      0.21791990      0.22762480      0.16171370      0.01976320      0.00018600     -0.00779890      0.00139670
     3.16000000      0.06134100      0.02892160      0.12546630      0.17869750      0.21727810      0.22644420      0.16185690      0.01994710      0.00010270     -0.00787120      0.00143610
     3.18000000      0.06164080      0.02903970      0.12640620      0.17902160      0.21667440      0.22522720      0.16199580      0.02013100      0.00002250     -0.00793740      0.00147220
     3.20000000      0.06193410      0.02916180      0.12734620      0.17935020      0.21610760      0.22397520      0.16213090      0.02031520     -0.00005370     -0.00799830      0.00150450
     3.22000000      0.06222130      0.02928770      0.12828610      0.17968440      0.21557520      0.22268950      0.16226140      0.02049910     -0.00012550     -0.00805460      0.00153170
     3.24000000      0.06250280      0.02941740      0.12922580      0.18002420      0.21507640      0.22137170      0.16238770      0.02068390     -0.00019280     -0.00810690      0.00155350
     3.26000000      0.06277850      0.02955020      0.13016510      0.18037070      0.21460910      0.22002280      0.16250940      0.02086920     -0.00025440     -0.00815630      0.00156880
     3.28000000      0.06304890      0.02968640      0.13110350      0.18072440      0.21417150      0.21864480      0.16262640      0.02105580     -0.00031030     -0.00820380      0.00157790
     3.30000000      0.06331410      0.02982520      0.13204090      0.18108530      0.21376180      0.21723990      0.16273870      0.02124340     -0.00035970     -0.00825050      0.00158060
     3.32000000      0.06357460      0.02996670      0.13297720      0.18145370      0.21337810      0.21580980      0.16284590      0.02143260     -0.00040200     -0.00829710      0.00157720
     3.34000000      0.06383060      0.03011030      0.13391170      0.18182950      0.21301870      0.21435690      0.16294820      0.02162370     -0.00043760     -0.00834470      0.00156860
     3.36000000      0.06408300      0.03025560      0.13484450      0.18221320      0.21268150      0.21288350      0.16304480      0.02181680     -0.00046540     -0.00839360      0.00155570
     3.38000000      0.06433200      0.03040190      0.13577520      0.18260360      0.21236480      0.21139230      0.16313600      0.02201150     -0.00048510     -0.00844390      0.00153920
     3.40000000      0.06457820      0.03054920      0.13670330      0.18300160      0.21206660      0.20988580      0.16322140      0.02220790     -0.00049660     -0.00849560      0.00152040
     3.42000000      0.06482210      0.03069650      0.13762900      0.18340570      0.21178470      0.20836690      0.16330110      0.02240560     -0.00049960     -0.00854830      0.00149920
     3.44000000      0.06506440      0.03084310      0.13855190      0.18381590      0.21151740      0.20683820      0.16337500      0.02260380     -0.00049380     -0.00860180      0.00147580
     3.46000000      0.06530550      0.03098900      0.13947160      0.18423140      0.21126250      0.20530290      0.16344260      0.02280170     -0.00047960     -0.00865610      0.00145010
     3.48000000      0.06554600      0.03113370      0.14038850      0.18465200      0.21101780      0.20376380      0.16350420      0.02299840     -0.00045680     -0.00871140      0.00142160
     3.50000000      0.06578660      0.03127580      0.14130210      0.18507660      0.21078140      0.20222360      0.16355970      0.02319330     -0.00042590     -0.00876820      0.00139000
     3.52000000      0.06602790      0.03141550      0.14221230      0.18550440      0.21055080      0.20068560      0.16360910      0.02338550     -0.00038720     -0.00882730      0.00135520
     3.54000000      0.06627020      0.03155230      0.14311890      0.18593550      0.21032430      0.19915240      0.16365250      0.02357460     -0.00034190     -0.00888990      0.00131700
     3.56000000      0.06651420      0.03168550      0.14402220      0.18636880      0.21009960      0.19762610      0.16368960      0.02376020     -0.00029070     -0.00895680      0.00127580
     3.58000000      0.06675990      0.03181520      0.14492190      0.18680380      0.20987500      0.19610950      0.16372080      0.02394230     -0.00023440     -0.00902890      0.00123280
     3.60000000      0.06700790      0.03194050      0.14581820      0.18724040      0.20964830      0.19460470      0.16374610      0.02412070     -0.00017390     -0.00910720      0.00118850
     3.62000000      0.06725850      0.03206180      0.14671100      0.18767800      0.20941790      0.19311380      0.16376530      0.02429540     -0.00010990     -0.00919150      0.00114430
     3.64000000      0.06751180      0.03217870      0.14760060      0.18811610      0.20918150      0.19163880      0.16377850      0.02446710     -0.00004310     -0.00928200      0.00110110
     3.66000000      0.06776840      0.03229080      0.14848700      0.18855470      0.20893830      0.19018080      0.16378640      0.02463550      0.00002520     -0.00937840      0.00106070
     3.68000000      0.06802800      0.03239790      0.14937030      0.18899300      0.20868620      0.18874170      0.16378840      0.02480100      0.00009510     -0.00947970      0.00102350
     3.70000000      0.06829070      0.03250020      0.15025110      0.18943120      0.20842420      0.18732290      0.16378550      0.02496350      0.00016610     -0.00958480      0.00099040
     3.72000000      0.06855700      0.03259750      0.15112940      0.18986820      0.20815130      0.18592530      0.16377740      0.02512370      0.00023720     -0.00969280      0.00096240
     3.74000000      0.06882660      0.03268930      0.15200520      0.19030390      0.20786600      0.18455020      0.16376490      0.02528140      0.00030850     -0.00980230      0.00093890
     3.76000000      0.06909940      0.03277590      0.15287890      0.19073770      0.20756770      0.18319840      0.16374790      0.02543700      0.00037970     -0.00991250      0.00092060
     3.78000000      0.06937560      0.03285710      0.15375100      0.19116890      0.20725580      0.18187090      0.16372700      0.02559070      0.00045020     -0.01002220      0.00090670
     3.80000000      0.06965510      0.03293270      0.15462160      0.19159680      0.20692950      0.18056820      0.16370230      0.02574300      0.00051990     -0.01013100      0.00089680
     3.82000000      0.06993780      0.03300290      0.15549060      0.19202120      0.20658860      0.17929080      0.16367400      0.02589380      0.00058850     -0.01023860      0.00089110
     3.84000000      0.07022370      0.03306730      0.15635860      0.19244080      0.20623260      0.17803990      0.16364280      0.02604350      0.00065540     -0.01034450      0.00088850
     3.86000000      0.07051280      0.03312630      0.15722590      0.19285550      0.20586140      0.17681540      0.16360870      0.02619230      0.00072080     -0.01044850      0.00088850
     3.88000000      0.07080470      0.03317990      0.15809280      0.19326470      0.20547480      0.17561750      0.16357190      0.02634040      0.00078370     -0.01055030      0.00089130
     3.90000000      0.07109950      0.03322790      0.15895890      0.19366800      0.20507300      0.17444700      0.16353220      0.02648800      0.00084410     -0.01065040      0.00089560
     3.92000000      0.07139680      0.03327060      0.15982490      0.19406520      0.20465550      0.17330290      0.16349020      0.02663550      0.00090210     -0.01074820      0.00090160
     3.94000000      0.07169650      0.03330820      0.16069050      0.19445560      0.20422330      0.17218590      0.16344550      0.02678270      0.00095650     -0.01084430      0.00090850
     3.96000000      0.07199890      0.03334100      0.16155640      0.19484010      0.20377660      0.17109470      0.16339850      0.02692960      0.00100770     -0.01093870      0.00091680
     3.98000000      0.07230340      0.03336900      0.16242230      0.19521740      0.20331560      0.17002920      0.16334940      0.02707660      0.00105500     -0.01103110      0.00092590
     4.00000000      0.07260980      0.03339250      0.16328820      0.19558800      0.20284120      0.16898820      0.16329840      0.02722360      0.00109840     -0.01112180      0.00093570
     4.02000000      0.07291790      0.03341220      0.16415400      0.19595200      0.20235430      0.16797040      0.16324520      0.02737030      0.00113800     -0.01121030      0.00094580
     4.04000000      0.07322770      0.03342790      0.16501970      0.19630920      0.20185600      0.16697520      0.16319080      0.02751650      0.00117370     -0.01129650      0.00095670
     4.06000000      0.07353860      0.03344030      0.16588550      0.19665930      0.20134680      0.16600040      0.16313520      0.02766250      0.00120510     -0.01138000      0.00096810
     4.08000000      0.07385060      0.03344940      0.16675130      0.19700280      0.20082820      0.16504520      0.16307880      0.02780820      0.00123210     -0.01146060      0.00097890
     4.10000000      0.07416390      0.03345590      0.16761650      0.19733990      0.20030100      0.16410770      0.16302180      0.02795340      0.00125490     -0.01153800      0.00098920
     4.12000000      0.07447700      0.03345970      0.16848180      0.19767010      0.19976650      0.16318680      0.16296470      0.02809790      0.00127360     -0.01161190      0.00099790
     4.14000000      0.07479060      0.03346160      0.16934650      0.19799360      0.19922590      0.16228050      0.16290740      0.02824190      0.00128750     -0.01168280      0.00100420
     4.16000000      0.07510400      0.03346230      0.17021050      0.19831100      0.19867960      0.16138780      0.16285090      0.02838490      0.00129720     -0.01175140      0.00100700
     4.18000000      0.07541720      0.03346170      0.17107400      0.19862190      0.19812990      0.16050720      0.16279470      0.02852770      0.00130270     -0.01181770      0.00100560
     4.20000000      0.07572950      0.03346040      0.17193680      0.19892690      0.19757640      0.15963680      0.16273930      0.02866970      0.00130360     -0.01188350      0.00099940
     4.22000000      0.07604100      0.03345900      0.17279810      0.19922590      0.19702090      0.15877640      0.16268490      0.02881110      0.00130090     -0.01194940      0.00098800
     4.24000000      0.07635110      0.03345790      0.17365860      0.19951910      0.19646420      0.15792430      0.16263130      0.02895240      0.00129440     -0.01201730      0.00097110
     4.26000000      0.07665970      0.03345730      0.17451750      0.19980700      0.19590640      0.15707980      0.16257850      0.02909330      0.00128430     -0.01208820      0.00094920
     4.28000000      0.07696650      0.03345770      0.17537510      0.20008950      0.19534860      0.15624250      0.16252660      0.02923420      0.00127040     -0.01216340      0.00092280
     4.30000000      0.07727130      0.03345950      0.17623090      0.20036640      0.19479150      0.15541100      0.16247570      0.02937580      0.00125340     -0.01224420      0.00089280
     4.32000000      0.07757400      0.03346300      0.17708490      0.20063820      0.19423570      0.15458530      0.16242510      0.02951780      0.00123310     -0.01233150      0.00086040
     4.34000000      0.07787440      0.03346830      0.17793680      0.20090460      0.19368160      0.15376480      0.16237540      0.02966070      0.00120990     -0.01242560      0.00082780
     4.36000000      0.07817220      0.03347550      0.17878730      0.20116600      0.19313030      0.15294930      0.16232580      0.02980470      0.00118360     -0.01252620      0.00079640
     4.38000000      0.07846730      0.03348480      0.17963530      0.20142230      0.19258200      0.15213840      0.16227610      0.02994970      0.00115450     -0.01263290      0.00076760
     4.40000000      0.07875960      0.03349660      0.18048150      0.20167320      0.19203760      0.15133100      0.16222660      0.03009600      0.00112300     -0.01274420      0.00074280
     4.42000000      0.07904860      0.03351070      0.18132580      0.20191950      0.19149800      0.15052740      0.16217630      0.03024340      0.00108880     -0.01285800      0.00072240
     4.44000000      0.07933490      0.03352690      0.18216790      0.20216120      0.19096320      0.14972700      0.16212540      0.03039160      0.00105210     -0.01297400      0.00070700
     4.46000000      0.07961760      0.03354580      0.18300810      0.20239830      0.19043450      0.14892880      0.16207370      0.03054090      0.00101290     -0.01308990      0.00069630
     4.48000000      0.07989690      0.03356670      0.18384610      0.20263180      0.18991190      0.14813240      0.16202080      0.03069140      0.00097110     -0.01320400      0.00069020
     4.50000000      0.08017250      0.03359030      0.18468220      0.20286200      0.18939590      0.14733720      0.16196640      0.03084300      0.00092670     -0.01331650      0.00068790
     4.52000000      0.08044430      0.03361680      0.18551560      0.20308990      0.18888650      0.14654270      0.16191040      0.03099660      0.00087970     -0.01342590      0.00068910
     4.54000000      0.08071240      0.03364570      0.18634720      0.20331600      0.18838400      0.14574900      0.16185250      0.03115200      0.00083050     -0.01353260      0.00069330
     4.56000000      0.08097630      0.03367760      0.18717640      0.20354140      0.18788760      0.14495520      0.16179240      0.03130980      0.00078010     -0.01363600      0.00070040
     4.58000000      0.08123620      0.03371230      0.18800280      0.20376640      0.18739720      0.14416150      0.16173040      0.03146960      0.00072860     -0.01373600      0.00070990
     4.60000000      0.08149190      0.03375020      0.18882710      0.20399260      0.18691220      0.14336730      0.16166530      0.03163180      0.00067660     -0.01383300      0.00072200
     4.62000000      0.08174340      0.03379080      0.18964890      0.20422060      0.18643170      0.14257330      0.16159760      0.03179620      0.00062520     -0.01392660      0.00073650
     4.64000000      0.08199130      0.03383420      0.19046850      0.20445150      0.18595530      0.14177930      0.16152680      0.03196220      0.00057510     -0.01401700      0.00075240
     4.66000000      0.08223500      0.03388030      0.19128540      0.20468580      0.18548170      0.14098590      0.16145270      0.03212950      0.00052670     -0.01410440      0.00077080
     4.68000000      0.08247530      0.03392880      0.19209970      0.20492430      0.18501050      0.14019310      0.16137500      0.03229810      0.00048100     -0.01418930      0.00079060
     4.70000000      0.08271190      0.03397970      0.19291190      0.20516720      0.18454110      0.13940120      0.16129360      0.03246710      0.00043810     -0.01427080      0.00081150
     4.72000000      0.08294520      0.03403240      0.19372130      0.20541530      0.18407280      0.13861100      0.16120860      0.03263630      0.00039870     -0.01434960      0.00083360
     4.74000000      0.08317550      0.03408680      0.19452850      0.20566820      0.18360490      0.13782310      0.16111960      0.03280560      0.00036330     -0.01442530      0.00085630
     4.76000000      0.08340290      0.03414220      0.19533310      0.20592580      0.18313770      0.13703770      0.16102720      0.03297420      0.00033200     -0.01449800      0.00087940
     4.78000000      0.08362770      0.03419850      0.19613510      0.20618780      0.18267060      0.13625510      0.16093150      0.03314220      0.00030510     -0.01456690      0.00090230
     4.80000000      0.08385040      0.03425540      0.19693490      0.20645370      0.18220370      0.13547600      0.16083260      0.03330960      0.00028260     -0.01463250      0.00092410
     4.82000000      0.08407080      0.03431220      0.19773200      0.20672310      0.18173730      0.13470030      0.16073090      0.03347640      0.00026470     -0.01469390      0.00094400
     4.84000000      0.08428950      0.03436890      0.19852680      0.20699480      0.18127170      0.13392780      0.16062720      0.03364210      0.00025120     -0.01475150      0.00096120
     4.86000000      0.08450680      0.03442500      0.19931920      0.20726820      0.18080760      0.13315870      0.16052170      0.03380690      0.00024180     -0.01480570      0.00097440
     4.88000000      0.08472250      0.03448030      0.20010940      0.20754240      0.18034520      0.13239210      0.16041500      0.03397120      0.00023670     -0.01485660      0.00098260
     4.90000000      0.08493670      0.03453510      0.20089730      0.20781650      0.17988590      0.13162780      0.16030760      0.03413500      0.00023590     -0.01490560      0.00098510
     4.92000000      0.08514990      0.03458850      0.20168340      0.20808980      0.17943050      0.13086500      0.16019980      0.03429750      0.00023920     -0.01495330      0.00098140
     4.94000000      0.08536210      0.03464080      0.20246720      0.20836130      0.17898000      0.13010320      0.16009250      0.03445880      0.00024670     -0.01500150      0.00097090
     4.96000000      0.08557350      0.03469190      0.20324910      0.20863030      0.17853550      0.12934110      0.15998550      0.03461870      0.00025860     -0.01505190      0.00095450
     4.98000000      0.08578470      0.03474140      0.20402900      0.20889570      0.17809830      0.12857850      0.15987910      0.03477630      0.00027490     -0.01510540      0.00093270
     5.00000000      0.08599520      0.03479010      0.20480680      0.20915760      0.17766900      0.12781410      0.15977400      0.03493020      0.00029500     -0.01516370      0.00090740
     5.02000000      0.08620590      0.03483700      0.20558290      0.20941490      0.17724910      0.12704740      0.15966990      0.03508100      0.00031900     -0.01522750      0.00088020
     5.04000000      0.08641660      0.03488230      0.20635680      0.20966720      0.17683890      0.12627800      0.15956680      0.03522720      0.00034580     -0.01529670      0.00085310
     5.06000000      0.08662780      0.03492590      0.20712920      0.20991470      0.17643880      0.12550530      0.15946500      0.03536870      0.00037480     -0.01537070      0.00082760
     5.08000000      0.08683910      0.03496800      0.20789990      0.21015690      0.17604930      0.12472930      0.15936410      0.03550510      0.00040510     -0.01544900      0.00080480
     5.10000000      0.08705130      0.03500780      0.20866940      0.21039370      0.17567040      0.12395000      0.15926400      0.03563670      0.00043570     -0.01553040      0.00078570
     5.12000000      0.08726370      0.03504620      0.20943700      0.21062590      0.17530180      0.12316760      0.15916450      0.03576370      0.00046570     -0.01561340      0.00077000
     5.14000000      0.08747690      0.03508270      0.21020380      0.21085290      0.17494290      0.12238200      0.15906560      0.03588730      0.00049380     -0.01569700      0.00075770
     5.16000000      0.08769040      0.03511750      0.21096970      0.21107510      0.17459340      0.12159450      0.15896660      0.03600770      0.00051970     -0.01578090      0.00074760
     5.18000000      0.08790430      0.03515070      0.21173400      0.21129300      0.17425200      0.12080520      0.15886740      0.03612580      0.00054280     -0.01586480      0.00073900
     5.20000000      0.08811840      0.03518280      0.21249740      0.21150710      0.17391770      0.12001530      0.15876780      0.03624280      0.00056300     -0.01594820      0.00073180
     5.22000000      0.08833240      0.03521380      0.21325980      0.21171780      0.17358990      0.11922570      0.15866770      0.03635940      0.00058040     -0.01603210      0.00072470
     5.24000000      0.08854650      0.03524340      0.21402110      0.21192530      0.17326690      0.11843700      0.15856640      0.03647630      0.00059530     -0.01611620      0.00071830
     5.26000000      0.08876040      0.03527250      0.21478070      0.21213070      0.17294800      0.11765110      0.15846400      0.03659410      0.00060790     -0.01620090      0.00071230
     5.28000000      0.08897400      0.03530040      0.21553870      0.21233420      0.17263150      0.11686830      0.15835990      0.03671310      0.00061920     -0.01628650      0.00070770
     5.30000000      0.08918770      0.03532720      0.21629480      0.21253670      0.17231680      0.11608940      0.15825440      0.03683310      0.00062910     -0.01637210      0.00070470
     5.32000000      0.08940090      0.03535320      0.21704900      0.21273910      0.17200240      0.11531590      0.15814660      0.03695400      0.00063830     -0.01645750      0.00070330
     5.34000000      0.08961390      0.03537790      0.21780090      0.21294210      0.17168720      0.11454820      0.15803650      0.03707590      0.00064720     -0.01654220      0.00070420
     5.36000000      0.08982690      0.03540130      0.21855020      0.21314660      0.17137020      0.11378750      0.15792410      0.03719800      0.00065620     -0.01662600      0.00070690
     5.38000000      0.09003990      0.03542360      0.21929680      0.21335290      0.17105050      0.11303440      0.15780880      0.03731970      0.00066470     -0.01670790      0.00071180
     5.40000000      0.09025260      0.03544430      0.22004050      0.21356160      0.17072720      0.11228970      0.15769090      0.03744050      0.00067280     -0.01678830      0.00071810
     5.42000000      0.09046520      0.03546360      0.22078160      0.21377320      0.17039910      0.11155400      0.15757010      0.03756060      0.00068000     -0.01686690      0.00072640
     5.44000000      0.09067790      0.03548160      0.22151960      0.21398800      0.17006570      0.11082790      0.15744640      0.03767910      0.00068550     -0.01694340      0.00073620
     5.46000000      0.09089010      0.03549810      0.22225460      0.21420590      0.16972650      0.11011250      0.15731960      0.03779590      0.00068870     -0.01701820      0.00074700
     5.48000000      0.09110180      0.03551350      0.22298700      0.21442650      0.16937970      0.10940840      0.15719000      0.03791200      0.00068930     -0.01709080      0.00075900
     5.50000000      0.09131300      0.03552800      0.22371660      0.21465030      0.16902570      0.10871590      0.15705790      0.03802720      0.00068660     -0.01716120      0.00077150
     5.52000000      0.09152320      0.03554210      0.22444370      0.21487620      0.16866370      0.10803560      0.15692300      0.03814210      0.00068060     -0.01722940      0.00078390
     5.54000000      0.09173250      0.03555520      0.22516840      0.21510400      0.16829330      0.10736810      0.15678580      0.03825760      0.00067210     -0.01729500      0.00079590
     5.56000000      0.09194030      0.03556820      0.22589090      0.21533320      0.16791450      0.10671380      0.15664660      0.03837370      0.00066050     -0.01735840      0.00080670
     5.58000000      0.09214670      0.03558130      0.22661150      0.21556260      0.16752720      0.10607250      0.15650550      0.03849110      0.00064690     -0.01741950      0.00081520
     5.60000000      0.09235150      0.03559470      0.22733000      0.21579160      0.16713230      0.10544410      0.15636300      0.03861030      0.00063170     -0.01747890      0.00082100
     5.62000000      0.09255460      0.03560860      0.22804660      0.21601970      0.16672950      0.10482860      0.15621930      0.03873070      0.00061550     -0.01753740      0.00082290
     5.64000000      0.09275620      0.03562300      0.22876190      0.21624580      0.16632020      0.10422550      0.15607470      0.03885280      0.00059860     -0.01759550      0.00082070
     5.66000000      0.09295560      0.03563850      0.22947550      0.21646920      0.16590540      0.10363380      0.15592950      0.03897580      0.00058160     -0.01765460      0.00081410
     5.68000000      0.09315320      0.03565460      0.23018740      0.21668860      0.16548630      0.10305290      0.15578420      0.03909980      0.00056440     -0.01771630      0.00080290
     5.70000000      0.09334910      0.03567210      0.23089790      0.21690410      0.16506430      0.10248110      0.15563900      0.03922440      0.00054710     -0.01778140      0.00078810
     5.72000000      0.09354280      0.03569060      0.23160650      0.21711430      0.16464070      0.10191760      0.15549450      0.03934950      0.00052970     -0.01785080      0.00077060
     5.74000000      0.09373500      0.03571050      0.23231400      0.21731880      0.16421730      0.10136110      0.15535100      0.03947450      0.00051220     -0.01792540      0.00075170
     5.76000000      0.09392520      0.03573140      0.23301970      0.21751700      0.16379570      0.10080960      0.15520900      0.03959910      0.00049480     -0.01800510      0.00073310
     5.78000000      0.09411320      0.03575400      0.23372400      0.21770830      0.16337710      0.10026200      0.15506910      0.03972370      0.00047750     -0.01808910      0.00071630
     5.80000000      0.09429950      0.03577760      0.23442640      0.21789260      0.16296330      0.09971650      0.15493190      0.03984800      0.00046050     -0.01817690      0.00070250
     5.82000000      0.09448410      0.03580240      0.23512750      0.21806900      0.16255520      0.09917220      0.15479730      0.03997190      0.00044390     -0.01826630      0.00069240
     5.84000000      0.09466660      0.03582810      0.23582730      0.21823860      0.16215380      0.09862780      0.15466600      0.04009600      0.00042850     -0.01835640      0.00068630
     5.86000000      0.09484750      0.03585450      0.23652530      0.21840050      0.16175960      0.09808220      0.15453780      0.04022000      0.00041470     -0.01844580      0.00068460
     5.88000000      0.09502690      0.03588160      0.23722200      0.21855580      0.16137350      0.09753490      0.15441320      0.04034370      0.00040300     -0.01853300      0.00068640
     5.90000000      0.09520460      0.03590900      0.23791750      0.21870440      0.16099490      0.09698560      0.15429140      0.04046760      0.00039390     -0.01861740      0.00069120
     5.92000000      0.09538130      0.03593650      0.23861120      0.21884730      0.16062380      0.09643480      0.15417270      0.04059110      0.00038790     -0.01869850      0.00069810
     5.94000000      0.09555730      0.03596400      0.23930320      0.21898570      0.16025950      0.09588170      0.15405640      0.04071430      0.00038550     -0.01877610      0.00070650
     5.96000000      0.09573220      0.03599070      0.23999370      0.21912010      0.15990150      0.09532750      0.15394170      0.04083650      0.00038640     -0.01885080      0.00071550
     5.98000000      0.09590660      0.03601740      0.24068190      0.21925230      0.15954870      0.09477250      0.15382840      0.04095800      0.00039050     -0.01892280      0.00072450
     6.00000000      0.09608070      0.03604310      0.24136790      0.21938280      0.15920000      0.09421740      0.15371540      0.04107830      0.00039760     -0.01899320      0.00073360
     6.02000000      0.09625480      0.03606780      0.24205150      0.21951310      0.15885510      0.09366290      0.15360230      0.04119760      0.00040700     -0.01906260      0.00074230
     6.04000000      0.09642910      0.03609160      0.24273240      0.21964450      0.15851250      0.09310920      0.15348840      0.04131560      0.00041810     -0.01913170      0.00075050
     6.06000000      0.09660330      0.03611430      0.24341040      0.21977740      0.15817180      0.09255730      0.15337310      0.04143280      0.00043010     -0.01920070      0.00075910
     6.08000000      0.09677800      0.03613590      0.24408480      0.21991320      0.15783270      0.09200680      0.15325620      0.04154930      0.00044180     -0.01927020      0.00076770
     6.10000000      0.09695250      0.03615660      0.24475620      0.22005240      0.15749460      0.09145850      0.15313710      0.04166510      0.00045280     -0.01934000      0.00077660
     6.12000000      0.09712740      0.03617610      0.24542400      0.22019590      0.15715760      0.09091150      0.15301510      0.04178130      0.00046240     -0.01941030      0.00078580
     6.14000000      0.09730210      0.03619490      0.24608850      0.22034380      0.15682150      0.09036640      0.15289050      0.04189760      0.00047020     -0.01948050      0.00079540
     6.16000000      0.09747710      0.03621280      0.24674930      0.22049690      0.15648670      0.08982230      0.15276320      0.04201450      0.00047560     -0.01955060      0.00080500
     6.18000000      0.09765170      0.03623010      0.24740660      0.22065490      0.15615300      0.08927880      0.15263250      0.04213240      0.00047950     -0.01962040      0.00081470
     6.20000000      0.09782600      0.03624720      0.24806050      0.22081850      0.15582090      0.08873590      0.15249870      0.04225050      0.00048170     -0.01969000      0.00082350
     6.22000000      0.09800030      0.03626370      0.24871110      0.22098730      0.15549070      0.08819290      0.15236210      0.04236900      0.00048250     -0.01975910      0.00083170
     6.24000000      0.09817370      0.03628010      0.24935850      0.22116090      0.15516240      0.08765000      0.15222230      0.04248770      0.00048270     -0.01982850      0.00083910
     6.26000000      0.09834670      0.03629640      0.25000270      0.22133950      0.15483640      0.08710650      0.15207930      0.04260610      0.00048260     -0.01989890      0.00084570
     6.28000000      0.09851940      0.03631270      0.25064400      0.22152210      0.15451300      0.08656290      0.15193370      0.04272380      0.00048280     -0.01997030      0.00085210
     6.30000000      0.09869150      0.03632860      0.25128250      0.22170850      0.15419210      0.08601880      0.15178580      0.04283990      0.00048390     -0.02004290      0.00085890
     6.32000000      0.09886300      0.03634450      0.25191810      0.22189860      0.15387320      0.08547500      0.15163530      0.04295430      0.00048590     -0.02011710      0.00086740
     6.34000000      0.09903410      0.03635970      0.25255150      0.22209160      0.15355690      0.08493170      0.15148250      0.04306680      0.00048960     -0.02019210      0.00087850
     6.36000000      0.09920460      0.03637440      0.25318260      0.22228680      0.15324260      0.08438950      0.15132750      0.04317660      0.00049500     -0.02026710      0.00089280
     6.38000000      0.09937490      0.03638780      0.25381130      0.22248390      0.15292970      0.08384910      0.15117120      0.04328400      0.00050210     -0.02034040      0.00091090
     6.40000000      0.09954490      0.03640060      0.25443860      0.22268250      0.15261790      0.08331110      0.15101300      0.04338870      0.00051070     -0.02041130      0.00093280
     6.42000000      0.09971440      0.03641130      0.25506390      0.22288150      0.15230650      0.08277650      0.15085370      0.04349080      0.00052050     -0.02047780      0.00095780
     6.44000000      0.09988390      0.03642110      0.25568800      0.22308120      0.15199500      0.08224570      0.15069280      0.04359020      0.00053090     -0.02053890      0.00098520
     6.46000000      0.10005310      0.03642880      0.25631110      0.22328100      0.15168330      0.08171930      0.15053110      0.04368770      0.00054170     -0.02059390      0.00101370
     6.48000000      0.10022220      0.03643490      0.25693320      0.22347990      0.15137070      0.08119840      0.15036850      0.04378340      0.00055190     -0.02064200      0.00104200
     6.50000000      0.10039110      0.03643920      0.25755430      0.22367790      0.15105670      0.08068340      0.15020520      0.04387760      0.00056130     -0.02068250      0.00106880
     6.52000000      0.10055970      0.03644190      0.25817510      0.22387420      0.15074110      0.08017430      0.15004120      0.04397050      0.00056960     -0.02071620      0.00109200
     6.54000000      0.10072810      0.03644330      0.25879510      0.22406880      0.15042410      0.07967130      0.14987730      0.04406250      0.00057670     -0.02074320      0.00111070
     6.56000000      0.10089580      0.03644340      0.25941470      0.22426080      0.15010500      0.07917500      0.14971330      0.04415360      0.00058210     -0.02076410      0.00112360
     6.58000000      0.10106320      0.03644270      0.26003330      0.22444970      0.14978440      0.07868480      0.14954950      0.04424360      0.00058610     -0.02078000      0.00112890
     6.60000000      0.10123010      0.03644140      0.26065130      0.22463520      0.14946210      0.07820120      0.14938660      0.04433270      0.00058870     -0.02079260      0.00112620
     6.62000000      0.10139650      0.03643940      0.26126850      0.22481630      0.14913840      0.07772390      0.14922480      0.04442070      0.00059020     -0.02080360      0.00111470
     6.64000000      0.10156230      0.03643770      0.26188430      0.22499300      0.14881400      0.07725210      0.14906450      0.04450760      0.00059030     -0.02081470      0.00109390
     6.66000000      0.10172710      0.03643620      0.26249920      0.22516470      0.14848840      0.07678600      0.14890590      0.04459350      0.00058890     -0.02082780      0.00106410
     6.68000000      0.10189150      0.03643530      0.26311250      0.22533120      0.14816290      0.07632510      0.14874960      0.04467890      0.00058630     -0.02084500      0.00102570
     6.70000000      0.10205510      0.03643510      0.26372380      0.22549210      0.14783730      0.07586860      0.14859590      0.04476360      0.00058230     -0.02086840      0.00097960
     6.72000000      0.10221790      0.03643600      0.26433350      0.22564800      0.14751220      0.07541650      0.14844440      0.04484830      0.00057690     -0.02090020      0.00092690
     6.74000000      0.10237980      0.03643830      0.26494110      0.22579790      0.14718780      0.07496740      0.14829590      0.04493370      0.00057050     -0.02094120      0.00087020
     6.76000000      0.10254090      0.03644210      0.26554660      0.22594270      0.14686490      0.07452150      0.14814990      0.04502050      0.00056290     -0.02099300      0.00081100
     6.78000000      0.10270080      0.03644710      0.26614980      0.22608250      0.14654320      0.07407810      0.14800670      0.04510940      0.00055470     -0.02105650      0.00075200
     6.80000000      0.10285980      0.03645370      0.26675100      0.22621740      0.14622340      0.07363690      0.14786610      0.04520050      0.00054600     -0.02113070      0.00069570
     6.82000000      0.10301790      0.03646160      0.26734970      0.22634840      0.14590530      0.07319740      0.14772800      0.04529440      0.00053760     -0.02121560      0.00064460
     6.84000000      0.10317510      0.03647060      0.26794640      0.22647540      0.14558950      0.07275920      0.14759200      0.04539090      0.00052970     -0.02130940      0.00060110
     6.86000000      0.10333130      0.03648040      0.26854100      0.22659880      0.14527590      0.07232240      0.14745830      0.04548980      0.00052270     -0.02140980      0.00056670
     6.88000000      0.10348670      0.03649090      0.26913360      0.22671930      0.14496500      0.07188640      0.14732640      0.04559070      0.00051690     -0.02151450      0.00054250
     6.90000000      0.10364160      0.03650140      0.26972450      0.22683710      0.14465690      0.07145110      0.14719610      0.04569330      0.00051270     -0.02162090      0.00052880
     6.92000000      0.10379570      0.03651190      0.27031380      0.22695200      0.14435180      0.07101580      0.14706710      0.04579640      0.00050990     -0.02172660      0.00052490
     6.94000000      0.10394960      0.03652190      0.27090150      0.22706490      0.14405050      0.07058090      0.14693920      0.04589970      0.00050880     -0.02182910      0.00053070
     6.96000000      0.10410310      0.03653090      0.27148820      0.22717510      0.14375300      0.07014570      0.14681250      0.04600270      0.00050880     -0.02192670      0.00054450
     6.98000000      0.10425640      0.03653930      0.27207360      0.22728290      0.14346010      0.06970950      0.14668630      0.04610430      0.00051030     -0.02201830      0.00056450
     7.00000000      0.10440990      0.03654670      0.27265820      0.22738900      0.14317210      0.06927210      0.14656090      0.04620450      0.00051250     -0.02210250      0.00058880
     7.02000000      0.10456280      0.03655260      0.27324170      0.22749240      0.14288920      0.06883330      0.14643620      0.04630320      0.00051530     -0.02217920      0.00061560
     7.04000000      0.10471580      0.03655730      0.27382450      0.22759400      0.14261210      0.06839230      0.14631210      0.04639950      0.00051830     -0.02224850      0.00064290
     7.06000000      0.10486910      0.03656110      0.27440630      0.22769360      0.14234130      0.06794890      0.14618820      0.04649410      0.00052090     -0.02231100      0.00066890
     7.08000000      0.10502190      0.03656360      0.27498720      0.22779120      0.14207700      0.06750240      0.14606500      0.04658690      0.00052300     -0.02236820      0.00069190
     7.10000000      0.10517470      0.03656550      0.27556720      0.22788740      0.14181880      0.06705310      0.14594210      0.04667840      0.00052430     -0.02242070      0.00071150
     7.12000000      0.10532700      0.03656660      0.27614560      0.22798200      0.14156710      0.06660080      0.14581910      0.04676840      0.00052380     -0.02247090      0.00072640
     7.14000000      0.10547890      0.03656750      0.27672280      0.22807520      0.14132150      0.06614560      0.14569670      0.04685830      0.00052100     -0.02251970      0.00073770
     7.16000000      0.10562990      0.03656830      0.27729860      0.22816780      0.14108170      0.06568800      0.14557430      0.04694740      0.00051570     -0.02256810      0.00074510
     7.18000000      0.10578000      0.03656930      0.27787250      0.22825960      0.14084690      0.06522830      0.14545190      0.04703640      0.00050730     -0.02261740      0.00074980
     7.20000000      0.10592870      0.03657080      0.27844460      0.22835130      0.14061680      0.06476700      0.14532920      0.04712530      0.00049590     -0.02266770      0.00075290
     7.22000000      0.10607630      0.03657310      0.27901450      0.22844320      0.14039010      0.06430530      0.14520590      0.04721450      0.00048030     -0.02271910      0.00075460
     7.24000000      0.10622210      0.03657670      0.27958260      0.22853600      0.14016640      0.06384290      0.14508220      0.04730430      0.00046130     -0.02277150      0.00075650
     7.26000000      0.10636570      0.03658160      0.28014820      0.22862960      0.13994480      0.06338120      0.14495720      0.04739450      0.00043910     -0.02282430      0.00075850
     7.28000000      0.10650740      0.03658810      0.28071140      0.22872530      0.13972420      0.06292070      0.14483150      0.04748510      0.00041340     -0.02287700      0.00076100
     7.30000000      0.10664660      0.03659640      0.28127260      0.22882250      0.13950470      0.06246170      0.14470410      0.04757650      0.00038520     -0.02292900      0.00076370
     7.32000000      0.10678350      0.03660680      0.28183170      0.22892220      0.13928480      0.06200450      0.14457530      0.04766800      0.00035460     -0.02298030      0.00076620
     7.34000000      0.10691750      0.03661910      0.28238820      0.22902430      0.13906460      0.06154970      0.14444490      0.04776020      0.00032220     -0.02303100      0.00076830
     7.36000000      0.10704870      0.03663390      0.28294290      0.22912930      0.13884360      0.06109730      0.14431270      0.04785290      0.00028880     -0.02308150      0.00076930
     7.38000000      0.10717730      0.03665100      0.28349560      0.22923680      0.13862160      0.06064740      0.14417900      0.04794630      0.00025440     -0.02313240      0.00076930
     7.40000000      0.10730280      0.03667040      0.28404620      0.22934750      0.13839790      0.06020020      0.14404350      0.04804020      0.00022000     -0.02318410      0.00076910
     7.42000000      0.10742530      0.03669190      0.28459520      0.22946040      0.13817310      0.05975600      0.14390670      0.04813500      0.00018580     -0.02323670      0.00076880
     7.44000000      0.10754510      0.03671580      0.28514210      0.22957590      0.13794640      0.05931510      0.14376850      0.04823060      0.00015250     -0.02329090      0.00076950
     7.46000000      0.10766190      0.03674160      0.28568730      0.22969360      0.13771770      0.05887770      0.14362900      0.04832750      0.00012070     -0.02334580      0.00077220
     7.48000000      0.10777620      0.03676910      0.28623070      0.22981340      0.13748670      0.05844390      0.14348860      0.04842540      0.00009120     -0.02340040      0.00077700
     7.50000000      0.10788780      0.03679790      0.28677230      0.22993550      0.13725340      0.05801470      0.14334710      0.04852430      0.00006440     -0.02345460      0.00078430
     7.52000000      0.10799710      0.03682830      0.28731230      0.23005920      0.13701700      0.05759040      0.14320470      0.04862410      0.00004090     -0.02350750      0.00079390
     7.54000000      0.10810440      0.03685900      0.28785020      0.23018450      0.13677690      0.05717160      0.14306170      0.04872460      0.00002120     -0.02355810      0.00080490
     7.56000000      0.10821010      0.03689020      0.28838670      0.23031170      0.13653260      0.05675950      0.14291800      0.04882510      0.00000590     -0.02360640      0.00081730
     7.58000000      0.10831420      0.03692150      0.28892080      0.23043970      0.13628360      0.05635490      0.14277380      0.04892570     -0.00000490     -0.02365280      0.00082980
     7.60000000      0.10841740      0.03695240      0.28945330      0.23056900      0.13602890      0.05595830      0.14262950      0.04902580     -0.00001100     -0.02369730      0.00084210
     7.62000000      0.10851990      0.03698260      0.28998350      0.23069930      0.13576750      0.05557130      0.14248470      0.04912510     -0.00001190     -0.02374090      0.00085340
     7.64000000      0.10862200      0.03701160      0.29051190      0.23082970      0.13549880      0.05519490      0.14234000      0.04922340     -0.00000790     -0.02378390      0.00086400
     7.66000000      0.10872400      0.03703940      0.29103810      0.23096050      0.13522200      0.05482950      0.14219520      0.04932010      0.00000170     -0.02382730      0.00087440
     7.68000000      0.10882650      0.03706540      0.29156250      0.23109120      0.13493640      0.05447600      0.14205070      0.04941490      0.00001610     -0.02387100      0.00088480
     7.70000000      0.10892990      0.03708940      0.29208480      0.23122200      0.13464160      0.05413490      0.14190640      0.04950740      0.00003500     -0.02391500      0.00089610
     7.72000000      0.10903440      0.03711110      0.29260530      0.23135210      0.13433720      0.05380670      0.14176230      0.04959690      0.00005820     -0.02395930      0.00090840
     7.74000000      0.10913990      0.03713020      0.29312410      0.23148130      0.13402340      0.05349120      0.14161860      0.04968330      0.00008480     -0.02400260      0.00092230
     7.76000000      0.10924710      0.03714650      0.29364150      0.23160940      0.13370090      0.05318810      0.14147540      0.04976590      0.00011440     -0.02404440      0.00093780
     7.78000000      0.10935600      0.03715990      0.29415720      0.23173650      0.13337020      0.05289630      0.14133290      0.04984480      0.00014570     -0.02408380      0.00095430
     7.80000000      0.10946680      0.03717030      0.29467180      0.23186160      0.13303270      0.05261490      0.14119120      0.04991960      0.00017850     -0.02411990      0.00097170
     7.82000000      0.10957940      0.03717760      0.29518490      0.23198460      0.13269000      0.05234230      0.14105020      0.04999070      0.00021150     -0.02415220      0.00098830
     7.84000000      0.10969370      0.03718200      0.29569710      0.23210450      0.13234480      0.05207660      0.14091040      0.05005800      0.00024390     -0.02418030      0.00100360
     7.86000000      0.10980990      0.03718370      0.29620790      0.23222160      0.13199850      0.05181540      0.14077200      0.05012230      0.00027500     -0.02420430      0.00101600
     7.88000000      0.10992760      0.03718250      0.29671790      0.23233470      0.13165400      0.05155710      0.14063510      0.05018350      0.00030440     -0.02422440      0.00102440
     7.90000000      0.11004690      0.03717950      0.29722680      0.23244350      0.13131350      0.05129890      0.14049990      0.05024310      0.00033160     -0.02424180      0.00102780
     7.92000000      0.11016770      0.03717400      0.29773450      0.23254720      0.13097990      0.05103870      0.14036710      0.05030100      0.00035630     -0.02425730      0.00102510
     7.94000000      0.11028950      0.03716690      0.29824110      0.23264540      0.13065520      0.05077440      0.14023680      0.05035810      0.00037870     -0.02427220      0.00101600
     7.96000000      0.11041250      0.03715840      0.29874620      0.23273800      0.13034110      0.05050370      0.14010920      0.05041480      0.00039900     -0.02428810      0.00099990
     7.98000000      0.11053640      0.03714860      0.29924980      0.23282440      0.13003990      0.05022590      0.13998430      0.05047140      0.00041810     -0.02430700      0.00097770
     8.00000000      0.11066120      0.03713790      0.29975160      0.23290480      0.12975220      0.04993930      0.13986250      0.05052840      0.00043560     -0.02432960      0.00094970
     8.02000000      0.11078680      0.03712660      0.30025150      0.23297950      0.12947860      0.04964300      0.13974340      0.05058550      0.00045230     -0.02435740      0.00091740
     8.04000000      0.11091300      0.03711430      0.30074950      0.23304890      0.12921970      0.04933680      0.13962690      0.05064320      0.00046830     -0.02439070      0.00088260
     8.06000000      0.11104010      0.03710190      0.30124490      0.23311380      0.12897490      0.04902060      0.13951320      0.05070180      0.00048360     -0.02443030      0.00084710
     8.08000000      0.11116760      0.03708920      0.30173830      0.23317480      0.12874330      0.04869450      0.13940150      0.05076040      0.00049780     -0.02447530      0.00081180
     8.10000000      0.11129560      0.03707620      0.30222920      0.23323350      0.12852410      0.04835960      0.13929130      0.05082000      0.00051060     -0.02452470      0.00077870
     8.12000000      0.11142410      0.03706290      0.30271780      0.23329080      0.12831520      0.04801650      0.13918210      0.05088030      0.00052170     -0.02457800      0.00074820
     8.14000000      0.11155270      0.03704980      0.30320390      0.23334790      0.12811570      0.04766630      0.13907300      0.05094140      0.00053060     -0.02463380      0.00072030
     8.16000000      0.11168140      0.03703650      0.30368790      0.23340620      0.12792310      0.04731000      0.13896400      0.05100310      0.00053710     -0.02469190      0.00069460
     8.18000000      0.11181000      0.03702400      0.30416950      0.23346660      0.12773640      0.04694930      0.13885380      0.05106560      0.00054080     -0.02475180      0.00067020
     8.20000000      0.11193830      0.03701180      0.30464920      0.23353040      0.12755330      0.04658490      0.13874200      0.05112860      0.00054170     -0.02481340      0.00064670
     8.22000000      0.11206590      0.03700050      0.30512650      0.23359830      0.12737260      0.04621780      0.13862810      0.05119220      0.00053930     -0.02487720      0.00062360
     8.24000000      0.11219270      0.03699000      0.30560180      0.23367080      0.12719280      0.04584950      0.13851180      0.05125610      0.00053400     -0.02494440      0.00060030
     8.26000000      0.11231850      0.03698110      0.30607500      0.23374860      0.12701320      0.04548070      0.13839230      0.05132040      0.00052530     -0.02501490      0.00057730
     8.28000000      0.11244320      0.03697340      0.30654610      0.23383170      0.12683300      0.04511240      0.13826970      0.05138460      0.00051360     -0.02508990      0.00055500
     8.30000000      0.11256610      0.03696740      0.30701530      0.23392020      0.12665120      0.04474500      0.13814400      0.05144870      0.00049850     -0.02516930      0.00053430
     8.32000000      0.11268750      0.03696320      0.30748240      0.23401360      0.12646800      0.04437920      0.13801530      0.05151300      0.00048060     -0.02525340      0.00051680
     8.34000000      0.11280670      0.03696100      0.30794770      0.23411130      0.12628320      0.04401580      0.13788400      0.05157740      0.00046000     -0.02534140      0.00050340
     8.36000000      0.11292370      0.03696060      0.30841090      0.23421220      0.12609680      0.04365510      0.13774980      0.05164230      0.00043630     -0.02543220      0.00049620
     8.38000000      0.11303840      0.03696210      0.30887260      0.23431610      0.12590880      0.04329750      0.13761370      0.05170760      0.00041020     -0.02552470      0.00049610
     8.40000000      0.11315050      0.03696560      0.30933280      0.23442170      0.12571950      0.04294380      0.13747600      0.05177370      0.00038240     -0.02561610      0.00050400
     8.42000000      0.11326000      0.03697040      0.30979160      0.23452780      0.12552860      0.04259410      0.13733700      0.05184100      0.00035290     -0.02570410      0.00052030
     8.44000000      0.11336650      0.03697690      0.31024920      0.23463390      0.12533650      0.04224890      0.13719780      0.05191010      0.00032250     -0.02578660      0.00054420
     8.46000000      0.11347000      0.03698470      0.31070600      0.23473960      0.12514310      0.04190840      0.13705810      0.05198110      0.00029200     -0.02586160      0.00057470
     8.48000000      0.11357100      0.03699370      0.31116180      0.23484390      0.12494790      0.04157290      0.13691860      0.05205440      0.00026240     -0.02592770      0.00060910
     8.50000000      0.11366920      0.03700330      0.31161710      0.23494660      0.12475130      0.04124260      0.13677940      0.05212920      0.00023480     -0.02598400      0.00064610
     8.52000000      0.11376530      0.03701360      0.31207190      0.23504760      0.12455330      0.04091720      0.13664090      0.05220610      0.00020990     -0.02603160      0.00068280
     8.54000000      0.11385880      0.03702410      0.31252640      0.23514650      0.12435370      0.04059660      0.13650330      0.05228430      0.00018870     -0.02607160      0.00071760
     8.56000000      0.11395070      0.03703510      0.31298020      0.23524390      0.12415300      0.04028060      0.13636610      0.05236310      0.00017130     -0.02610570      0.00074890
     8.58000000      0.11404100      0.03704580      0.31343390      0.23533920      0.12395130      0.03996850      0.13623020      0.05244140      0.00015800     -0.02613590      0.00077600
     8.60000000      0.11413040      0.03705630      0.31388680      0.23543250      0.12374890      0.03965990      0.13609500      0.05251860      0.00014910     -0.02616410      0.00079880
     8.62000000      0.11421870      0.03706660      0.31433920      0.23552400      0.12354630      0.03935420      0.13596090      0.05259430      0.00014370     -0.02619230      0.00081800
     8.64000000      0.11430640      0.03707630      0.31479120      0.23561380      0.12334360      0.03905060      0.13582770      0.05266830      0.00014140     -0.02622150      0.00083440
     8.66000000      0.11439390      0.03708530      0.31524220      0.23570180      0.12314130      0.03874870      0.13569600      0.05274000      0.00014190     -0.02625260      0.00084930
     8.68000000      0.11448130      0.03709340      0.31569270      0.23578850      0.12293950      0.03844860      0.13556540      0.05281010      0.00014430     -0.02628560      0.00086430
     8.70000000      0.11456860      0.03710090      0.31614210      0.23587380      0.12273830      0.03814960      0.13543640      0.05287870      0.00014820     -0.02631920      0.00088060
     8.72000000      0.11465590      0.03710730      0.31659070      0.23595790      0.12253780      0.03785140      0.13530880      0.05294610      0.00015340     -0.02635240      0.00089880
     8.74000000      0.11474330      0.03711250      0.31703800      0.23604150      0.12233770      0.03755420      0.13518230      0.05301240      0.00015950     -0.02638360      0.00091920
     8.76000000      0.11483100      0.03711650      0.31748450      0.23612490      0.12213790      0.03725790      0.13505730      0.05307760      0.00016630     -0.02641080      0.00094060
     8.78000000      0.11491860      0.03711950      0.31792930      0.23620850      0.12193780      0.03696280      0.13493320      0.05314100      0.00017310     -0.02643310      0.00096200
     8.80000000      0.11500650      0.03712130      0.31837240      0.23629300      0.12173720      0.03666950      0.13480960      0.05320320      0.00018000     -0.02645020      0.00098130
     8.82000000      0.11509470      0.03712190      0.31881420      0.23637850      0.12153550      0.03637870      0.13468670      0.05326350      0.00018610     -0.02646210      0.00099660
     8.84000000      0.11518300      0.03712170      0.31925360      0.23646570      0.12133170      0.03609080      0.13456340      0.05332180      0.00019150     -0.02647020      0.00100600
     8.86000000      0.11527110      0.03712100      0.31969110      0.23655500      0.12112540      0.03580670      0.13443960      0.05337820      0.00019530     -0.02647650      0.00100840
     8.88000000      0.11535940      0.03711980      0.32012610      0.23664660      0.12091540      0.03552770      0.13431480      0.05343260      0.00019760     -0.02648310      0.00100360
     8.90000000      0.11544720      0.03711870      0.32055900      0.23674080      0.12070130      0.03525450      0.13418860      0.05348560      0.00019760     -0.02649250      0.00099170
     8.92000000      0.11553470      0.03711780      0.32098920      0.23683680      0.12048230      0.03498850      0.13406060      0.05353740      0.00019560     -0.02650640      0.00097440
     8.94000000      0.11562180      0.03711730      0.32141700      0.23693460      0.12025830      0.03473000      0.13393050      0.05358830      0.00019180     -0.02652580      0.00095290
     8.96000000      0.11570840      0.03711780      0.32184250      0.23703390      0.12002820      0.03448040      0.13379860      0.05363860      0.00018610     -0.02655160      0.00092880
     8.98000000      0.11579390      0.03711890      0.32226610      0.23713380      0.11979250      0.03424030      0.13366470      0.05368860      0.00017940     -0.02658400      0.00090420
     9.00000000      0.11587830      0.03712110      0.32268780      0.23723340      0.11955080      0.03400950      0.13352890      0.05373790      0.00017140     -0.02662220      0.00088040
     9.02000000      0.11596180      0.03712400      0.32310780      0.23733270      0.11930390      0.03378810      0.13339160      0.05378720      0.00016310     -0.02666540      0.00085830
     9.04000000      0.11604440      0.03712770      0.32352680      0.23743010      0.11905210      0.03357580      0.13325300      0.05383590      0.00015500     -0.02671280      0.00083930
     9.06000000      0.11612570      0.03713230      0.32394460      0.23752580      0.11879660      0.03337160      0.13311350      0.05388420      0.00014690     -0.02676350      0.00082300
     9.08000000      0.11620600      0.03713750      0.32436150      0.23761820      0.11853860      0.03317420      0.13297380      0.05393230      0.00013930     -0.02681600      0.00081020
     9.10000000      0.11628540      0.03714310      0.32477810      0.23770720      0.11827950      0.03298260      0.13283400      0.05398050      0.00013220     -0.02686940      0.00080120
     9.12000000      0.11636360      0.03714930      0.32519440      0.23779230      0.11802090      0.03279490      0.13269490      0.05402900      0.00012590     -0.02692280      0.00079570
     9.14000000      0.11644130      0.03715520      0.32561030      0.23787260      0.11776450      0.03260950      0.13255690      0.05407790      0.00011990     -0.02697490      0.00079310
     9.16000000      0.11651790      0.03716150      0.32602630      0.23794770      0.11751200      0.03242450      0.13242010      0.05412780      0.00011500     -0.02702470      0.00079330
     9.18000000      0.11659370      0.03716780      0.32644240      0.23801710      0.11726550      0.03223880      0.13228460      0.05417890      0.00011100     -0.02707180      0.00079540
     9.20000000      0.11666910      0.03717400      0.32685830      0.23808100      0.11702590      0.03205050      0.13215120      0.05423170      0.00010780     -0.02711570      0.00079810
     9.22000000      0.11674380      0.03717970      0.32727470      0.23813880      0.11679540      0.03185840      0.13201970      0.05428590      0.00010560     -0.02715660      0.00080110
     9.24000000      0.11681820      0.03718500      0.32769060      0.23819030      0.11657400      0.03166160      0.13189020      0.05434220      0.00010460     -0.02719440      0.00080290
     9.26000000      0.11689230      0.03718990      0.32810650      0.23823640      0.11636310      0.03145900      0.13176290      0.05440010      0.00010490     -0.02723000      0.00080290
     9.28000000      0.11696600      0.03719420      0.32852220      0.23827650      0.11616310      0.03125040      0.13163750      0.05446020      0.00010650     -0.02726430      0.00080080
     9.30000000      0.11704020      0.03719800      0.32893730      0.23831160      0.11597380      0.03103540      0.13151400      0.05452230      0.00010930     -0.02729800      0.00079620
     9.32000000      0.11711420      0.03720150      0.32935170      0.23834200      0.11579500      0.03081400      0.13139230      0.05458660      0.00011320     -0.02733150      0.00078890
     9.34000000      0.11718830      0.03720420      0.32976480      0.23836840      0.11562610      0.03058670      0.13127210      0.05465290      0.00011850     -0.02736570      0.00077880
     9.36000000      0.11726270      0.03720650      0.33017650      0.23839170      0.11546640      0.03035310      0.13115330      0.05472100      0.00012510     -0.02740130      0.00076630
     9.38000000      0.11733750      0.03720840      0.33058690      0.23841300      0.11531460      0.03011410      0.13103580      0.05479100      0.00013310     -0.02743820      0.00075100
     9.40000000      0.11741290      0.03721000      0.33099530      0.23843340      0.11517010      0.02986990      0.13091920      0.05486230      0.00014200     -0.02747750      0.00073330
     9.42000000      0.11748860      0.03721100      0.33140140      0.23845390      0.11503150      0.02962070      0.13080330      0.05493480      0.00015200     -0.02751890      0.00071380
     9.44000000      0.11756510      0.03721160      0.33180520      0.23847610      0.11489790      0.02936690      0.13068760      0.05500800      0.00016240     -0.02756290      0.00069260
     9.46000000      0.11764200      0.03721240      0.33220620      0.23850050      0.11476830      0.02910880      0.13057200      0.05508130      0.00017280     -0.02760930      0.00067030
     9.48000000      0.11771970      0.03721290      0.33260420      0.23852910      0.11464190      0.02884650      0.13045600      0.05515490      0.00018320     -0.02765880      0.00064760
     9.50000000      0.11779770      0.03721360      0.33299900      0.23856220      0.11451790      0.02857990      0.13033970      0.05522760      0.00019300     -0.02771110      0.00062560
     9.52000000      0.11787630      0.03721450      0.33339070      0.23860100      0.11439590      0.02830930      0.13022250      0.05529890      0.00020220     -0.02776540      0.00060520
     9.54000000      0.11795510      0.03721560      0.33377900      0.23864630      0.11427570      0.02803410      0.13010490      0.05536860      0.00021020     -0.02782060      0.00058740
     9.56000000      0.11803420      0.03721670      0.33416420      0.23869810      0.11415640      0.02775440      0.12998620      0.05543640      0.00021740     -0.02787620      0.00057270
     9.58000000      0.11811360      0.03721860      0.33454620      0.23875690      0.11403870      0.02747030      0.12986650      0.05550150      0.00022370     -0.02793060      0.00056110
     9.60000000      0.11819270      0.03722070      0.33492540      0.23882240      0.11392200      0.02718140      0.12974610      0.05556440      0.00022920     -0.02798350      0.00055280
     9.62000000      0.11827180      0.03722310      0.33530190      0.23889410      0.11380650      0.02688790      0.12962510      0.05562430      0.00023380     -0.02803390      0.00054730
     9.64000000      0.11835070      0.03722620      0.33567590      0.23897220      0.11369230      0.02659000      0.12950370      0.05568160      0.00023790     -0.02808220      0.00054440
     9.66000000      0.11842960      0.03722930      0.33604770      0.23905520      0.11357870      0.02628800      0.12938200      0.05573630      0.00024150     -0.02812820      0.00054440
     9.68000000      0.11850800      0.03723270      0.33641780      0.23914280      0.11346650      0.02598240      0.12926040      0.05578860      0.00024460     -0.02817220      0.00054680
     9.70000000      0.11858610      0.03723670      0.33678650      0.23923400      0.11335430      0.02567390      0.12913930      0.05583920      0.00024700     -0.02821450      0.00055210
     9.72000000      0.11866400      0.03724020      0.33715370      0.23932790      0.11324230      0.02536370      0.12901830      0.05588810      0.00024920     -0.02825540      0.00056010
     9.74000000      0.11874140      0.03724420      0.33752040      0.23942410      0.11312940      0.02505290      0.12889850      0.05593570      0.00025090     -0.02829480      0.00057090
     9.76000000      0.11881800      0.03724800      0.33788640      0.23952130      0.11301510      0.02474230      0.12877920      0.05598240      0.00025190     -0.02833320      0.00058440
     9.78000000      0.11889450      0.03725160      0.33825180      0.23961950      0.11289870      0.02443360      0.12866080      0.05602880      0.00025310     -0.02837070      0.00059980
     9.80000000      0.11897040      0.03725480      0.33861720      0.23971780      0.11277920      0.02412810      0.12854340      0.05607460      0.00025380     -0.02840780      0.00061720
     9.82000000      0.11904610      0.03725740      0.33898260      0.23981590      0.11265520      0.02382680      0.12842660      0.05612000      0.00025460     -0.02844510      0.00063620
     9.84000000      0.11912110      0.03725960      0.33934800      0.23991400      0.11252620      0.02353180      0.12831040      0.05616530      0.00025570     -0.02848220      0.00065670
     9.86000000      0.11919580      0.03726100      0.33971360      0.24001170      0.11239070      0.02324350      0.12819460      0.05621040      0.00025700     -0.02851970      0.00067860
     9.88000000      0.11926990      0.03726130      0.34007950      0.24010920      0.11224830      0.02296300      0.12807920      0.05625570      0.00025900     -0.02855680      0.00070180
     9.90000000      0.11934420      0.03726090      0.34044550      0.24020640      0.11209830      0.02269160      0.12796390      0.05630100      0.00026200     -0.02859290      0.00072680
     9.92000000      0.11941840      0.03725900      0.34081170      0.24030360      0.11193980      0.02242940      0.12784830      0.05634700      0.00026640     -0.02862760      0.00075260
     9.94000000      0.11949260      0.03725620      0.34117840      0.24040070      0.11177260      0.02217750      0.12773310      0.05639330      0.00027220     -0.02865980      0.00077910
     9.96000000      0.11956710      0.03725150      0.34154500      0.24049780      0.11159640      0.02193580      0.12761720      0.05644040      0.00028000     -0.02868860      0.00080530
     9.98000000      0.11964240      0.03724540      0.34191150      0.24059450      0.11141070      0.02170500      0.12750130      0.05648790      0.00028950     -0.02871380      0.00083060
    10.00000000      0.11971810      0.03723750      0.34227820      0.24069070      0.11121630      0.02148500      0.12738510      0.05653610      0.00030110     -0.02873470      0.00085370
