       0.049500       0.998439       0.001575      -0.000014       0.000940      -0.040809      -0.000163      -0.000085
       0.099500       0.993361       0.006633       0.000006       0.004372      -0.081484      -0.000467       0.000093
       0.149500       0.984953       0.015002       0.000046       0.010144      -0.121039      -0.000935       0.000508
       0.199500       0.973329       0.026557       0.000114       0.018251      -0.158943      -0.001511       0.001264
       0.249500       0.958648       0.041131       0.000221       0.028624      -0.194714      -0.002120       0.002445
       0.299500       0.941105       0.058517       0.000379       0.041115      -0.227922      -0.002675       0.004111
       0.349500       0.920929       0.078472       0.000600       0.055520      -0.258196      -0.003081       0.006302
       0.399500       0.898377       0.100724       0.000899       0.071608      -0.285215      -0.003245       0.009033
       0.449500       0.873732       0.124978       0.001291       0.089153      -0.308695      -0.003075       0.012304
       0.499500       0.847298       0.150914       0.001789       0.107939      -0.328387      -0.002481       0.016090
       0.549500       0.819397       0.178196       0.002407       0.127747      -0.344079      -0.001381       0.020346
       0.599500       0.790369       0.206475       0.003157       0.148327      -0.355618       0.000298       0.025000
       0.649500       0.760561       0.235393       0.004047       0.169387      -0.362923       0.002610       0.029959
       0.699500       0.730323       0.264591       0.005086       0.190609      -0.365987       0.005587       0.035117
       0.749500       0.700005       0.293719       0.006276       0.211675      -0.364870       0.009241       0.040359
       0.799500       0.669947       0.322433       0.007620       0.232293      -0.359677       0.013564       0.045570
       0.849500       0.640481       0.350405       0.009114       0.252209      -0.350541       0.018530       0.050636
       0.899500       0.611925       0.377321       0.010754       0.271200      -0.337626       0.024098       0.055444
       0.949500       0.584582       0.402886       0.012532       0.289055      -0.321138       0.030208       0.059885
       0.999500       0.558736       0.426828       0.014436       0.305568      -0.301340       0.036782       0.063856
       1.049500       0.534646       0.448901       0.016453       0.320533      -0.278559       0.043727       0.067258
       1.099500       0.512541       0.468892       0.018567       0.333762      -0.253170       0.050935       0.070006
       1.149500       0.492619       0.486622       0.020759       0.345103      -0.225576       0.058288       0.072029
       1.199500       0.475044       0.501947       0.023010       0.354456      -0.196174       0.065665       0.073275
       1.249500       0.459947       0.514756       0.025297       0.361765      -0.165341       0.072939       0.073711
       1.299500       0.447431       0.524970       0.027599       0.367012      -0.133435       0.079983       0.073321
       1.349500       0.437567       0.532540       0.029893       0.370202      -0.100823       0.086673       0.072112
       1.399500       0.430397       0.537445       0.032158       0.371356      -0.067894       0.092890       0.070108
       1.449500       0.425928       0.539701       0.034372       0.370518      -0.035070       0.098523       0.067354
       1.499500       0.424133       0.539353       0.036515       0.367765      -0.002786       0.103473       0.063914
       1.549500       0.424948       0.536484       0.038569       0.363213       0.028550       0.107657       0.059869
       1.599500       0.428281       0.531201       0.040518       0.357004       0.058594       0.111011       0.055311
       1.649500       0.434014       0.523638       0.042349       0.349291       0.087078       0.113487       0.050341
       1.699500       0.442008       0.513941       0.044051       0.340220       0.113799       0.115057       0.045064
       1.749500       0.452111       0.502272       0.045617       0.329931       0.138579       0.115706       0.039589
       1.799500       0.464157       0.488803       0.047041       0.318571       0.161233       0.115441       0.034023
       1.849500       0.477962       0.473717       0.048321       0.306315       0.181559       0.114285       0.028474
       1.899500       0.493327       0.457216       0.049458       0.293363       0.199350       0.112282       0.023042
       1.949500       0.510037       0.439509       0.050455       0.279936       0.214436       0.109494       0.017818
       1.999500       0.527865       0.420820       0.051316       0.266246       0.226714       0.105994       0.012888
       2.049500       0.546581       0.401370       0.052049       0.252473       0.236165       0.101862       0.008324
       2.099500       0.565955       0.381382       0.052664       0.238753       0.242842       0.097183       0.004192
       2.149500       0.585764       0.361066       0.053171       0.225191       0.246837       0.092047       0.000546
       2.199500       0.605793       0.340626       0.053582       0.211891       0.248245       0.086547      -0.002570
       2.249500       0.625835       0.320255       0.053911       0.198975       0.247146       0.080782      -0.005122
       2.299500       0.645686       0.300143       0.054172       0.186602       0.243604       0.074856      -0.007093
       2.349500       0.665151       0.280470       0.054379       0.174945       0.237685       0.068876      -0.008481
       2.399500       0.684039       0.261414       0.054548       0.164166       0.229489       0.062944      -0.009300
       2.449500       0.702170       0.243140       0.054691       0.154380       0.219162       0.057151      -0.009572
       2.499500       0.719378       0.225800       0.054822       0.145650       0.206907       0.051575      -0.009329
       2.549500       0.735516       0.209531       0.054954       0.137993       0.192962       0.046283      -0.008605
       2.599500       0.750455       0.194447       0.055098       0.131406       0.177578       0.041336      -0.007440
       2.649500       0.764089       0.180647       0.055265       0.125892       0.160993       0.036789      -0.005882
       2.699500       0.776327       0.168208       0.055465       0.121471       0.143421       0.032689      -0.003988
       2.749500       0.787097       0.157197       0.055707       0.118182       0.125050       0.029073      -0.001823
       2.799500       0.796340       0.147664       0.055996       0.116062       0.106054       0.025963       0.000549
       2.849500       0.804013       0.139650       0.056338       0.115129       0.086612       0.023370       0.003065
       2.899500       0.810086       0.133179       0.056736       0.115374       0.066920       0.021295       0.005674
       2.949500       0.814547       0.128262       0.057191       0.116759       0.047196       0.019731       0.008326
       2.999500       0.817403       0.124892       0.057706       0.119229       0.027669       0.018666       0.010977
       3.049500       0.818680       0.123041       0.058279       0.122722       0.008573       0.018078       0.013583
       3.099500       0.818420       0.122670       0.058911       0.127174      -0.009880       0.017936       0.016104
       3.149500       0.816683       0.123718       0.059599       0.132517      -0.027502       0.018203       0.018502
       3.199500       0.813544       0.126115       0.060341       0.138675      -0.044137       0.018839       0.020747
       3.249500       0.809088       0.129778       0.061134       0.145566      -0.059652       0.019799       0.022814
       3.299500       0.803411       0.134617       0.061973       0.153094      -0.073938       0.021038       0.024688
       3.349500       0.796617       0.140530       0.062854       0.161157      -0.086898       0.022511       0.026361
       3.399500       0.788817       0.147410       0.063773       0.169653      -0.098449       0.024173       0.027832
       3.449500       0.780130       0.155144       0.064727       0.178480      -0.108522       0.025981       0.029105
       3.499500       0.770677       0.163614       0.065709       0.187540      -0.117070       0.027898       0.030189
       3.549500       0.760586       0.172698       0.066717       0.196731      -0.124065       0.029889       0.031093
       3.599500       0.749982       0.182270       0.067748       0.205957      -0.129491       0.031923       0.031829
       3.649500       0.738997       0.192207       0.068797       0.215127      -0.133337       0.033971       0.032408
       3.699500       0.727758       0.202381       0.069861       0.224160      -0.135587       0.036012       0.032841
       3.749500       0.716398       0.212664       0.070938       0.232986      -0.136227       0.038022       0.033141
       3.799500       0.705048       0.222927       0.072026       0.241533      -0.135253       0.039979       0.033318
       3.849500       0.693840       0.233039       0.073121       0.249722      -0.132699       0.041860       0.033387
       3.899500       0.682900       0.242878       0.074223       0.257457      -0.128653       0.043647       0.033367
       3.949500       0.672343       0.252327       0.075331       0.264634      -0.123268       0.045330       0.033274
       3.999500       0.662273       0.261286       0.076442       0.271157      -0.116736       0.046903       0.033119
       4.049500       0.652775       0.269670       0.077555       0.276956      -0.109261       0.048367       0.032908
       4.099500       0.643919       0.277411       0.078671       0.281998      -0.101009       0.049720       0.032646
       4.149500       0.635765       0.284450       0.079786       0.286285      -0.092088       0.050961       0.032339
       4.199500       0.628364       0.290735       0.080901       0.289836      -0.082549       0.052088       0.031993
       4.249500       0.621768       0.296219       0.082014       0.292672      -0.072414       0.053100       0.031616
       4.299500       0.616023       0.300852       0.083125       0.294797      -0.061718       0.053995       0.031212
       4.349500       0.611173       0.304593       0.084234       0.296203      -0.050555       0.054771       0.030783
       4.399500       0.607249       0.307412       0.085340       0.296872      -0.039091       0.055424       0.030324
       4.449500       0.604267       0.309292       0.086442       0.296805      -0.027543       0.055949       0.029831
       4.499500       0.602225       0.310237       0.087539       0.296025      -0.016141       0.056341       0.029301
       4.549500       0.601102       0.310268       0.088630       0.294582      -0.005079       0.056595       0.028737
       4.599500       0.600866       0.309421       0.089713       0.292542       0.005510       0.056713       0.028144
       4.649500       0.601473       0.307739       0.090788       0.289970       0.015554       0.056699       0.027529
       4.699500       0.602879       0.305270       0.091853       0.286927       0.025015       0.056560       0.026901
       4.749500       0.605033       0.302062       0.092907       0.283465       0.033858       0.056302       0.026263
       4.799500       0.607882       0.298169       0.093950       0.279634       0.042023       0.055931       0.025620
       4.849500       0.611369       0.293651       0.094981       0.275495       0.049428       0.055452       0.024973
       4.899500       0.615426       0.288575       0.096000       0.271115       0.055991       0.054871       0.024322
       4.949500       0.619984       0.283012       0.097005       0.266565       0.061656       0.054191       0.023668
       4.999500       0.624967       0.277037       0.097997       0.261906       0.066411       0.053417       0.023015
       5.049500       0.630301       0.270726       0.098974       0.257183       0.070285       0.052550       0.022370
       5.099500       0.635918       0.264147       0.099936       0.252435       0.073329       0.051593       0.021746
       5.149500       0.641749       0.257367       0.100884       0.247694       0.075581       0.050555       0.021158
       5.199500       0.647732       0.250450       0.101819       0.243001       0.077052       0.049449       0.020617
       5.249500       0.653801       0.243459       0.102740       0.238410       0.077712       0.048289       0.020126
       5.299500       0.659888       0.236463       0.103650       0.233985       0.077514       0.047088       0.019686
       5.349500       0.665921       0.229531       0.104548       0.229794       0.076421       0.045855       0.019294
       5.399500       0.671827       0.222738       0.105436       0.225899       0.074434       0.044602       0.018953
       5.449500       0.677534       0.216154       0.106313       0.222344       0.071603       0.043340       0.018667
       5.499500       0.682978       0.209842       0.107181       0.219153       0.068022       0.042080       0.018443
       5.549500       0.688101       0.203859       0.108040       0.216340       0.063813       0.040837       0.018289
       5.599500       0.692859       0.198249       0.108893       0.213909       0.059095       0.039622       0.018207
       5.649500       0.697213       0.193047       0.109741       0.211860       0.053976       0.038447       0.018198
       5.699500       0.701134       0.188281       0.110585       0.210194       0.048540       0.037322       0.018259
       5.749500       0.704601       0.183972       0.111428       0.208911       0.042858       0.036258       0.018392
       5.799500       0.707594       0.180136       0.112271       0.208010       0.036993       0.035265       0.018594
       5.849500       0.710103       0.176782       0.113115       0.207483       0.031012       0.034356       0.018863
       5.899500       0.712120       0.173917       0.113963       0.207320       0.024982       0.033541       0.019193
       5.949500       0.713645       0.171540       0.114816       0.207504       0.018956       0.032828       0.019575
       5.999500       0.714678       0.169647       0.115676       0.208021       0.012971       0.032217       0.019995
       6.049500       0.715225       0.168234       0.116542       0.208858       0.007043       0.031708       0.020442
       6.099500       0.715291       0.167295       0.117415       0.210004       0.001183       0.031299       0.020909
       6.149500       0.714882       0.166822       0.118297       0.211442      -0.004585       0.030991       0.021388
       6.199500       0.714008       0.166807       0.119186       0.213154      -0.010212       0.030789       0.021869
       6.249500       0.712684       0.167234       0.120082       0.215118      -0.015611       0.030694       0.022344
       6.299500       0.710934       0.168081       0.120986       0.217309      -0.020672       0.030707       0.022803
       6.349500       0.708789       0.169315       0.121897       0.219700      -0.025288       0.030819       0.023238
       6.399500       0.706289       0.170897       0.122815       0.222258      -0.029378       0.031018       0.023642
       6.449500       0.703479       0.172783       0.123739       0.224949      -0.032911       0.031292       0.024011
       6.499500       0.700404       0.174928       0.124669       0.227730      -0.035906       0.031627       0.024343
       6.549500       0.697106       0.177290       0.125604       0.230557      -0.038409       0.032012       0.024634
       6.599500       0.693624       0.179833       0.126544       0.233392      -0.040465       0.032441       0.024880
       6.649500       0.689992       0.182522       0.127486       0.236207      -0.042090       0.032903       0.025077
       6.699500       0.686248       0.185322       0.128431       0.238981      -0.043259       0.033390       0.025224
       6.749500       0.682430       0.188194       0.129377       0.241699      -0.043926       0.033887       0.025322
       6.799500       0.678582       0.191096       0.130323       0.244343      -0.044046       0.034386       0.025377
       6.849500       0.674748       0.193985       0.131269       0.246888      -0.043616       0.034879       0.025396
       6.899500       0.670971       0.196816       0.132214       0.249302      -0.042688       0.035358       0.025380
       6.949500       0.667289       0.199555       0.133157       0.251553      -0.041364       0.035819       0.025329
       6.999500       0.663728       0.202175       0.134099       0.253614      -0.039762       0.036257       0.025242
       7.049500       0.660308       0.204657       0.135037       0.255476      -0.037977       0.036667       0.025118
       7.099500       0.657041       0.206989       0.135971       0.257143      -0.036051       0.037047       0.024956
       7.149500       0.653940       0.209162       0.136900       0.258628      -0.033961       0.037393       0.024762
       7.199500       0.651020       0.211158       0.137823       0.259939      -0.031645       0.037703       0.024541
       7.249500       0.648303       0.212959       0.138739       0.261076      -0.029035       0.037972       0.024302
       7.299500       0.645814       0.214537       0.139650       0.262028      -0.026097       0.038200       0.024051
       7.349500       0.643580       0.215867       0.140554       0.262775      -0.022849       0.038384       0.023788
       7.399500       0.641623       0.216926       0.141452       0.263299      -0.019361       0.038521       0.023511
       7.449500       0.639958       0.217698       0.142345       0.263593      -0.015733       0.038604       0.023219
       7.499500       0.638593       0.218177       0.143231       0.263659      -0.012064       0.038628       0.022913
       7.549500       0.637528       0.218363       0.144110       0.263507      -0.008435       0.038594       0.022596
       7.599500       0.636756       0.218263       0.144983       0.263154      -0.004904       0.038501       0.022272
       7.649500       0.636268       0.217885       0.145848       0.262614      -0.001513       0.038355       0.021945
       7.699500       0.636051       0.217244       0.146707       0.261906       0.001698       0.038159       0.021621
       7.749500       0.636088       0.216356       0.147558       0.261050       0.004684       0.037918       0.021299
       7.799500       0.636358       0.215241       0.148402       0.260066       0.007399       0.037635       0.020982
       7.849500       0.636839       0.213924       0.149238       0.258974       0.009815       0.037311       0.020668
       7.899500       0.637506       0.212428       0.150067       0.257795       0.011933       0.036950       0.020362
       7.949500       0.638335       0.210777       0.150889       0.256544       0.013782       0.036551       0.020065
       7.999500       0.639305       0.208992       0.151704       0.255235       0.015411       0.036116       0.019785
       8.049500       0.640402       0.207087       0.152513       0.253878       0.016866       0.035645       0.019525
       8.099500       0.641611       0.205075       0.153315       0.252486       0.018168       0.035141       0.019291
       8.149500       0.642920       0.202969       0.154112       0.251069       0.019304       0.034609       0.019083
       8.199500       0.644313       0.200783       0.154905       0.249641       0.020237       0.034052       0.018900
       8.249500       0.645773       0.198535       0.155694       0.248217       0.020922       0.033469       0.018740
       8.299500       0.647276       0.196246       0.156479       0.246812       0.021329       0.032864       0.018607
       8.349500       0.648801       0.193938       0.157262       0.245441       0.021453       0.032239       0.018504
       8.399500       0.650325       0.191633       0.158043       0.244118       0.021315       0.031601       0.018438
       8.449500       0.651827       0.189351       0.158823       0.242858       0.020946       0.030960       0.018414
       8.499500       0.653290       0.187109       0.159602       0.241674       0.020370       0.030329       0.018433
       8.549500       0.654697       0.184921       0.160383       0.240578       0.019587       0.029718       0.018492
       8.599500       0.656031       0.182804       0.161166       0.239580       0.018582       0.029137       0.018583
       8.649500       0.657272       0.180778       0.161951       0.238687       0.017334       0.028593       0.018702
       8.699500       0.658401       0.178861       0.162740       0.237907       0.015841       0.028089       0.018841
       8.749500       0.659398       0.177073       0.163531       0.237244       0.014130       0.027629       0.018997
       8.799500       0.660247       0.175428       0.164326       0.236702       0.012255       0.027211       0.019166
       8.849500       0.660940       0.173937       0.165124       0.236285       0.010289       0.026837       0.019346
       8.899500       0.661469       0.172605       0.165927       0.235993       0.008296       0.026504       0.019536
       8.949500       0.661836       0.171432       0.166733       0.235826       0.006313       0.026214       0.019731
       8.999500       0.662041       0.170417       0.167544       0.235778       0.004341       0.025965       0.019925
       9.049500       0.662084       0.169559       0.168359       0.235843       0.002361       0.025755       0.020110
       9.099500       0.661964       0.168860       0.169177       0.236017       0.000356       0.025585       0.020281
       9.149500       0.661679       0.168323       0.169999       0.236294      -0.001661       0.025451       0.020435
       9.199500       0.661230       0.167948       0.170823       0.236672      -0.003639       0.025350       0.020572
       9.249500       0.660624       0.167728       0.171649       0.237148      -0.005492       0.025276       0.020696
       9.299500       0.659875       0.167649       0.172478       0.237715      -0.007135       0.025223       0.020812
       9.349500       0.659001       0.167692       0.173309       0.238359      -0.008513       0.025189       0.020923
       9.399500       0.658025       0.167834       0.174142       0.239055      -0.009629       0.025171       0.021027
       9.449500       0.656967       0.168057       0.174978       0.239777      -0.010544       0.025167       0.021118
       9.499500       0.655838       0.168348       0.175815       0.240505      -0.011356       0.025175       0.021189
       9.549500       0.654644       0.168704       0.176654       0.241227      -0.012166       0.025191       0.021234
       9.599500       0.653381       0.169128       0.177493       0.241942      -0.013036       0.025212       0.021255
       9.649500       0.652044       0.169627       0.178331       0.242661      -0.013973       0.025237       0.021257
       9.699500       0.650629       0.170204       0.179168       0.243397      -0.014925       0.025266       0.021243
       9.749500       0.649140       0.170859       0.180003       0.244161      -0.015805       0.025297       0.021217
       9.799500       0.647585       0.171580       0.180836       0.244952      -0.016522       0.025325       0.021184
       9.849500       0.645981       0.172353       0.181667       0.245760      -0.017010       0.025344       0.021145
       9.899500       0.644349       0.173157       0.182496       0.246569      -0.017237       0.025349       0.021105
       9.949500       0.642708       0.173969       0.183324       0.247356      -0.017204       0.025337       0.021072
       9.999500       0.641082       0.174770       0.184150       0.248105      -0.016927       0.025313       0.021052
      10.049500       0.639487       0.175539       0.184976       0.248798      -0.016425       0.025284       0.021047
      10.099500       0.637943       0.176257       0.185802       0.249425      -0.015717       0.025260       0.021056
      10.149500       0.636465       0.176909       0.186628       0.249973      -0.014831       0.025244       0.021071
      10.199500       0.635065       0.177481       0.187455       0.250432      -0.013809       0.025237       0.021082
      10.249500       0.633754       0.177965       0.188283       0.250797      -0.012706       0.025232       0.021085
      10.299500       0.632534       0.178357       0.189111       0.251070      -0.011578       0.025223       0.021080
      10.349500       0.631407       0.178656       0.189938       0.251255      -0.010472       0.025212       0.021068
      10.399500       0.630370       0.178866       0.190766       0.251363      -0.009408       0.025200       0.021046
      10.449500       0.629419       0.178990       0.191592       0.251405      -0.008375       0.025189       0.021010
      10.499500       0.628553       0.179031       0.192418       0.251388      -0.007346       0.025179       0.020955
      10.549500       0.627773       0.178988       0.193241       0.251314      -0.006296       0.025164       0.020877
      10.599500       0.627080       0.178859       0.194062       0.251179      -0.005220       0.025140       0.020777
      10.649500       0.626477       0.178645       0.194880       0.250979      -0.004149       0.025100       0.020656
      10.699500       0.625959       0.178348       0.195695       0.250717      -0.003133       0.025039       0.020516
      10.749500       0.625520       0.177975       0.196506       0.250401      -0.002225       0.024956       0.020363
      10.799500       0.625151       0.177537       0.197313       0.250047      -0.001455       0.024849       0.020201
      10.849500       0.624840       0.177046       0.198115       0.249668      -0.000810       0.024719       0.020037
      10.899500       0.624578       0.176511       0.198913       0.249273      -0.000244       0.024569       0.019874
      10.949500       0.624362       0.175934       0.199706       0.248867       0.000307       0.024399       0.019716
      10.999500       0.624192       0.175315       0.200495       0.248449       0.000890       0.024210       0.019562
      11.049500       0.624073       0.174650       0.201279       0.248014       0.001520       0.024001       0.019415
      11.099500       0.624006       0.173936       0.202060       0.247560       0.002165       0.023771       0.019276
      11.149500       0.623991       0.173174       0.202837       0.247086       0.002766       0.023525       0.019146
      11.199500       0.624021       0.172371       0.203610       0.246597       0.003266       0.023263       0.019025
      11.249500       0.624087       0.171534       0.204381       0.246102       0.003634       0.022988       0.018913
      11.299500       0.624178       0.170676       0.205148       0.245610       0.003882       0.022700       0.018811
      11.349500       0.624286       0.169803       0.205912       0.245125       0.004054       0.022398       0.018723
      11.399500       0.624408       0.168919       0.206675       0.244645       0.004205       0.022086       0.018655
      11.449500       0.624541       0.168025       0.207435       0.244163       0.004361       0.021768       0.018610
      11.499500       0.624688       0.167119       0.208195       0.243673       0.004509       0.021451       0.018586
      11.549500       0.624844       0.166203       0.208955       0.243177       0.004591       0.021140       0.018581
      11.599500       0.625002       0.165285       0.209714       0.242683       0.004534       0.020840       0.018586
      11.649500       0.625147       0.164380       0.210474       0.242206       0.004281       0.020551       0.018598
      11.699500       0.625264       0.163504       0.211234       0.241765       0.003817       0.020273       0.018615
      11.749500       0.625334       0.162674       0.211994       0.241372       0.003168       0.020007       0.018640
      11.799500       0.625346       0.161902       0.212753       0.241037       0.002395       0.019755       0.018674
      11.849500       0.625293       0.161196       0.213513       0.240763       0.001565       0.019523       0.018718
      11.899500       0.625171       0.160558       0.214273       0.240550       0.000727       0.019314       0.018768
      11.949500       0.624982       0.159986       0.215034       0.240393      -0.000093       0.019127       0.018819
      11.999500       0.624727       0.159480       0.215795       0.240286      -0.000895       0.018963       0.018869
      12.049500       0.624407       0.159039       0.216556       0.240227      -0.001683       0.018818       0.018915
      12.099500       0.624023       0.158660       0.217318       0.240212      -0.002447       0.018687       0.018957
      12.149500       0.623580       0.158342       0.218080       0.240235      -0.003155       0.018570       0.018994
      12.199500       0.623083       0.158076       0.218843       0.240290      -0.003761       0.018462       0.019025
      12.249500       0.622542       0.157855       0.219605       0.240368      -0.004222       0.018362       0.019047
      12.299500       0.621971       0.157664       0.220367       0.240457      -0.004523       0.018266       0.019059
      12.349500       0.621381       0.157493       0.221129       0.240543      -0.004683       0.018171       0.019058
      12.399500       0.620782       0.157330       0.221890       0.240614      -0.004754       0.018076       0.019047
      12.449500       0.620178       0.157172       0.222652       0.240665      -0.004807       0.017980       0.019030
      12.499500       0.619569       0.157021       0.223412       0.240694      -0.004902       0.017886       0.019007
      12.549500       0.618949       0.156882       0.224172       0.240707      -0.005081       0.017797       0.018977
      12.599500       0.618310       0.156762       0.224930       0.240713      -0.005358       0.017708       0.018941
      12.649500       0.617645       0.156671       0.225686       0.240724      -0.005729       0.017615       0.018898
      12.699500       0.616947       0.156614       0.226441       0.240754      -0.006179       0.017512       0.018852
      12.749500       0.616209       0.156599       0.227194       0.240814      -0.006686       0.017399       0.018810
      12.799500       0.615429       0.156629       0.227944       0.240911      -0.007229       0.017279       0.018775
      12.849500       0.614605       0.156704       0.228693       0.241049      -0.007773       0.017160       0.018749
      12.899500       0.613738       0.156824       0.229441       0.241222      -0.008268       0.017049       0.018728
      12.949500       0.612835       0.156981       0.230186       0.241424      -0.008653       0.016947       0.018707
      12.999500       0.611908       0.157163       0.230931       0.241641      -0.008865       0.016851       0.018684
      13.049500       0.610973       0.157355       0.231674       0.241859      -0.008866       0.016752       0.018660
      13.099500       0.610046       0.157539       0.232417       0.242061      -0.008663       0.016646       0.018643
      13.149500       0.609142       0.157701       0.233159       0.242234      -0.008312       0.016532       0.018637
      13.199500       0.608271       0.157830       0.233902       0.242372      -0.007904       0.016416       0.018646
      13.249500       0.607432       0.157926       0.234645       0.242473      -0.007531       0.016303       0.018662
      13.299500       0.606620       0.157994       0.235388       0.242544      -0.007255       0.016197       0.018678
      13.349500       0.605827       0.158043       0.236132       0.242594      -0.007079       0.016099       0.018688
      13.399500       0.605046       0.158080       0.236876       0.242630      -0.006948       0.016007       0.018690
      13.449500       0.604278       0.158106       0.237619       0.242654      -0.006775       0.015919       0.018688
      13.499500       0.603529       0.158112       0.238361       0.242662      -0.006472       0.015836       0.018686
      13.549500       0.602812       0.158086       0.239104       0.242644      -0.005995       0.015760       0.018687
      13.599500       0.602142       0.158014       0.239847       0.242587      -0.005358       0.015689       0.018687
      13.649500       0.601528       0.157884       0.240590       0.242479      -0.004632       0.015621       0.018681
      13.699500       0.600974       0.157695       0.241333       0.242320      -0.003917       0.015552       0.018665
      13.749500       0.600476       0.157451       0.242075       0.242115      -0.003302       0.015482       0.018635
      13.799500       0.600022       0.157164       0.242817       0.241879      -0.002836       0.015411       0.018590
      13.849500       0.599601       0.156845       0.243556       0.241625      -0.002518       0.015339       0.018528
      13.899500       0.599201       0.156508       0.244293       0.241365      -0.002313       0.015264       0.018447
      13.949500       0.598816       0.156159       0.245027       0.241108      -0.002174       0.015179       0.018347
      13.999500       0.598441       0.155803       0.245758       0.240855      -0.002071       0.015078       0.018237
      14.049500       0.598073       0.155444       0.246485       0.240607      -0.001996       0.014955       0.018124
      14.099500       0.597711       0.155082       0.247209       0.240364      -0.001963       0.014813       0.018019
      14.149500       0.597348       0.154724       0.247930       0.240125      -0.001987       0.014660       0.017927
      14.199500       0.596982       0.154372       0.248648       0.239896      -0.002070       0.014502       0.017848
      14.249500       0.596608       0.154031       0.249364       0.239681      -0.002185       0.014345       0.017781
      14.299500       0.596225       0.153701       0.250077       0.239483      -0.002291       0.014191       0.017722
      14.349500       0.595835       0.153379       0.250788       0.239301      -0.002342       0.014036       0.017668
      14.399500       0.595446       0.153060       0.251497       0.239131      -0.002309       0.013876       0.017617
      14.449500       0.595063       0.152736       0.252204       0.238963      -0.002191       0.013710       0.017566
      14.499500       0.594692       0.152401       0.252909       0.238787      -0.002011       0.013538       0.017514
      14.549500       0.594338       0.152051       0.253613       0.238598      -0.001800       0.013363       0.017461
      14.599500       0.594002       0.151685       0.254315       0.238395      -0.001586       0.013186       0.017403
      14.649500       0.593684       0.151303       0.255015       0.238181      -0.001378       0.013006       0.017343
      14.699500       0.593383       0.150906       0.255713       0.237955      -0.001169       0.012823       0.017284
      14.749500       0.593100       0.150493       0.256410       0.237717      -0.000952       0.012636       0.017232
      14.799500       0.592835       0.150063       0.257105       0.237463      -0.000734       0.012450       0.017191
      14.849500       0.592587       0.149617       0.257798       0.237191      -0.000544       0.012266       0.017160
      14.899500       0.592352       0.149159       0.258491       0.236905      -0.000426       0.012085       0.017135
      14.949500       0.592123       0.148696       0.259183       0.236614      -0.000420       0.011906       0.017114
      14.999500       0.591889       0.148239       0.259874       0.236328      -0.000555       0.011729       0.017094
      15.049500       0.591638       0.147800       0.260564       0.236059      -0.000830       0.011554       0.017078
      15.099500       0.591361       0.147388       0.261253       0.235816      -0.001222       0.011382       0.017065
      15.149500       0.591048       0.147013       0.261941       0.235607      -0.001693       0.011215       0.017059
      15.199500       0.590695       0.146679       0.262628       0.235436      -0.002209       0.011052       0.017062
      15.249500       0.590299       0.146389       0.263315       0.235309      -0.002751       0.010899       0.017074
      15.299500       0.589859       0.146143       0.264001       0.235228      -0.003310       0.010756       0.017090
      15.349500       0.589373       0.145944       0.264686       0.235194      -0.003881       0.010627       0.017108
      15.399500       0.588840       0.145792       0.265370       0.235207      -0.004445       0.010511       0.017120
      15.449500       0.588264       0.145684       0.266054       0.235260      -0.004961       0.010404       0.017125
      15.499500       0.587651       0.145615       0.266737       0.235340      -0.005366       0.010301       0.017125
      15.549500       0.587011       0.145572       0.267420       0.235431      -0.005603       0.010200       0.017123
      15.599500       0.586360       0.145541       0.268102       0.235514      -0.005640       0.010102       0.017124
      15.649500       0.585713       0.145505       0.268784       0.235574      -0.005493       0.010008       0.017127
      15.699500       0.585085       0.145452       0.269466       0.235603      -0.005220       0.009917       0.017126
      15.749500       0.584481       0.145373       0.270149       0.235600      -0.004913       0.009824       0.017117
      15.799500       0.583901       0.145271       0.270831       0.235569      -0.004657       0.009723       0.017102
      15.849500       0.583337       0.145153       0.271512       0.235521      -0.004504       0.009613       0.017087
      15.899500       0.582782       0.145027       0.272194       0.235463      -0.004452       0.009498       0.017080
      15.949500       0.582229       0.144899       0.272875       0.235400      -0.004455       0.009387       0.017083
      15.999500       0.581676       0.144771       0.273555       0.235329      -0.004447       0.009286       0.017089
      16.049500       0.581127       0.144640       0.274236       0.235247      -0.004378       0.009194       0.017089
      16.099500       0.580586       0.144501       0.274916       0.235146      -0.004240       0.009104       0.017077
      16.149500       0.580058       0.144349       0.275596       0.235023      -0.004069       0.009008       0.017054
      16.199500       0.579544       0.144185       0.276275       0.234880      -0.003926       0.008906       0.017024
      16.249500       0.579038       0.144012       0.276953       0.234725      -0.003867       0.008801       0.016989
      16.299500       0.578532       0.143841       0.277630       0.234569      -0.003913       0.008698       0.016947
      16.349500       0.578019       0.143678       0.278305       0.234419      -0.004046       0.008597       0.016894
      16.399500       0.577494       0.143530       0.278979       0.234283      -0.004215       0.008493       0.016826
      16.449500       0.576955       0.143397       0.279651       0.234162      -0.004361       0.008375       0.016748
      16.499500       0.576406       0.143277       0.280320       0.234056      -0.004445       0.008237       0.016671
      16.549500       0.575854       0.143162       0.280987       0.233962      -0.004459       0.008083       0.016607
      16.599500       0.575303       0.143048       0.281652       0.233875      -0.004427       0.007922       0.016565
      16.649500       0.574755       0.142932       0.282316       0.233791      -0.004392       0.007765       0.016543
      16.699500       0.574208       0.142815       0.282979       0.233706      -0.004394       0.007619       0.016535
      16.749500       0.573660       0.142700       0.283642       0.233622      -0.004454       0.007484       0.016532
      16.799500       0.573105       0.142593       0.284305       0.233544      -0.004566       0.007358       0.016532
      16.849500       0.572540       0.142496       0.284967       0.233476      -0.004703       0.007240       0.016532
      16.899500       0.571965       0.142410       0.285628       0.233421      -0.004829       0.007129       0.016533
      16.949500       0.571381       0.142333       0.286289       0.233376      -0.004907       0.007027       0.016533
      16.999500       0.570794       0.142260       0.286949       0.233337      -0.004910       0.006931       0.016531
      17.049500       0.570212       0.142183       0.287609       0.233294      -0.004817       0.006839       0.016525
      17.099500       0.569641       0.142093       0.288268       0.233241      -0.004608       0.006747       0.016516
      17.149500       0.569094       0.141982       0.288927       0.233168      -0.004267       0.006651       0.016508
      17.199500       0.568580       0.141837       0.289587       0.233069      -0.003785       0.006554       0.016504
      17.249500       0.568110       0.141646       0.290247       0.232934      -0.003180       0.006456       0.016503
      17.299500       0.567693       0.141402       0.290907       0.232753      -0.002498       0.006361       0.016503
      17.349500       0.567333       0.141101       0.291569       0.232520      -0.001822       0.006269       0.016498
      17.399500       0.567024       0.140749       0.292230       0.232235      -0.001249       0.006181       0.016482
      17.449500       0.566754       0.140357       0.292892       0.231912      -0.000867       0.006094       0.016449
      17.499500       0.566506       0.139944       0.293553       0.231569      -0.000725       0.006004       0.016398
      17.549500       0.566260       0.139532       0.294212       0.231230      -0.000820       0.005908       0.016331
      17.599500       0.565998       0.139137       0.294868       0.230914      -0.001097       0.005802       0.016253
      17.649500       0.565709       0.138772       0.295521       0.230635      -0.001473       0.005682       0.016166
      17.699500       0.565389       0.138443       0.296171       0.230397      -0.001867       0.005547       0.016077
      17.749500       0.565038       0.138147       0.296818       0.230196      -0.002227       0.005396       0.015991
      17.799500       0.564660       0.137881       0.297462       0.230022      -0.002542       0.005229       0.015915
      17.849500       0.564258       0.137642       0.298103       0.229868      -0.002830       0.005050       0.015852
      17.899500       0.563832       0.137429       0.298742       0.229730      -0.003120       0.004866       0.015805
      17.949500       0.563383       0.137241       0.299379       0.229609      -0.003423       0.004682       0.015775
      17.999500       0.562909       0.137079       0.300015       0.229509      -0.003721       0.004503       0.015762
      18.049500       0.562413       0.136940       0.300650       0.229431      -0.003974       0.004333       0.015762
      18.099500       0.561900       0.136818       0.301285       0.229372      -0.004139       0.004173       0.015772
      18.149500       0.561378       0.136705       0.301920       0.229323      -0.004191       0.004018       0.015785
      18.199500       0.560857       0.136592       0.302554       0.229274      -0.004142       0.003867       0.015801
      18.249500       0.560343       0.136471       0.303189       0.229214      -0.004033       0.003717       0.015818
      18.299500       0.559839       0.136340       0.303824       0.229138      -0.003914       0.003570       0.015836
      18.349500       0.559344       0.136199       0.304460       0.229046      -0.003821       0.003427       0.015859
      18.399500       0.558855       0.136052       0.305096       0.228942      -0.003756       0.003290       0.015888
      18.449500       0.558372       0.135898       0.305733       0.228832      -0.003685       0.003161       0.015923
      18.499500       0.557897       0.135735       0.306371       0.228712      -0.003557       0.003041       0.015966
      18.549500       0.557437       0.135556       0.307010       0.228577      -0.003338       0.002929       0.016017
      18.599500       0.556998       0.135354       0.307651       0.228417      -0.003031       0.002828       0.016074
      18.649500       0.556586       0.135123       0.308294       0.228228      -0.002685       0.002742       0.016133
      18.699500       0.556202       0.134863       0.308938       0.228012      -0.002379       0.002672       0.016183
      18.749500       0.555839       0.134581       0.309584       0.227779      -0.002193       0.002620       0.016217
      18.799500       0.555483       0.134289       0.310230       0.227547      -0.002184       0.002580       0.016225
      18.849500       0.555121       0.134005       0.310877       0.227328      -0.002361       0.002543       0.016205
      18.899500       0.554738       0.133743       0.311522       0.227135      -0.002691       0.002497       0.016160
      18.949500       0.554324       0.133515       0.312165       0.226972      -0.003112       0.002437       0.016101
      18.999500       0.553874       0.133324       0.312805       0.226841      -0.003556       0.002364       0.016038
      19.049500       0.553389       0.133171       0.313444       0.226740      -0.003968       0.002282       0.015979
      19.099500       0.552872       0.133050       0.314080       0.226662      -0.004317       0.002196       0.015926
      19.149500       0.552331       0.132958       0.314715       0.226604      -0.004594       0.002108       0.015879
      19.199500       0.551769       0.132886       0.315348       0.226564      -0.004804       0.002017       0.015838
      19.249500       0.551193       0.132831       0.315980       0.226538      -0.004954       0.001924       0.015803
      19.299500       0.550607       0.132786       0.316610       0.226526      -0.005048       0.001829       0.015773
      19.349500       0.550016       0.132748       0.317240       0.226525      -0.005090       0.001731       0.015747
      19.399500       0.549423       0.132712       0.317868       0.226529      -0.005090       0.001635       0.015729
      19.449500       0.548831       0.132676       0.318496       0.226535      -0.005064       0.001542       0.015717
      19.499500       0.548242       0.132637       0.319124       0.226538      -0.005033       0.001457       0.015709
      19.549500       0.547656       0.132596       0.319752       0.226530      -0.005008       0.001379       0.015700
      19.599500       0.547072       0.132553       0.320378       0.226511      -0.004988       0.001304       0.015683
      19.649500       0.546490       0.132509       0.321004       0.226479      -0.004950       0.001227       0.015658
      19.699500       0.545913       0.132461       0.321629       0.226433      -0.004862       0.001145       0.015628
      19.749500       0.545347       0.132404       0.322253       0.226373      -0.004690       0.001058       0.015601
      19.799500       0.544799       0.132328       0.322876       0.226296      -0.004425       0.000971       0.015578
      19.849500       0.544277       0.132229       0.323498       0.226197      -0.004086       0.000884       0.015558
      19.899500       0.543784       0.132100       0.324119       0.226073      -0.003718       0.000799       0.015540
      19.949500       0.543321       0.131942       0.324740       0.225923      -0.003372       0.000714       0.015519
      19.999500       0.542885       0.131758       0.325361       0.225751      -0.003085       0.000631       0.015494
