       0.024750       0.997786       0.002214       0.000888       0.046298
       0.049750       0.991245       0.008755       0.004137       0.092330
       0.074750       0.980447       0.019553       0.009356       0.136508
       0.099750       0.965607       0.034393       0.016273       0.177993
       0.124750       0.947016       0.052984       0.024545       0.216045
       0.149750       0.925025       0.074975       0.033792       0.250046
       0.174750       0.900042       0.099958       0.043621       0.279508
       0.199750       0.872512       0.127489       0.053654       0.304077
       0.224750       0.842906       0.157094       0.063549       0.323529
       0.249750       0.811713       0.188287       0.073010       0.337766
       0.274750       0.779424       0.220576       0.081789       0.346800
       0.299750       0.746525       0.253475       0.089684       0.350747
       0.324750       0.713486       0.286514       0.096542       0.349810
       0.349750       0.680755       0.319246       0.102244       0.344271
       0.374750       0.648749       0.351252       0.106707       0.334477
       0.399750       0.617850       0.382150       0.109881       0.320825
       0.424750       0.588403       0.411597       0.111747       0.303753
       0.449750       0.560707       0.439293       0.112316       0.283725
       0.474750       0.535018       0.464982       0.111627       0.261223
       0.499750       0.511547       0.488453       0.109749       0.236729
       0.524750       0.490459       0.509541       0.106773       0.210721
       0.549750       0.471874       0.528126       0.102813       0.183664
       0.574750       0.455870       0.544130       0.097997       0.156002
       0.599750       0.442484       0.557516       0.092459       0.128153
       0.624750       0.431715       0.568285       0.086337       0.100506
       0.649750       0.423528       0.576472       0.079764       0.073419
       0.674750       0.417853       0.582147       0.072864       0.047219
       0.699750       0.414593       0.585407       0.065748       0.022198
       0.724750       0.413625       0.586375       0.058514      -0.001387
       0.749750       0.414802       0.585198       0.051250      -0.023309
       0.774750       0.417959       0.582041       0.044029      -0.043378
       0.799750       0.422913       0.577087       0.036915      -0.061438
       0.824750       0.429469       0.570531       0.029967      -0.077366
       0.849750       0.437421       0.562579       0.023236      -0.091074
       0.874750       0.446559       0.553442       0.016769      -0.102506
       0.899750       0.456665       0.543336       0.010608      -0.111641
       0.924750       0.467523       0.532477       0.004791      -0.118488
       0.949750       0.478921       0.521080      -0.000654      -0.123086
       0.974750       0.490648       0.509353      -0.005706      -0.125498
       0.999750       0.502503       0.497498      -0.010353      -0.125816
       1.024750       0.514293       0.485707      -0.014589      -0.124149
       1.049750       0.525838       0.474162      -0.018419      -0.120627
       1.074750       0.536969       0.463031      -0.021851      -0.115397
       1.099750       0.547533       0.452467      -0.024897      -0.108617
       1.124750       0.557392       0.442608      -0.027570      -0.100458
       1.149750       0.566425       0.433575      -0.029887      -0.091102
       1.174750       0.574527       0.425473      -0.031864      -0.080732
       1.199750       0.581612       0.418389      -0.033516      -0.069540
       1.224750       0.587611       0.412390      -0.034861      -0.057716
       1.249750       0.592473       0.407527      -0.035920      -0.045453
       1.274750       0.596168       0.403833      -0.036717      -0.032940
       1.299750       0.598678       0.401322      -0.037276      -0.020361
       1.324750       0.600008       0.399993      -0.037629      -0.007894
       1.349750       0.600174       0.399826      -0.037806       0.004295
       1.374750       0.599212       0.400788      -0.037840       0.016054
       1.399750       0.597167       0.402833      -0.037764       0.027242
       1.424750       0.594100       0.405900      -0.037606       0.037738
       1.449750       0.590082       0.409919      -0.037395       0.047433
       1.474750       0.585191       0.414810      -0.037157       0.056239
       1.499750       0.579515       0.420485      -0.036915       0.064080
       1.524750       0.573148       0.426852      -0.036692       0.070899
       1.549750       0.566189       0.433812      -0.036510       0.076653
       1.574750       0.558739       0.441262      -0.036392       0.081315
       1.599750       0.550901       0.449099      -0.036360       0.084871
       1.624750       0.542781       0.457219      -0.036437       0.087323
       1.649750       0.534481       0.465519      -0.036646       0.088685
       1.674750       0.526104       0.473897      -0.037005       0.088984
       1.699750       0.517746       0.482254      -0.037533       0.088263
       1.724750       0.509502       0.490498      -0.038240       0.086577
       1.749750       0.501461       0.498540      -0.039133       0.083992
       1.774750       0.493702       0.506299      -0.040211       0.080585
       1.799750       0.486299       0.513701      -0.041467       0.076442
       1.824750       0.479318       0.520683      -0.042893       0.071657
       1.849750       0.472814       0.527187      -0.044473       0.066326
       1.874750       0.466834       0.533166      -0.046194       0.060547
       1.899750       0.461416       0.538585      -0.048043       0.054420
       1.924750       0.456587       0.543413      -0.050008       0.048044
       1.949750       0.452368       0.547633      -0.052077       0.041516
       1.974750       0.448766       0.551234      -0.054241       0.034929
       1.999750       0.445785       0.554215      -0.056489       0.028376
       2.024750       0.443416       0.556585      -0.058809       0.021941
       2.049750       0.441644       0.558356      -0.061185       0.015701
       2.074750       0.440449       0.559551      -0.063602       0.009725
       2.099750       0.439802       0.560199      -0.066042       0.004071
       2.124750       0.439670       0.560330      -0.068487      -0.001211
       2.149750       0.440017       0.559983      -0.070919      -0.006080
       2.174750       0.440802       0.559199      -0.073321      -0.010503
       2.199750       0.441981       0.558019      -0.075678      -0.014451
       2.224750       0.443509       0.556491      -0.077977      -0.017899
       2.249750       0.445338       0.554663      -0.080208      -0.020828
       2.274750       0.447417       0.552584      -0.082361      -0.023220
       2.299750       0.449696       0.550305      -0.084433      -0.025064
       2.324750       0.452122       0.547878      -0.086420      -0.026354
       2.349750       0.454644       0.545356      -0.088320      -0.027091
       2.374750       0.457210       0.542790      -0.090132      -0.027284
       2.399750       0.459769       0.540231      -0.091856      -0.026952
       2.424750       0.462273       0.537727      -0.093491      -0.026123
       2.449750       0.464677       0.535324      -0.095034      -0.024833
       2.474750       0.466939       0.533061      -0.096486      -0.023128
       2.499750       0.469023       0.530977      -0.097844      -0.021059
       2.524750       0.470898       0.529103      -0.099109      -0.018683
       2.549750       0.472536       0.527464      -0.100284      -0.016063
       2.574750       0.473919       0.526082      -0.101372      -0.013258
       2.599750       0.475030       0.524970      -0.102378      -0.010329
       2.624750       0.475863       0.524138      -0.103310      -0.007333
       2.649750       0.476412       0.523589      -0.104174      -0.004319
       2.674750       0.476677       0.523323      -0.104978      -0.001332
       2.699750       0.476665       0.523336      -0.105733       0.001592
       2.724750       0.476380       0.523620      -0.106446       0.004426
       2.749750       0.475834       0.524166      -0.107125       0.007148
       2.774750       0.475037       0.524963      -0.107776       0.009743
       2.799750       0.474003       0.525998      -0.108402       0.012198
       2.824750       0.472744       0.527257      -0.109004       0.014500
       2.849750       0.471276       0.528725      -0.109585       0.016637
       2.874750       0.469615       0.530386      -0.110144       0.018593
       2.899750       0.467778       0.532222      -0.110684       0.020351
       2.924750       0.465787       0.534214      -0.111207       0.021893
       2.949750       0.463660       0.536340      -0.111718       0.023200
       2.974750       0.461423       0.538577      -0.112222       0.024253
       2.999750       0.459099       0.540902      -0.112727       0.025037
       3.024750       0.456714       0.543286      -0.113242       0.025541
       3.049750       0.454295       0.545705      -0.113775       0.025758
       3.074750       0.451869       0.548131      -0.114338       0.025688
       3.099750       0.449463       0.550537      -0.114939       0.025340
       3.124750       0.447103       0.552898      -0.115584       0.024728
       3.149750       0.444812       0.555189      -0.116279       0.023873
       3.174750       0.442611       0.557389      -0.117024       0.022803
       3.199750       0.440521       0.559480      -0.117817       0.021547
       3.224750       0.438556       0.561444      -0.118653       0.020138
       3.249750       0.436730       0.563271      -0.119524       0.018610
       3.274750       0.435052       0.564948      -0.120420       0.016993
       3.299750       0.433530       0.566471      -0.121333       0.015317
       3.324750       0.432167       0.567834      -0.122257       0.013609
       3.349750       0.430966       0.569035      -0.123186       0.011892
       3.374750       0.429926       0.570075      -0.124122       0.010187
       3.399750       0.429045       0.570955      -0.125067       0.008515
       3.424750       0.428320       0.571681      -0.126024       0.006894
       3.449750       0.427744       0.572257      -0.126998       0.005343
       3.474750       0.427310       0.572690      -0.127990       0.003880
       3.499750       0.427009       0.572991      -0.129001       0.002524
       3.524750       0.426831       0.573170      -0.130025       0.001290
       3.549750       0.426762       0.573238      -0.131058       0.000193
       3.574750       0.426790       0.573211      -0.132089      -0.000758
       3.599750       0.426900       0.573101      -0.133110      -0.001555
       3.624750       0.427078       0.572922      -0.134112      -0.002199
       3.649750       0.427310       0.572691      -0.135086      -0.002692
       3.674750       0.427581       0.572420      -0.136026      -0.003046
       3.699750       0.427879       0.572121      -0.136929      -0.003272
       3.724750       0.428194       0.571806      -0.137792      -0.003389
       3.749750       0.428515       0.571485      -0.138616      -0.003415
       3.774750       0.428835       0.571165      -0.139404      -0.003367
       3.799750       0.429148       0.570853      -0.140160      -0.003261
       3.824750       0.429448       0.570552      -0.140890      -0.003106
       3.849750       0.429732       0.570269      -0.141599      -0.002906
       3.874750       0.429994       0.570006      -0.142290      -0.002659
       3.899750       0.430231       0.569770      -0.142968      -0.002357
       3.924750       0.430436       0.569564      -0.143633      -0.001988
       3.949750       0.430603       0.569398      -0.144285      -0.001539
       3.974750       0.430723       0.569277      -0.144922      -0.000998
       3.999750       0.430788       0.569213      -0.145541      -0.000355
       4.024750       0.430787       0.569214      -0.146140       0.000393
       4.049750       0.430711       0.569290      -0.146714       0.001242
       4.074750       0.430550       0.569450      -0.147259       0.002178
       4.099750       0.430298       0.569703      -0.147773       0.003181
       4.124750       0.429949       0.570051      -0.148255       0.004222
       4.149750       0.429502       0.570498      -0.148703       0.005266
       4.174750       0.428958       0.571042      -0.149123       0.006275
       4.199750       0.428322       0.571678      -0.149518       0.007211
       4.224750       0.427603       0.572398      -0.149894       0.008038
       4.249750       0.426812       0.573188      -0.150259       0.008725
       4.274750       0.425964       0.574036      -0.150617       0.009249
       4.299750       0.425075       0.574926      -0.150975       0.009595
       4.324750       0.424162       0.575839      -0.151335       0.009759
       4.349750       0.423242       0.576759      -0.151699       0.009747
       4.374750       0.422330       0.577670      -0.152071       0.009574
       4.399750       0.421442       0.578559      -0.152451       0.009264
       4.424750       0.420588       0.579413      -0.152843       0.008846
       4.449750       0.419778       0.580223      -0.153250       0.008351
       4.474750       0.419016       0.580985      -0.153675       0.007811
       4.499750       0.418306       0.581694      -0.154122       0.007256
       4.524750       0.417648       0.582352      -0.154592       0.006709
       4.549750       0.417041       0.582960      -0.155083       0.006191
       4.574750       0.416481       0.583520      -0.155590       0.005713
       4.599750       0.415963       0.584038      -0.156106       0.005282
       4.624750       0.415484       0.584517      -0.156623       0.004895
       4.649750       0.415039       0.584961      -0.157132       0.004549
       4.674750       0.414626       0.585375      -0.157626       0.004235
       4.699750       0.414241       0.585760      -0.158104       0.003942
       4.724750       0.413883       0.586118      -0.158564       0.003664
       4.749750       0.413550       0.586451      -0.159009       0.003396
       4.774750       0.413242       0.586758      -0.159445       0.003135
       4.799750       0.412959       0.587042      -0.159876       0.002883
       4.824750       0.412699       0.587302      -0.160306       0.002646
       4.849750       0.412460       0.587541      -0.160738       0.002429
       4.874750       0.412240       0.587760      -0.161171       0.002237
       4.899750       0.412037       0.587963      -0.161606       0.002077
       4.924750       0.411848       0.588153      -0.162037       0.001947
       4.949750       0.411670       0.588331      -0.162465       0.001844
       4.974750       0.411500       0.588501      -0.162886       0.001761
       4.999750       0.411337       0.588663      -0.163302       0.001687
       5.024750       0.411182       0.588819      -0.163714       0.001610
       5.049750       0.411035       0.588966      -0.164126       0.001520
       5.074750       0.410897       0.589104      -0.164538       0.001405
       5.099750       0.410771       0.589230      -0.164951       0.001259
       5.124750       0.410660       0.589340      -0.165365       0.001078
       5.149750       0.410569       0.589432      -0.165778       0.000861
       5.174750       0.410499       0.589502      -0.166190       0.000615
       5.199750       0.410454       0.589547      -0.166599       0.000351
       5.224750       0.410433       0.589568      -0.167008       0.000087
       5.249750       0.410436       0.589564      -0.167416      -0.000155
       5.274750       0.410461       0.589540      -0.167823      -0.000349
       5.299750       0.410500       0.589501      -0.168230      -0.000470
       5.324750       0.410546       0.589454      -0.168632      -0.000496
       5.349750       0.410590       0.589411      -0.169026      -0.000409
       5.374750       0.410619       0.589381      -0.169406      -0.000200
       5.399750       0.410624       0.589377      -0.169769       0.000131
       5.424750       0.410591       0.589409      -0.170109       0.000576
       5.449750       0.410512       0.589489      -0.170424       0.001119
       5.474750       0.410378       0.589623      -0.170712       0.001734
       5.499750       0.410184       0.589817      -0.170969       0.002393
       5.524750       0.409927       0.590074      -0.171196       0.003063
       5.549750       0.409607       0.590393      -0.171392       0.003712
       5.574750       0.409229       0.590772      -0.171561       0.004308
       5.599750       0.408798       0.591203      -0.171707       0.004825
       5.624750       0.408323       0.591678      -0.171839       0.005242
       5.649750       0.407814       0.592187      -0.171967       0.005544
       5.674750       0.407282       0.592718      -0.172102       0.005724
       5.699750       0.406739       0.593261      -0.172256       0.005783
       5.724750       0.406196       0.593804      -0.172436       0.005725
       5.749750       0.405664       0.594337      -0.172647       0.005560
       5.774750       0.405151       0.594849      -0.172888       0.005301
       5.799750       0.404667       0.595333      -0.173159       0.004961
       5.824750       0.404219       0.595782      -0.173454       0.004555
       5.849750       0.403811       0.596190      -0.173767       0.004096
       5.874750       0.403448       0.596553      -0.174095       0.003600
       5.899750       0.403133       0.596868      -0.174432       0.003083
       5.924750       0.402867       0.597133      -0.174777       0.002562
       5.949750       0.402650       0.597351      -0.175126       0.002054
       5.974750       0.402479       0.597521      -0.175478       0.001577
       5.999750       0.402351       0.597649      -0.175831       0.001150
       6.024750       0.402260       0.597740      -0.176183       0.000790
       6.049750       0.402200       0.597801      -0.176532       0.000514
       6.074750       0.402161       0.597840      -0.176878       0.000335
       6.099750       0.402133       0.597868      -0.177215       0.000265
       6.124750       0.402107       0.597894      -0.177538       0.000308
       6.149750       0.402072       0.597929      -0.177843       0.000461
       6.174750       0.402017       0.597984      -0.178122       0.000713
       6.199750       0.401935       0.598066      -0.178369       0.001042
       6.224750       0.401819       0.598182      -0.178582       0.001421
       6.249750       0.401667       0.598334      -0.178759       0.001818
       6.274750       0.401477       0.598524      -0.178904       0.002196
       6.299750       0.401254       0.598746      -0.179019       0.002522
       6.324750       0.401004       0.598996      -0.179115       0.002768
       6.349750       0.400736       0.599265      -0.179200       0.002912
       6.374750       0.400459       0.599541      -0.179284       0.002943
       6.399750       0.400185       0.599816      -0.179379       0.002863
       6.424750       0.399923       0.600078      -0.179492       0.002681
       6.449750       0.399682       0.600318      -0.179630       0.002418
       6.474750       0.399469       0.600531      -0.179797       0.002099
       6.499750       0.399288       0.600713      -0.179996       0.001754
       6.524750       0.399139       0.600862      -0.180224       0.001412
       6.549750       0.399021       0.600980      -0.180479       0.001097
       6.574750       0.398930       0.601070      -0.180755       0.000830
       6.599750       0.398862       0.601138      -0.181046       0.000625
       6.624750       0.398810       0.601190      -0.181344       0.000487
       6.649750       0.398768       0.601232      -0.181642       0.000415
       6.674750       0.398731       0.601270      -0.181934       0.000397
       6.699750       0.398692       0.601308      -0.182214       0.000420
       6.724750       0.398651       0.601350      -0.182481       0.000463
       6.749750       0.398605       0.601396      -0.182734       0.000509
       6.774750       0.398555       0.601445      -0.182974       0.000538
       6.799750       0.398504       0.601496      -0.183205       0.000541
       6.824750       0.398454       0.601546      -0.183429       0.000514
       6.849750       0.398408       0.601592      -0.183651       0.000462
       6.874750       0.398368       0.601633      -0.183873       0.000398
       6.899750       0.398333       0.601668      -0.184095       0.000342
       6.924750       0.398302       0.601698      -0.184315       0.000318
       6.949750       0.398271       0.601729      -0.184528       0.000349
       6.974750       0.398234       0.601767      -0.184730       0.000454
       6.999750       0.398183       0.601818      -0.184912       0.000649
       7.024750       0.398109       0.601892      -0.185067       0.000940
       7.049750       0.398003       0.601998      -0.185188       0.001322
       7.074750       0.397858       0.602143      -0.185269       0.001779
       7.099750       0.397666       0.602335      -0.185306       0.002286
       7.124750       0.397426       0.602575      -0.185299       0.002808
       7.149750       0.397138       0.602863      -0.185254       0.003305
       7.174750       0.396805       0.603195      -0.185179       0.003740
       7.199750       0.396436       0.603565      -0.185089       0.004077
       7.224750       0.396041       0.603960      -0.185000       0.004289
       7.249750       0.395632       0.604368      -0.184928       0.004361
       7.274750       0.395224       0.604777      -0.184889       0.004287
       7.299750       0.394829       0.605172      -0.184891       0.004072
       7.324750       0.394461       0.605540      -0.184941       0.003730
       7.349750       0.394130       0.605871      -0.185037       0.003282
       7.374750       0.393845       0.606156      -0.185178       0.002751
       7.399750       0.393613       0.606388      -0.185358       0.002164
       7.424750       0.393438       0.606563      -0.185573       0.001546
       7.449750       0.393322       0.606679      -0.185816       0.000925
       7.474750       0.393263       0.606738      -0.186084       0.000323
       7.499750       0.393260       0.606741      -0.186371      -0.000238
       7.524750       0.393306       0.606695      -0.186674      -0.000739
       7.549750       0.393396       0.606604      -0.186988      -0.001165
       7.574750       0.393523       0.606478      -0.187307      -0.001504
       7.599750       0.393677       0.606324      -0.187626      -0.001749
       7.624750       0.393849       0.606151      -0.187937      -0.001895
       7.649750       0.394031       0.605970      -0.188232      -0.001942
       7.674750       0.394212       0.605789      -0.188505      -0.001891
       7.699750       0.394384       0.605616      -0.188749      -0.001748
       7.724750       0.394539       0.605462      -0.188956      -0.001520
       7.749750       0.394669       0.605332      -0.189123      -0.001216
       7.774750       0.394766       0.605235      -0.189248      -0.000846
       7.799750       0.394826       0.605175      -0.189334      -0.000421
       7.824750       0.394844       0.605157      -0.189383       0.000045
       7.849750       0.394817       0.605184      -0.189401       0.000538
       7.874750       0.394742       0.605258      -0.189394       0.001042
       7.899750       0.394621       0.605380      -0.189366       0.001538
       7.924750       0.394454       0.605547      -0.189324       0.002006
       7.949750       0.394244       0.605757      -0.189272       0.002424
       7.974750       0.393999       0.606002      -0.189215       0.002771
       7.999750       0.393725       0.606276      -0.189159       0.003030
       8.024750       0.393431       0.606570      -0.189111       0.003188
       8.049750       0.393128       0.606873      -0.189075       0.003239
       8.074750       0.392824       0.607177      -0.189058       0.003183
       8.099750       0.392531       0.607470      -0.189065       0.003029
       8.124750       0.392256       0.607745      -0.189098       0.002790
       8.149750       0.392007       0.607994      -0.189159       0.002485
       8.174750       0.391789       0.608212      -0.189247       0.002132
       8.199750       0.391606       0.608395      -0.189363       0.001749
       8.224750       0.391460       0.608541      -0.189506       0.001355
       8.249750       0.391351       0.608650      -0.189675       0.000964
       8.274750       0.391278       0.608723      -0.189870       0.000590
       8.299750       0.391239       0.608762      -0.190089       0.000243
       8.324750       0.391231       0.608770      -0.190330      -0.000068
       8.349750       0.391250       0.608751      -0.190588      -0.000336
       8.374750       0.391293       0.608708      -0.190853      -0.000559
       8.399750       0.391354       0.608647      -0.191118      -0.000736
       8.424750       0.391430       0.608571      -0.191371      -0.000867
       8.449750       0.391516       0.608485      -0.191604      -0.000955
       8.474750       0.391609       0.608392      -0.191808      -0.001003
       8.499750       0.391704       0.608297      -0.191978      -0.001012
       8.524750       0.391798       0.608203      -0.192114      -0.000982
       8.549750       0.391888       0.608113      -0.192215      -0.000908
       8.574750       0.391968       0.608033      -0.192285      -0.000787
       8.599750       0.392034       0.607967      -0.192326      -0.000613
       8.624750       0.392082       0.607919      -0.192343      -0.000383
       8.649750       0.392105       0.607896      -0.192339      -0.000097
       8.674750       0.392098       0.607903      -0.192317       0.000243
       8.699750       0.392058       0.607943      -0.192278       0.000628
       8.724750       0.391979       0.608022      -0.192222       0.001043
       8.749750       0.391861       0.608140      -0.192148       0.001469
       8.774750       0.391703       0.608298      -0.192059       0.001883
       8.799750       0.391507       0.608494      -0.191959       0.002260
       8.824750       0.391279       0.608722      -0.191854       0.002575
       8.849750       0.391024       0.608977      -0.191754       0.002812
       8.874750       0.390752       0.609249      -0.191670       0.002956
       8.899750       0.390470       0.609531      -0.191611       0.003006
       8.924750       0.390188       0.609813      -0.191585       0.002967
       8.949750       0.389914       0.610087      -0.191595       0.002851
       8.974750       0.389653       0.610348      -0.191644       0.002678
       8.999750       0.389410       0.610591      -0.191726       0.002469
       9.024750       0.389188       0.610813      -0.191837       0.002246
       9.049750       0.388987       0.611014      -0.191968       0.002031
       9.074750       0.388805       0.611196      -0.192111       0.001837
       9.099750       0.388640       0.611361      -0.192256       0.001672
       9.124750       0.388489       0.611512      -0.192397       0.001536
       9.149750       0.388349       0.611652      -0.192527       0.001419
       9.174750       0.388221       0.611780      -0.192644       0.001307
       9.199750       0.388104       0.611897      -0.192748       0.001177
       9.224750       0.388001       0.612000      -0.192841       0.001008
       9.249750       0.387916       0.612085      -0.192927       0.000778
       9.274750       0.387856       0.612145      -0.193013       0.000471
       9.299750       0.387830       0.612171      -0.193106       0.000078
       9.324750       0.387844       0.612157      -0.193211      -0.000399
       9.349750       0.387907       0.612094      -0.193334      -0.000947
       9.374750       0.388024       0.611977      -0.193478      -0.001541
       9.399750       0.388198       0.611803      -0.193644      -0.002147
       9.424750       0.388428       0.611573      -0.193830      -0.002724
       9.449750       0.388709       0.611292      -0.194032      -0.003228
       9.474750       0.389032       0.610969      -0.194247      -0.003616
       9.499750       0.389385       0.610616      -0.194466      -0.003848
       9.524750       0.389752       0.610249      -0.194684      -0.003895
       9.549750       0.390113       0.609888      -0.194890      -0.003737
       9.574750       0.390449       0.609552      -0.195074      -0.003368
       9.599750       0.390741       0.609260      -0.195227      -0.002796
       9.624750       0.390970       0.609031      -0.195336      -0.002046
       9.649750       0.391122       0.608879      -0.195394      -0.001152
       9.674750       0.391184       0.608817      -0.195392      -0.000159
       9.699750       0.391151       0.608850      -0.195329       0.000880
       9.724750       0.391019       0.608982      -0.195204       0.001914
       9.749750       0.390792       0.609209      -0.195024       0.002891
       9.774750       0.390477       0.609524      -0.194798       0.003765
       9.799750       0.390087       0.609914      -0.194538       0.004499
       9.824750       0.389635       0.610366      -0.194260       0.005065
       9.849750       0.389138       0.610863      -0.193978       0.005445
       9.874750       0.388615       0.611386      -0.193710       0.005629
       9.899750       0.388084       0.611917      -0.193469       0.005620
       9.924750       0.387562       0.612439      -0.193268       0.005423
       9.949750       0.387067       0.612934      -0.193118       0.005053
       9.974750       0.386615       0.613386      -0.193024       0.004530
       9.999750       0.386218       0.613783      -0.192991       0.003876
      10.024750       0.385888       0.614113      -0.193021       0.003115
      10.049750       0.385633       0.614368      -0.193114       0.002275
      10.074750       0.385461       0.614540      -0.193265       0.001384
      10.099750       0.385373       0.614628      -0.193472       0.000471
      10.124750       0.385372       0.614629      -0.193727      -0.000435
      10.149750       0.385454       0.614547      -0.194022      -0.001306
      10.174750       0.385616       0.614385      -0.194349      -0.002114
      10.199750       0.385850       0.614151      -0.194697      -0.002834
      10.224750       0.386146       0.613855      -0.195054      -0.003445
      10.249750       0.386495       0.613506      -0.195408      -0.003927
      10.274750       0.386882       0.613119      -0.195745      -0.004266
      10.299750       0.387294       0.612707      -0.196055      -0.004453
      10.324750       0.387716       0.612285      -0.196322      -0.004485
      10.349750       0.388134       0.611867      -0.196538      -0.004368
      10.374750       0.388535       0.611466      -0.196693      -0.004115
      10.399750       0.388906       0.611095      -0.196785      -0.003747
      10.424750       0.389238       0.610763      -0.196812      -0.003291
      10.449750       0.389524       0.610477      -0.196781      -0.002777
      10.474750       0.389760       0.610241      -0.196700      -0.002233
      10.499750       0.389945       0.610056      -0.196579      -0.001689
      10.524750       0.390079       0.609922      -0.196430      -0.001166
      10.549750       0.390166       0.609835      -0.196267      -0.000683
      10.574750       0.390210       0.609791      -0.196102      -0.000249
      10.599750       0.390215       0.609786      -0.195948       0.000136
      10.624750       0.390185       0.609816      -0.195815       0.000479
      10.649750       0.390125       0.609876      -0.195710       0.000793
      10.674750       0.390036       0.609965      -0.195635       0.001096
      10.699750       0.389919       0.610082      -0.195590       0.001403
      10.724750       0.389771       0.610230      -0.195567       0.001727
      10.749750       0.389592       0.610409      -0.195559       0.002078
      10.774750       0.389379       0.610622      -0.195554       0.002454
      10.799750       0.389129       0.610872      -0.195542       0.002846
      10.824750       0.388843       0.611158      -0.195514       0.003237
      10.849750       0.388520       0.611481      -0.195463       0.003601
      10.874750       0.388166       0.611835      -0.195391       0.003909
      10.899750       0.387787       0.612215      -0.195299       0.004131
      10.924750       0.387391       0.612610      -0.195198       0.004238
      10.949750       0.386992       0.613009      -0.195099       0.004211
      10.974750       0.386602       0.613399      -0.195014       0.004039
      10.999750       0.386236       0.613765      -0.194955       0.003723
      11.024750       0.385905       0.614096      -0.194932       0.003278
      11.049750       0.385621       0.614380      -0.194950       0.002726
      11.074750       0.385394       0.614607      -0.195010       0.002097
      11.099750       0.385228       0.614774      -0.195109       0.001426
      11.124750       0.385125       0.614876      -0.195243       0.000745
      11.149750       0.385087       0.614915      -0.195403       0.000086
      11.174750       0.385108       0.614894      -0.195584      -0.000525
      11.199750       0.385183       0.614818      -0.195777      -0.001070
      11.224750       0.385307       0.614694      -0.195976      -0.001536
      11.249750       0.385470       0.614531      -0.196174      -0.001918
      11.274750       0.385666       0.614335      -0.196362      -0.002221
      11.299750       0.385886       0.614115      -0.196535      -0.002453
      11.324750       0.386126       0.613875      -0.196686      -0.002629
      11.349750       0.386381       0.613621      -0.196812      -0.002767
      11.374750       0.386647       0.613354      -0.196913      -0.002881
      11.399750       0.386923       0.613078      -0.196989      -0.002982
      11.424750       0.387208       0.612793      -0.197043      -0.003073
      11.449750       0.387502       0.612499      -0.197080      -0.003153
      11.474750       0.387802       0.612199      -0.197104      -0.003213
      11.499750       0.388106       0.611895      -0.197119      -0.003236
      11.524750       0.388410       0.611591      -0.197128      -0.003207
      11.549750       0.388708       0.611293      -0.197135      -0.003105
      11.574750       0.388992       0.611009      -0.197140      -0.002912
      11.599750       0.389253       0.610748      -0.197143      -0.002616
      11.624750       0.389482       0.610519      -0.197139      -0.002210
      11.649750       0.389666       0.610335      -0.197124      -0.001694
      11.674750       0.389798       0.610203      -0.197092      -0.001079
      11.699750       0.389867       0.610134      -0.197035      -0.000383
      11.724750       0.389868       0.610133      -0.196951       0.000369
      11.749750       0.389797       0.610204      -0.196840       0.001146
      11.774750       0.389653       0.610349      -0.196703       0.001916
      11.799750       0.389437       0.610564      -0.196549       0.002644
      11.824750       0.389157       0.610845      -0.196387       0.003302
      11.849750       0.388818       0.611183      -0.196226       0.003864
      11.874750       0.388432       0.611569      -0.196077       0.004312
      11.899750       0.388009       0.611992      -0.195946       0.004636
      11.924750       0.387562       0.612439      -0.195837       0.004833
      11.949750       0.387103       0.612898      -0.195752       0.004906
      11.974750       0.386642       0.613360      -0.195690       0.004864
      11.999750       0.386190       0.613812      -0.195650       0.004717
      12.024750       0.385756       0.614245      -0.195631       0.004479
      12.049750       0.385348       0.614653      -0.195630       0.004160
      12.074750       0.384974       0.615027      -0.195648       0.003771
      12.099750       0.384640       0.615362      -0.195684       0.003319
      12.124750       0.384350       0.615651      -0.195738       0.002810
      12.149750       0.384112       0.615889      -0.195810       0.002246
      12.174750       0.383929       0.616072      -0.195899       0.001629
      12.199750       0.383806       0.616195      -0.196004       0.000962
      12.224750       0.383749       0.616252      -0.196125       0.000245
      12.249750       0.383762       0.616240      -0.196264      -0.000514
      12.274750       0.383847       0.616154      -0.196420      -0.001305
      12.299750       0.384008       0.615993      -0.196592      -0.002112
      12.324750       0.384245       0.615756      -0.196779      -0.002912
      12.349750       0.384556       0.615446      -0.196976      -0.003678
      12.374750       0.384936       0.615065      -0.197181      -0.004382
      12.399750       0.385378       0.614623      -0.197389      -0.004994
      12.424750       0.385873       0.614128      -0.197595      -0.005489
      12.449750       0.386408       0.613593      -0.197795      -0.005843
      12.474750       0.386969       0.613032      -0.197987      -0.006038
      12.499750       0.387541       0.612461      -0.198168      -0.006063
      12.524750       0.388106       0.611895      -0.198335      -0.005911
      12.549750       0.388649       0.611352      -0.198484      -0.005585
      12.574750       0.389153       0.610848      -0.198610      -0.005091
      12.599750       0.389603       0.610398      -0.198708      -0.004440
      12.624750       0.389985       0.610016      -0.198770      -0.003652
      12.649750       0.390288       0.609713      -0.198789      -0.002749
      12.674750       0.390501       0.609501      -0.198759      -0.001755
      12.699750       0.390617       0.609384      -0.198675      -0.000700
      12.724750       0.390632       0.609370      -0.198536       0.000387
      12.749750       0.390544       0.609457      -0.198342       0.001475
      12.774750       0.390355       0.609647      -0.198097       0.002533
      12.799750       0.390068       0.609933      -0.197806       0.003531
      12.824750       0.389692       0.610309      -0.197479       0.004437
      12.849750       0.389236       0.610765      -0.197127       0.005223
      12.874750       0.388713       0.611288      -0.196762       0.005861
      12.899750       0.388137       0.611864      -0.196401       0.006327
      12.924750       0.387526       0.612475      -0.196057       0.006602
      12.949750       0.386899       0.613102      -0.195749       0.006672
      12.974750       0.386276       0.613725      -0.195489       0.006532
      12.999750       0.385675       0.614326      -0.195291       0.006186
      13.024750       0.385116       0.614885      -0.195165       0.005650
      13.049750       0.384616       0.615385      -0.195115       0.004947
      13.074750       0.384188       0.615813      -0.195143       0.004110
      13.099750       0.383844       0.616157      -0.195245       0.003177
      13.124750       0.383591       0.616410      -0.195413       0.002192
      13.149750       0.383432       0.616570      -0.195636       0.001198
      13.174750       0.383364       0.616637      -0.195902       0.000240
      13.199750       0.383384       0.616617      -0.196197      -0.000641
      13.224750       0.383482       0.616520      -0.196508      -0.001410
      13.249750       0.383645       0.616356      -0.196822      -0.002040
      13.274750       0.383861       0.616140      -0.197127      -0.002514
      13.299750       0.384114       0.615887      -0.197413      -0.002829
      13.324750       0.384389       0.615612      -0.197669      -0.002993
      13.349750       0.384674       0.615327      -0.197889      -0.003025
      13.374750       0.384956       0.615045      -0.198070      -0.002956
      13.399750       0.385229       0.614772      -0.198212      -0.002822
      13.424750       0.385487       0.614514      -0.198318      -0.002661
      13.449750       0.385731       0.614270      -0.198394      -0.002512
      13.474750       0.385962       0.614039      -0.198447      -0.002404
      13.499750       0.386186       0.613815      -0.198486      -0.002359
      13.524750       0.386409       0.613592      -0.198516      -0.002386
      13.549750       0.386638       0.613364      -0.198543      -0.002483
      13.574750       0.386878       0.613123      -0.198570      -0.002636
      13.599750       0.387135       0.612866      -0.198599      -0.002819
      13.624750       0.387410       0.612592      -0.198629      -0.003003
      13.649750       0.387700       0.612301      -0.198658      -0.003152
      13.674750       0.388001       0.612000      -0.198682      -0.003233
      13.699750       0.388306       0.611695      -0.198696      -0.003215
      13.724750       0.388604       0.611398      -0.198694      -0.003079
      13.749750       0.388882       0.611119      -0.198670      -0.002814
      13.774750       0.389130       0.610871      -0.198622      -0.002421
      13.799750       0.389335       0.610666      -0.198546      -0.001910
      13.824750       0.389487       0.610514      -0.198442      -0.001301
      13.849750       0.389578       0.610423      -0.198311      -0.000619
      13.874750       0.389602       0.610399      -0.198155       0.000108
      13.899750       0.389557       0.610444      -0.197977       0.000848
      13.924750       0.389443       0.610559      -0.197781       0.001575
      13.949750       0.389261       0.610740      -0.197569       0.002261
      13.974750       0.389018       0.610983      -0.197348       0.002886
      13.999750       0.388720       0.611281      -0.197122       0.003436
      14.024750       0.388374       0.611627      -0.196896       0.003901
      14.049750       0.387988       0.612014      -0.196676       0.004282
      14.074750       0.387569       0.612432      -0.196469       0.004579
      14.099750       0.387127       0.612874      -0.196280       0.004798
      14.124750       0.386668       0.613333      -0.196116       0.004944
      14.149750       0.386198       0.613803      -0.195981       0.005022
      14.174750       0.385724       0.614278      -0.195876       0.005034
      14.199750       0.385251       0.614750      -0.195802       0.004978
      14.224750       0.384788       0.615213      -0.195756       0.004849
      14.249750       0.384340       0.615661      -0.195734       0.004641
      14.274750       0.383916       0.616085      -0.195732       0.004344
      14.299750       0.383525       0.616476      -0.195748       0.003950
      14.324750       0.383175       0.616826      -0.195777       0.003454
      14.349750       0.382877       0.617124      -0.195821       0.002855
      14.374750       0.382640       0.617361      -0.195879       0.002158
      14.399750       0.382473       0.617528      -0.195954       0.001374
      14.424750       0.382384       0.617618      -0.196047       0.000520
      14.449750       0.382377       0.617624      -0.196161      -0.000380
      14.474750       0.382456       0.617545      -0.196298      -0.001298
      14.499750       0.382621       0.617380      -0.196458      -0.002207
      14.524750       0.382870       0.617131      -0.196642      -0.003075
      14.549750       0.383198       0.616803      -0.196846      -0.003876
      14.574750       0.383598       0.616403      -0.197066      -0.004586
      14.599750       0.384059       0.615942      -0.197297      -0.005191
      14.624750       0.384572       0.615429      -0.197533      -0.005679
      14.649750       0.385126       0.614875      -0.197769      -0.006049
      14.674750       0.385708       0.614293      -0.197999      -0.006302
      14.699750       0.386310       0.613692      -0.198219      -0.006440
      14.724750       0.386919       0.613083      -0.198424      -0.006470
      14.749750       0.387525       0.612476      -0.198608      -0.006395
      14.774750       0.388120       0.611881      -0.198765      -0.006216
      14.799750       0.388694       0.611308      -0.198889      -0.005933
      14.824750       0.389235       0.610766      -0.198977      -0.005546
      14.849750       0.389735       0.610266      -0.199023      -0.005055
      14.874750       0.390184       0.609817      -0.199028      -0.004459
      14.899750       0.390572       0.609429      -0.198990      -0.003763
      14.924750       0.390890       0.609111      -0.198911      -0.002973
      14.949750       0.391130       0.608871      -0.198793      -0.002099
      14.974750       0.391284       0.608717      -0.198637      -0.001155
      14.999750       0.391346       0.608655      -0.198446      -0.000158
      15.024750       0.391313       0.608689      -0.198224       0.000868
      15.049750       0.391182       0.608819      -0.197975       0.001898
      15.074750       0.390956       0.609046      -0.197702       0.002906
      15.099750       0.390636       0.609365      -0.197410       0.003862
      15.124750       0.390230       0.609771      -0.197107       0.004742
      15.149750       0.389746       0.610255      -0.196797       0.005522
      15.174750       0.389194       0.610808      -0.196488       0.006185
      15.199750       0.388585       0.611417      -0.196185       0.006719
      15.224750       0.387932       0.612069      -0.195895       0.007117
      15.249750       0.387248       0.612753      -0.195624       0.007378
      15.274750       0.386546       0.613455      -0.195378       0.007503
      15.299750       0.385838       0.614163      -0.195165       0.007498
      15.324750       0.385137       0.614864      -0.194989       0.007368
      15.349750       0.384453       0.615548      -0.194853       0.007120
      15.374750       0.383799       0.616202      -0.194758       0.006758
      15.399750       0.383184       0.616818      -0.194701       0.006284
      15.424750       0.382618       0.617383      -0.194680       0.005698
      15.449750       0.382114       0.617888      -0.194690       0.004997
      15.474750       0.381680       0.618321      -0.194729       0.004180
      15.499750       0.381330       0.618672      -0.194796       0.003245
      15.524750       0.381072       0.618929      -0.194891       0.002194
      15.549750       0.380920       0.619082      -0.195017       0.001035
      15.574750       0.380880       0.619121      -0.195175      -0.000215
      15.599750       0.380962       0.619039      -0.195366      -0.001533
      15.624750       0.381170       0.618831      -0.195589      -0.002883
      15.649750       0.381505       0.618496      -0.195842      -0.004225
      15.674750       0.381964       0.618037      -0.196118      -0.005510
      15.699750       0.382540       0.617461      -0.196413      -0.006690
      15.724750       0.383220       0.616781      -0.196718      -0.007715
      15.749750       0.383988       0.616013      -0.197025      -0.008542
      15.774750       0.384822       0.615179      -0.197326      -0.009137
      15.799750       0.385701       0.614300      -0.197611      -0.009478
      15.824750       0.386600       0.613401      -0.197872      -0.009556
      15.849750       0.387494       0.612507      -0.198100      -0.009380
      15.874750       0.388360       0.611641      -0.198286      -0.008968
      15.899750       0.389178       0.610824      -0.198425      -0.008353
      15.924750       0.389929       0.610072      -0.198516      -0.007576
      15.949750       0.390601       0.609400      -0.198559      -0.006678
      15.974750       0.391185       0.608816      -0.198558      -0.005700
      15.999750       0.391674       0.608327      -0.198520      -0.004678
      16.024750       0.392066       0.607935      -0.198449      -0.003643
      16.049750       0.392361       0.607641      -0.198352      -0.002615
      16.074750       0.392559       0.607442      -0.198231      -0.001611
      16.099750       0.392665       0.607336      -0.198088      -0.000638
      16.124750       0.392681       0.607320      -0.197924       0.000300
      16.149750       0.392610       0.607391      -0.197740       0.001203
      16.174750       0.392455       0.607546      -0.197536       0.002074
      16.199750       0.392220       0.607781      -0.197315       0.002913
      16.224750       0.391907       0.608094      -0.197079       0.003722
      16.249750       0.391520       0.608481      -0.196831       0.004495
      16.274750       0.391061       0.608940      -0.196574       0.005226
      16.299750       0.390537       0.609464      -0.196312       0.005899
      16.324750       0.389952       0.610049      -0.196048       0.006497
      16.349750       0.389315       0.610686      -0.195786       0.007001
      16.374750       0.388636       0.611364      -0.195531       0.007388
      16.399750       0.387927       0.612073      -0.195287       0.007639
      16.424750       0.387202       0.612799      -0.195057       0.007737
      16.449750       0.386475       0.613526      -0.194847       0.007672
      16.474750       0.385761       0.614239      -0.194660       0.007440
      16.499750       0.385078       0.614923      -0.194501       0.007045
      16.524750       0.384439       0.615562      -0.194373       0.006501
      16.549750       0.383857       0.616144      -0.194279       0.005826
      16.574750       0.383344       0.616657      -0.194223       0.005049
      16.599750       0.382908       0.617093      -0.194205       0.004198
      16.624750       0.382554       0.617447      -0.194227       0.003308
      16.649750       0.382285       0.617716      -0.194287       0.002409
      16.674750       0.382100       0.617901      -0.194384       0.001533
      16.699750       0.381995       0.618006      -0.194514       0.000704
      16.724750       0.381965       0.618036      -0.194671      -0.000056
      16.749750       0.382003       0.617998      -0.194850      -0.000735
      16.774750       0.382100       0.617900      -0.195045      -0.001327
      16.799750       0.382250       0.617751      -0.195250      -0.001832
      16.824750       0.382443       0.617558      -0.195458      -0.002255
      16.849750       0.382673       0.617328      -0.195663      -0.002608
      16.874750       0.382933       0.617068      -0.195860      -0.002903
      16.899750       0.383218       0.616782      -0.196044      -0.003152
      16.924750       0.383526       0.616475      -0.196210      -0.003370
      16.949750       0.383852       0.616148      -0.196357      -0.003567
      16.974750       0.384197       0.615803      -0.196484      -0.003751
      16.999750       0.384559       0.615442      -0.196594      -0.003929
      17.024750       0.384937       0.615063      -0.196690      -0.004103
      17.049750       0.385332       0.614668      -0.196777      -0.004276
      17.074750       0.385743       0.614257      -0.196857      -0.004447
      17.099750       0.386170       0.613831      -0.196934      -0.004616
      17.124750       0.386613       0.613388      -0.197008      -0.004781
      17.149750       0.387071       0.612930      -0.197080      -0.004941
      17.174750       0.387543       0.612457      -0.197149      -0.005093
      17.199750       0.388030       0.611971      -0.197214      -0.005231
      17.224750       0.388528       0.611472      -0.197274      -0.005349
      17.249750       0.389037       0.610964      -0.197330      -0.005433
      17.274750       0.389550       0.610450      -0.197383      -0.005467
      17.299750       0.390064       0.609936      -0.197432      -0.005430
      17.324750       0.390571       0.609430      -0.197479      -0.005299
      17.349750       0.391059       0.608941      -0.197521      -0.005047
      17.374750       0.391517       0.608483      -0.197554      -0.004651
      17.399750       0.391930       0.608070      -0.197573      -0.004092
      17.424750       0.392283       0.607718      -0.197569      -0.003357
      17.449750       0.392557       0.607443      -0.197535      -0.002443
      17.474750       0.392738       0.607263      -0.197461      -0.001360
      17.499750       0.392809       0.607192      -0.197341      -0.000129
      17.524750       0.392758       0.607242      -0.197170       0.001215
      17.549750       0.392577       0.607423      -0.196943       0.002628
      17.574750       0.392262       0.607738      -0.196664       0.004055
      17.599750       0.391815       0.608186      -0.196335       0.005441
      17.624750       0.391240       0.608760      -0.195964       0.006729
      17.649750       0.390551       0.609449      -0.195562       0.007866
      17.674750       0.389764       0.610236      -0.195140       0.008810
      17.699750       0.388898       0.611102      -0.194713       0.009527
      17.724750       0.387977       0.612024      -0.194293       0.009998
      17.749750       0.387022       0.612978      -0.193896       0.010216
      17.774750       0.386059       0.613941      -0.193533       0.010186
      17.799750       0.385110       0.614890      -0.193215       0.009923
      17.824750       0.384196       0.615804      -0.192950       0.009449
      17.849750       0.383336       0.616665      -0.192745       0.008792
      17.874750       0.382544       0.617456      -0.192604       0.007982
      17.899750       0.381836       0.618165      -0.192529       0.007046
      17.924750       0.381220       0.618780      -0.192519       0.006013
      17.949750       0.380705       0.619295      -0.192571       0.004908
      17.974750       0.380296       0.619704      -0.192681       0.003752
      17.999750       0.379999       0.620001      -0.192843       0.002560
      18.024750       0.379815       0.620185      -0.193051       0.001348
      18.049750       0.379745       0.620255      -0.193298       0.000124
      18.074750       0.379791       0.620209      -0.193579      -0.001098
      18.099750       0.379952       0.620048      -0.193887      -0.002309
      18.124750       0.380225       0.619775      -0.194213      -0.003491
      18.149750       0.380608       0.619392      -0.194550      -0.004626
      18.174750       0.381095       0.618905      -0.194887      -0.005694
      18.199750       0.381678       0.618322      -0.195218      -0.006671
      18.224750       0.382348       0.617651      -0.195536      -0.007533
      18.249750       0.383093       0.616906      -0.195835      -0.008259
      18.274750       0.383900       0.616100      -0.196113      -0.008828
      18.299750       0.384751       0.615248      -0.196368      -0.009227
      18.324750       0.385633       0.614367      -0.196599      -0.009447
      18.349750       0.386526       0.613474      -0.196804      -0.009486
      18.374750       0.387415       0.612585      -0.196981      -0.009350
      18.399750       0.388283       0.611717      -0.197127      -0.009051
      18.424750       0.389115       0.610884      -0.197239      -0.008608
      18.449750       0.389901       0.610099      -0.197313      -0.008047
      18.474750       0.390629       0.609371      -0.197351      -0.007394
      18.499750       0.391292       0.608707      -0.197352      -0.006677
      18.524750       0.391886       0.608114      -0.197322      -0.005918
      18.549750       0.392406       0.607593      -0.197264      -0.005134
      18.574750       0.392853       0.607147      -0.197184      -0.004334
      18.599750       0.393223       0.606777      -0.197082      -0.003520
      18.624750       0.393515       0.606484      -0.196958      -0.002686
      18.649750       0.393728       0.606271      -0.196807      -0.001823
      18.674750       0.393857       0.606142      -0.196624      -0.000922
      18.699750       0.393900       0.606099      -0.196404       0.000023
      18.724750       0.393851       0.606148      -0.196145       0.001014
      18.749750       0.393708       0.606292      -0.195849       0.002047
      18.774750       0.393465       0.606534      -0.195519       0.003111
      18.799750       0.393121       0.606878      -0.195166       0.004190
      18.824750       0.392675       0.607324      -0.194797       0.005261
      18.849750       0.392131       0.607868      -0.194425       0.006297
      18.874750       0.391491       0.608508      -0.194059       0.007271
      18.899750       0.390763       0.609235      -0.193706       0.008150
      18.924750       0.389959       0.610040      -0.193371       0.008906
      18.949750       0.389090       0.610909      -0.193057       0.009511
      18.974750       0.388172       0.611827      -0.192766       0.009939
      18.999750       0.387223       0.612775      -0.192499       0.010168
      19.024750       0.386263       0.613736      -0.192259       0.010184
      19.049750       0.385311       0.614687      -0.192051       0.009979
      19.074750       0.384389       0.615609      -0.191881       0.009556
      19.099750       0.383517       0.616482      -0.191757       0.008927
      19.124750       0.382713       0.617286      -0.191686       0.008112
      19.149750       0.381993       0.618005      -0.191671       0.007138
      19.174750       0.381372       0.618627      -0.191715       0.006036
      19.199750       0.380859       0.619139      -0.191814       0.004838
      19.224750       0.380462       0.619536      -0.191962       0.003574
      19.249750       0.380187       0.619812      -0.192151       0.002271
      19.274750       0.380035       0.619964      -0.192372       0.000956
      19.299750       0.380006       0.619992      -0.192617      -0.000349
      19.324750       0.380100       0.619899      -0.192876      -0.001625
      19.349750       0.380311       0.619687      -0.193147      -0.002851
      19.374750       0.380635       0.619364      -0.193423      -0.004006
      19.399750       0.381063       0.618935      -0.193704      -0.005070
      19.424750       0.381586       0.618412      -0.193986      -0.006021
      19.449750       0.382193       0.617805      -0.194265      -0.006839
      19.474750       0.382870       0.617128      -0.194537      -0.007507
      19.499750       0.383603       0.616395      -0.194793      -0.008011
      19.524750       0.384374       0.615624      -0.195026      -0.008345
      19.549750       0.385170       0.614828      -0.195229      -0.008510
      19.574750       0.385973       0.614025      -0.195396      -0.008513
      19.599750       0.386769       0.613229      -0.195525      -0.008368
      19.624750       0.387546       0.612452      -0.195614      -0.008094
      19.649750       0.388291       0.611707      -0.195665      -0.007712
      19.674750       0.388996       0.611002      -0.195681      -0.007248
      19.699750       0.389655       0.610343      -0.195669      -0.006723
      19.724750       0.390262       0.609736      -0.195633      -0.006160
      19.749750       0.390814       0.609183      -0.195580      -0.005573
      19.774750       0.391311       0.608686      -0.195513      -0.004975
      19.799750       0.391752       0.608246      -0.195434      -0.004369
      19.824750       0.392134       0.607863      -0.195343      -0.003754
      19.849750       0.392459       0.607539      -0.195239      -0.003127
      19.874750       0.392723       0.607275      -0.195120      -0.002481
      19.899750       0.392925       0.607072      -0.194986      -0.001812
      19.924750       0.393063       0.606934      -0.194836      -0.001116
      19.949750       0.393135       0.606863      -0.194675      -0.000393
      19.974750       0.393137       0.606861      -0.194506       0.000350
      19.999750       0.393068       0.606929      -0.194334       0.001103
